118.2	-65.645
118.25	-65.644
118.3	-65.641
118.35	-65.636
118.4	-65.629
118.45	-65.619
118.5	-65.608
118.55	-65.595
118.6	-65.58
118.65	-65.564
118.7	-65.547
118.75	-65.53
118.8	-65.512
118.85	-65.493
118.9	-65.475
118.95	-65.458
119.0	-65.441
119.05	-65.425
119.1	-65.411
119.15	-65.398
119.2	-65.386
119.25	-65.376
119.3	-65.367
119.35	-65.36
119.4	-65.353
119.45	-65.349
119.5	-65.345
119.55	-65.342
119.6	-65.34
119.65	-65.339
119.7	-65.339
119.75	-65.34
119.8	-65.34
119.85	-65.342
119.9	-65.343
119.95	-65.346
120.0	-65.347
120.05	-65.349
120.1	-65.351
120.15	-65.354
120.2	-65.355
120.25	-65.358
120.3	-65.359
120.35	-65.361
120.4	-65.361
120.45	-65.361
120.5	-65.361
120.55	-65.361
120.6	-65.36
120.65	-65.359
120.7	-65.358
120.75	-65.357
120.8	-65.356
120.85	-65.355
120.9	-65.353
120.95	-65.351
121.0	-65.349
121.05	-65.348
121.1	-65.346
121.15	-65.344
121.2	-65.342
121.25	-65.341
121.3	-65.339
121.35	-65.337
121.4	-65.336
121.45	-65.334
121.5	-65.332
121.55	-65.331
121.6	-65.33
121.65	-65.329
121.7	-65.328
121.75	-65.327
121.8	-65.327
121.85	-65.327
121.9	-65.327
121.95	-65.327
122.0	-65.329
122.05	-65.33
122.1	-65.331
122.15	-65.332
122.2	-65.333
122.25	-65.333
122.3	-65.333
122.35	-65.332
122.4	-65.332
122.45	-65.33
122.5	-65.328
122.55	-65.325
122.6	-65.321
122.65	-65.316
122.7	-65.31
122.75	-65.303
122.8	-65.295
122.85	-65.286
122.9	-65.276
122.95	-65.265
123.0	-65.253
123.05	-65.24
123.1	-65.226
123.15	-65.211
123.2	-65.196
123.25	-65.18
123.3	-65.163
123.35	-65.146
123.4	-65.128
123.45	-65.111
123.5	-65.094
123.55	-65.077
123.6	-65.06
123.65	-65.044
123.7	-65.028
123.75	-65.013
123.8	-64.999
123.85	-64.986
123.9	-64.972
123.95	-64.96
124.0	-64.948
124.05	-64.937
124.1	-64.926
124.15	-64.916
124.2	-64.906
124.25	-64.896
124.3	-64.887
124.35	-64.879
124.4	-64.87
124.45	-64.863
124.5	-64.855
124.55	-64.849
124.6	-64.842
124.65	-64.837
124.7	-64.831
124.75	-64.825
124.8	-64.82
124.85	-64.815
124.9	-64.81
124.95	-64.806
125.0	-64.801
125.05	-64.797
125.1	-64.792
125.15	-64.788
125.2	-64.784
125.25	-64.78
125.3	-64.776
125.35	-64.772
125.4	-64.769
125.45	-64.766
125.5	-64.763
125.55	-64.761
125.6	-64.76
125.65	-64.76
125.7	-64.761
125.75	-64.763
125.8	-64.767
125.85	-64.771
125.9	-64.778
125.95	-64.786
126.0	-64.795
126.05	-64.807
126.1	-64.82
126.15	-64.836
126.2	-64.853
126.25	-64.873
126.3	-64.894
126.35	-64.916
126.4	-64.941
126.45	-64.966
126.5	-64.992
126.55	-65.019
126.6	-65.046
126.65	-65.072
126.7	-65.096
126.75	-65.12
126.8	-65.141
126.85	-65.16
126.9	-65.176
126.95	-65.191
127.0	-65.203
127.05	-65.213
127.1	-65.22
127.15	-65.226
127.2	-65.228
127.25	-65.229
127.3	-65.227
127.35	-65.224
127.4	-65.219
127.45	-65.211
127.5	-65.202
127.55	-65.192
127.6	-65.182
127.65	-65.171
127.7	-65.16
127.75	-65.151
127.8	-65.142
127.85	-65.134
127.9	-65.128
127.95	-65.124
128.0	-65.12
128.05	-65.118
128.1	-65.117
128.15	-65.116
128.2	-65.117
128.25	-65.117
128.3	-65.118
128.35	-65.118
128.4	-65.118
128.45	-65.118
128.5	-65.116
128.55	-65.113
128.6	-65.109
128.65	-65.103
128.7	-65.095
128.75	-65.086
128.8	-65.075
128.85	-65.062
128.9	-65.047
128.95	-65.03
129.0	-65.013
129.05	-64.994
129.1	-64.975
129.15	-64.955
129.2	-64.936
129.25	-64.917
129.3	-64.898
129.35	-64.879
129.4	-64.861
129.45	-64.845
129.5	-64.829
129.55	-64.814
129.6	-64.801
129.65	-64.789
129.7	-64.778
129.75	-64.768
129.8	-64.76
129.85	-64.752
129.9	-64.746
129.95	-64.741
130.0	-64.737
130.05	-64.734
130.1	-64.733
130.15	-64.732
130.2	-64.733
130.25	-64.734
130.3	-64.738
130.35	-64.742
130.4	-64.747
130.45	-64.753
130.5	-64.761
130.55	-64.77
130.6	-64.781
130.65	-64.792
130.7	-64.805
130.75	-64.819
130.8	-64.834
130.85	-64.851
130.9	-64.868
130.95	-64.887
131.0	-64.906
131.05	-64.926
131.1	-64.946
131.15	-64.966
131.2	-64.985
131.25	-65.004
131.3	-65.022
131.35	-65.039
131.4	-65.055
131.45	-65.07
131.5	-65.082
131.55	-65.094
131.6	-65.104
131.65	-65.112
131.7	-65.119
131.75	-65.125
131.8	-65.129
131.85	-65.132
131.9	-65.133
131.95	-65.133
132.0	-65.131
132.05	-65.129
132.1	-65.125
132.15	-65.121
132.2	-65.116
132.25	-65.11
132.3	-65.103
132.35	-65.095
132.4	-65.087
132.45	-65.079
132.5	-65.07
132.55	-65.06
132.6	-65.051
132.65	-65.042
132.7	-65.032
132.75	-65.023
132.8	-65.014
132.85	-65.005
132.9	-64.996
132.95	-64.987
133.0	-64.978
133.05	-64.969
133.1	-64.961
133.15	-64.953
133.2	-64.944
133.25	-64.936
133.3	-64.927
133.35	-64.918
133.4	-64.909
133.45	-64.9
133.5	-64.892
133.55	-64.883
133.6	-64.874
133.65	-64.865
133.7	-64.857
133.75	-64.848
133.8	-64.839
133.85	-64.831
133.9	-64.822
133.95	-64.814
134.0	-64.806
134.05	-64.798
134.1	-64.79
134.15	-64.782
134.2	-64.775
134.25	-64.768
134.3	-64.761
134.35	-64.755
134.4	-64.749
134.45	-64.745
134.5	-64.741
134.55	-64.738
134.6	-64.736
134.65	-64.736
134.7	-64.737
134.75	-64.74
134.8	-64.744
134.85	-64.749
134.9	-64.757
134.95	-64.766
135.0	-64.777
135.05	-64.789
135.1	-64.803
135.15	-64.819
135.2	-64.836
135.25	-64.855
135.3	-64.874
135.35	-64.894
135.4	-64.914
135.45	-64.934
135.5	-64.954
135.55	-64.973
135.6	-64.992
135.65	-65.009
135.7	-65.026
135.75	-65.04
135.8	-65.053
135.85	-65.064
135.9	-65.073
135.95	-65.081
136.0	-65.086
136.05	-65.089
136.1	-65.089
136.15	-65.088
136.2	-65.085
136.25	-65.079
136.3	-65.072
136.35	-65.062
136.4	-65.051
136.45	-65.038
136.5	-65.024
136.55	-65.008
136.6	-64.992
136.65	-64.974
136.7	-64.957
136.75	-64.939
136.8	-64.921
136.85	-64.904
136.9	-64.887
136.95	-64.87
137.0	-64.854
137.05	-64.839
137.1	-64.825
137.15	-64.811
137.2	-64.799
137.25	-64.788
137.3	-64.778
137.35	-64.768
137.4	-64.76
137.45	-64.752
137.5	-64.745
137.55	-64.738
137.6	-64.732
137.65	-64.726
137.7	-64.72
137.75	-64.713
137.8	-64.706
137.85	-64.699
137.9	-64.691
137.95	-64.681
138.0	-64.671
138.05	-64.66
138.1	-64.648
138.15	-64.635
138.2	-64.621
138.25	-64.605
138.3	-64.588
138.35	-64.571
138.4	-64.552
138.45	-64.533
138.5	-64.514
138.55	-64.495
138.6	-64.475
138.65	-64.456
138.7	-64.436
138.75	-64.417
138.8	-64.399
138.85	-64.381
138.9	-64.364
138.95	-64.348
139.0	-64.333
139.05	-64.319
139.1	-64.307
139.15	-64.297
139.2	-64.287
139.25	-64.28
139.3	-64.274
139.35	-64.269
139.4	-64.266
139.45	-64.265
139.5	-64.265
139.55	-64.266
139.6	-64.269
139.65	-64.273
139.7	-64.278
139.75	-64.285
139.8	-64.293
139.85	-64.302
139.9	-64.312
139.95	-64.322
140.0	-64.333
140.05	-64.345
140.1	-64.357
140.15	-64.369
140.2	-64.381
140.25	-64.393
140.3	-64.404
140.35	-64.415
140.4	-64.424
140.45	-64.432
140.5	-64.44
140.55	-64.445
140.6	-64.449
140.65	-64.452
140.7	-64.452
140.75	-64.451
140.8	-64.448
140.85	-64.443
140.9	-64.436
140.95	-64.427
141.0	-64.415
141.05	-64.402
141.1	-64.386
141.15	-64.369
141.2	-64.349
141.25	-64.327
141.3	-64.303
141.35	-64.278
141.4	-64.25
141.45	-64.221
141.5	-64.19
141.55	-64.158
141.6	-64.126
141.65	-64.093
141.7	-64.06
141.75	-64.027
141.8	-63.995
141.85	-63.964
141.9	-63.933
141.95	-63.903
142.0	-63.873
142.05	-63.845
142.1	-63.817
142.15	-63.79
142.2	-63.764
142.25	-63.739
142.3	-63.715
142.35	-63.691
142.4	-63.668
142.45	-63.645
142.5	-63.624
142.55	-63.603
142.6	-63.584
142.65	-63.564
142.7	-63.546
142.75	-63.528
142.8	-63.511
142.85	-63.495
142.9	-63.479
142.95	-63.464
143.0	-63.451
143.05	-63.438
143.1	-63.427
143.15	-63.416
143.2	-63.407
143.25	-63.399
143.3	-63.393
143.35	-63.388
143.4	-63.384
143.45	-63.381
143.5	-63.381
143.55	-63.381
143.6	-63.383
143.65	-63.386
143.7	-63.392
143.75	-63.398
143.8	-63.407
143.85	-63.417
143.9	-63.429
143.95	-63.443
144.0	-63.458
144.05	-63.475
144.1	-63.494
144.15	-63.514
144.2	-63.536
144.25	-63.559
144.3	-63.583
144.35	-63.608
144.4	-63.633
144.45	-63.659
144.5	-63.685
144.55	-63.711
144.6	-63.737
144.65	-63.762
144.7	-63.786
144.75	-63.808
144.8	-63.828
144.85	-63.846
144.9	-63.861
144.95	-63.875
145.0	-63.885
145.05	-63.893
145.1	-63.899
145.15	-63.902
145.2	-63.902
145.25	-63.9
145.3	-63.894
145.35	-63.886
145.4	-63.876
145.45	-63.862
145.5	-63.846
145.55	-63.827
145.6	-63.806
145.65	-63.782
145.7	-63.756
145.75	-63.729
145.8	-63.699
145.85	-63.669
145.9	-63.637
145.95	-63.604
146.0	-63.571
146.05	-63.537
146.1	-63.503
146.15	-63.469
146.2	-63.436
146.25	-63.405
146.3	-63.374
146.35	-63.344
146.4	-63.316
146.45	-63.289
146.5	-63.262
146.55	-63.237
146.6	-63.213
146.65	-63.19
146.7	-63.168
146.75	-63.147
146.8	-63.127
146.85	-63.106
146.9	-63.087
146.95	-63.067
147.0	-63.049
147.05	-63.03
147.1	-63.012
147.15	-62.993
147.2	-62.974
147.25	-62.955
147.3	-62.935
147.35	-62.915
147.4	-62.895
147.45	-62.875
147.5	-62.855
147.55	-62.835
147.6	-62.815
147.65	-62.796
147.7	-62.777
147.75	-62.759
147.8	-62.741
147.85	-62.725
147.9	-62.709
147.95	-62.695
148.0	-62.682
148.05	-62.67
148.1	-62.66
148.15	-62.651
148.2	-62.643
148.25	-62.637
148.3	-62.632
148.35	-62.628
148.4	-62.626
148.45	-62.624
148.5	-62.624
148.55	-62.624
148.6	-62.627
148.65	-62.629
148.7	-62.634
148.75	-62.638
148.8	-62.644
148.85	-62.651
148.9	-62.658
148.95	-62.666
149.0	-62.675
149.05	-62.684
149.1	-62.693
149.15	-62.703
149.2	-62.713
149.25	-62.723
149.3	-62.732
149.35	-62.741
149.4	-62.749
149.45	-62.757
149.5	-62.763
149.55	-62.769
149.6	-62.773
149.65	-62.777
149.7	-62.779
149.75	-62.78
149.8	-62.78
149.85	-62.779
149.9	-62.776
149.95	-62.773
150.0	-62.768
150.05	-62.762
150.1	-62.755
150.15	-62.747
150.2	-62.738
150.25	-62.728
150.3	-62.717
150.35	-62.705
150.4	-62.693
150.45	-62.68
150.5	-62.666
150.55	-62.652
150.6	-62.638
150.65	-62.623
150.7	-62.609
150.75	-62.594
150.8	-62.58
150.85	-62.566
150.9	-62.552
150.95	-62.539
151.0	-62.526
151.05	-62.513
151.1	-62.501
151.15	-62.489
151.2	-62.478
151.25	-62.468
151.3	-62.458
151.35	-62.449
151.4	-62.44
151.45	-62.431
151.5	-62.423
151.55	-62.415
151.6	-62.408
151.65	-62.402
151.7	-62.396
151.75	-62.39
151.8	-62.385
151.85	-62.38
151.9	-62.376
151.95	-62.372
152.0	-62.368
152.05	-62.366
152.1	-62.363
152.15	-62.361
152.2	-62.359
152.25	-62.358
152.3	-62.358
152.35	-62.358
152.4	-62.358
152.45	-62.359
152.5	-62.361
152.55	-62.363
152.6	-62.366
152.65	-62.369
152.7	-62.373
152.75	-62.377
152.8	-62.383
152.85	-62.389
152.9	-62.397
152.95	-62.404
153.0	-62.414
153.05	-62.423
153.1	-62.434
153.15	-62.446
153.2	-62.459
153.25	-62.473
153.3	-62.488
153.35	-62.504
153.4	-62.521
153.45	-62.538
153.5	-62.557
153.55	-62.576
153.6	-62.597
153.65	-62.618
153.7	-62.639
153.75	-62.661
153.8	-62.682
153.85	-62.702
153.9	-62.72
153.95	-62.737
154.0	-62.753
154.05	-62.767
154.1	-62.778
154.15	-62.788
154.2	-62.796
154.25	-62.801
154.3	-62.805
154.35	-62.806
154.4	-62.805
154.45	-62.802
154.5	-62.797
154.55	-62.79
154.6	-62.781
154.65	-62.77
154.7	-62.756
154.75	-62.741
154.8	-62.725
154.85	-62.706
154.9	-62.687
154.95	-62.666
155.0	-62.644
155.05	-62.622
155.1	-62.6
155.15	-62.577
155.2	-62.554
155.25	-62.531
155.3	-62.509
155.35	-62.486
155.4	-62.465
155.45	-62.443
155.5	-62.421
155.55	-62.4
155.6	-62.379
155.65	-62.358
155.7	-62.337
155.75	-62.316
155.8	-62.295
155.85	-62.275
155.9	-62.254
155.95	-62.234
156.0	-62.215
156.05	-62.195
156.1	-62.176
156.15	-62.156
156.2	-62.137
156.25	-62.118
156.3	-62.099
156.35	-62.079
156.4	-62.06
156.45	-62.04
156.5	-62.021
156.55	-62.002
156.6	-61.983
156.65	-61.965
156.7	-61.948
156.75	-61.931
156.8	-61.915
156.85	-61.899
156.9	-61.885
156.95	-61.871
157.0	-61.859
157.05	-61.848
157.1	-61.838
157.15	-61.829
157.2	-61.822
157.25	-61.816
157.3	-61.812
157.35	-61.809
157.4	-61.807
157.45	-61.806
157.5	-61.806
157.55	-61.808
157.6	-61.81
157.65	-61.813
157.7	-61.818
157.75	-61.822
157.8	-61.828
157.85	-61.834
157.9	-61.84
157.95	-61.846
158.0	-61.853
158.05	-61.859
158.1	-61.865
158.15	-61.871
158.2	-61.877
158.25	-61.882
158.3	-61.887
158.35	-61.89
158.4	-61.893
158.45	-61.894
158.5	-61.894
158.55	-61.893
158.6	-61.891
158.65	-61.887
158.7	-61.882
158.75	-61.876
158.8	-61.87
158.85	-61.862
158.9	-61.853
158.95	-61.844
159.0	-61.833
159.05	-61.821
159.1	-61.807
159.15	-61.793
159.2	-61.778
159.25	-61.761
159.3	-61.743
159.35	-61.724
159.4	-61.704
159.45	-61.682
159.5	-61.66
159.55	-61.637
159.6	-61.613
159.65	-61.588
159.7	-61.564
159.75	-61.539
159.8	-61.515
159.85	-61.492
159.9	-61.47
159.95	-61.45
160.0	-61.431
160.05	-61.413
160.1	-61.397
160.15	-61.383
160.2	-61.371
160.25	-61.36
160.3	-61.351
160.35	-61.343
160.4	-61.337
160.45	-61.332
160.5	-61.328
160.55	-61.325
160.6	-61.322
160.65	-61.32
160.7	-61.319
160.75	-61.317
160.8	-61.315
160.85	-61.313
160.9	-61.31
160.95	-61.307
161.0	-61.303
161.05	-61.298
161.1	-61.292
161.15	-61.284
161.2	-61.276
161.25	-61.267
161.3	-61.256
161.35	-61.243
161.4	-61.23
161.45	-61.215
161.5	-61.199
161.55	-61.181
161.6	-61.162
161.65	-61.143
161.7	-61.122
161.75	-61.1
161.8	-61.078
161.85	-61.055
161.9	-61.032
161.95	-61.008
162.0	-60.984
162.05	-60.961
162.1	-60.937
162.15	-60.915
162.2	-60.893
162.25	-60.872
162.3	-60.852
162.35	-60.834
162.4	-60.818
162.45	-60.803
162.5	-60.791
162.55	-60.781
162.6	-60.773
162.65	-60.766
162.7	-60.762
162.75	-60.759
162.8	-60.757
162.85	-60.757
162.9	-60.757
162.95	-60.759
163.0	-60.762
163.05	-60.765
163.1	-60.768
163.15	-60.771
163.2	-60.774
163.25	-60.777
163.3	-60.779
163.35	-60.78
163.4	-60.78
163.45	-60.779
163.5	-60.776
163.55	-60.773
163.6	-60.768
163.65	-60.761
163.7	-60.753
163.75	-60.743
163.8	-60.731
163.85	-60.718
163.9	-60.703
163.95	-60.687
164.0	-60.67
164.05	-60.651
164.1	-60.632
164.15	-60.611
164.2	-60.59
164.25	-60.568
164.3	-60.546
164.35	-60.524
164.4	-60.502
164.45	-60.48
164.5	-60.459
164.55	-60.438
164.6	-60.418
164.65	-60.399
164.7	-60.38
164.75	-60.363
164.8	-60.346
164.85	-60.33
164.9	-60.315
164.95	-60.301
165.0	-60.289
165.05	-60.278
165.1	-60.267
165.15	-60.258
165.2	-60.249
165.25	-60.242
165.3	-60.234
165.35	-60.228
165.4	-60.221
165.45	-60.217
165.5	-60.211
165.55	-60.207
165.6	-60.203
165.65	-60.2
165.7	-60.196
165.75	-60.194
165.8	-60.191
165.85	-60.189
165.9	-60.186
165.95	-60.184
166.0	-60.181
166.05	-60.179
166.1	-60.177
166.15	-60.174
166.2	-60.172
166.25	-60.17
166.3	-60.168
166.35	-60.165
166.4	-60.163
166.45	-60.16
166.5	-60.158
166.55	-60.155
166.6	-60.152
166.65	-60.149
166.7	-60.145
166.75	-60.141
166.8	-60.137
166.85	-60.133
166.9	-60.129
166.95	-60.124
167.0	-60.119
167.05	-60.114
167.1	-60.109
167.15	-60.104
167.2	-60.099
167.25	-60.093
167.3	-60.088
167.35	-60.082
167.4	-60.076
167.45	-60.071
167.5	-60.065
167.55	-60.058
167.6	-60.052
167.65	-60.045
167.7	-60.038
167.75	-60.031
167.8	-60.023
167.85	-60.016
167.9	-60.007
167.95	-59.999
168.0	-59.99
168.05	-59.981
168.1	-59.971
168.15	-59.96
168.2	-59.949
168.25	-59.937
168.3	-59.924
168.35	-59.91
168.4	-59.895
168.45	-59.879
168.5	-59.862
168.55	-59.843
168.6	-59.824
168.65	-59.803
168.7	-59.782
168.75	-59.76
168.8	-59.738
168.85	-59.716
168.9	-59.695
168.95	-59.674
169.0	-59.654
169.05	-59.635
169.1	-59.616
169.15	-59.599
169.2	-59.583
169.25	-59.568
169.3	-59.554
169.35	-59.541
169.4	-59.53
169.45	-59.519
169.5	-59.51
169.55	-59.502
169.6	-59.495
169.65	-59.489
169.7	-59.484
169.75	-59.48
169.8	-59.477
169.85	-59.474
169.9	-59.473
169.95	-59.472
170.0	-59.471
170.05	-59.472
170.1	-59.472
170.15	-59.473
170.2	-59.474
170.25	-59.476
170.3	-59.477
170.35	-59.479
170.4	-59.481
170.45	-59.484
170.5	-59.485
170.55	-59.488
170.6	-59.489
170.65	-59.491
170.7	-59.492
170.75	-59.494
170.8	-59.494
170.85	-59.496
170.9	-59.496
170.95	-59.498
171.0	-59.499
171.05	-59.501
171.1	-59.503
171.15	-59.507
171.2	-59.51
171.25	-59.515
171.3	-59.52
171.35	-59.526
171.4	-59.532
171.45	-59.539
171.5	-59.547
171.55	-59.556
171.6	-59.565
171.65	-59.575
171.7	-59.585
171.75	-59.596
171.8	-59.607
171.85	-59.618
171.9	-59.628
171.95	-59.639
172.0	-59.649
172.05	-59.658
172.1	-59.666
172.15	-59.673
172.2	-59.68
172.25	-59.685
172.3	-59.689
172.35	-59.692
172.4	-59.693
172.45	-59.693
172.5	-59.691
172.55	-59.688
172.6	-59.684
172.65	-59.678
172.7	-59.671
172.75	-59.662
172.8	-59.652
172.85	-59.64
172.9	-59.626
172.95	-59.612
173.0	-59.596
173.05	-59.578
173.1	-59.56
173.15	-59.54
173.2	-59.519
173.25	-59.498
173.3	-59.475
173.35	-59.451
173.4	-59.428
173.45	-59.404
173.5	-59.381
173.55	-59.358
173.6	-59.335
173.65	-59.314
173.7	-59.293
173.75	-59.272
173.8	-59.253
173.85	-59.235
173.9	-59.217
173.95	-59.201
174.0	-59.185
174.05	-59.17
174.1	-59.156
174.15	-59.142
174.2	-59.129
174.25	-59.117
174.3	-59.105
174.35	-59.094
174.4	-59.083
174.45	-59.073
174.5	-59.062
174.55	-59.052
174.6	-59.042
174.65	-59.032
174.7	-59.022
174.75	-59.011
174.8	-59.001
174.85	-58.99
174.9	-58.979
174.95	-58.968
175.0	-58.956
175.05	-58.944
175.1	-58.932
175.15	-58.92
175.2	-58.908
175.25	-58.896
175.3	-58.884
175.35	-58.873
175.4	-58.862
175.45	-58.851
175.5	-58.841
175.55	-58.831
175.6	-58.823
175.65	-58.815
175.7	-58.808
175.75	-58.803
175.8	-58.798
175.85	-58.794
175.9	-58.792
175.95	-58.79
176.0	-58.789
176.05	-58.79
176.1	-58.791
176.15	-58.793
176.2	-58.796
176.25	-58.8
176.3	-58.805
176.35	-58.81
176.4	-58.816
176.45	-58.822
176.5	-58.829
176.55	-58.836
176.6	-58.843
176.65	-58.851
176.7	-58.859
176.75	-58.867
176.8	-58.876
176.85	-58.884
176.9	-58.893
176.95	-58.902
177.0	-58.912
177.05	-58.921
177.1	-58.931
177.15	-58.941
177.2	-58.95
177.25	-58.96
177.3	-58.968
177.35	-58.976
177.4	-58.983
177.45	-58.988
177.5	-58.992
177.55	-58.994
177.6	-58.995
177.65	-58.993
177.7	-58.99
177.75	-58.984
177.8	-58.977
177.85	-58.967
177.9	-58.955
177.95	-58.941
178.0	-58.925
178.05	-58.907
178.1	-58.886
178.15	-58.865
178.2	-58.841
178.25	-58.816
178.3	-58.789
178.35	-58.762
178.4	-58.733
178.45	-58.704
178.5	-58.674
178.55	-58.644
178.6	-58.614
178.65	-58.583
178.7	-58.553
178.75	-58.523
178.8	-58.492
178.85	-58.462
178.9	-58.433
178.95	-58.403
179.0	-58.374
179.05	-58.345
179.1	-58.317
179.15	-58.289
179.2	-58.262
179.25	-58.234
179.3	-58.207
179.35	-58.178
179.4	-58.15
179.45	-58.12
179.5	-58.09
179.55	-58.059
179.6	-58.028
179.65	-57.998
179.7	-57.967
179.75	-57.937
179.8	-57.909
179.85	-57.881
179.9	-57.855
179.95	-57.832
180.0	-57.811
180.05	-57.793
180.1	-57.778
180.15	-57.766
180.2	-57.756
180.25	-57.749
180.3	-57.745
180.35	-57.743
180.4	-57.744
180.45	-57.748
180.5	-57.753
180.55	-57.761
180.6	-57.771
180.65	-57.782
180.7	-57.795
180.75	-57.809
180.8	-57.824
180.85	-57.839
180.9	-57.855
180.95	-57.87
181.0	-57.884
181.05	-57.898
181.1	-57.91
181.15	-57.921
181.2	-57.931
181.25	-57.939
181.3	-57.945
181.35	-57.95
181.4	-57.953
181.45	-57.954
181.5	-57.954
181.55	-57.951
181.6	-57.947
181.65	-57.941
181.7	-57.933
181.75	-57.923
181.8	-57.912
181.85	-57.898
181.9	-57.883
181.95	-57.866
182.0	-57.847
182.05	-57.827
182.1	-57.804
182.15	-57.78
182.2	-57.755
182.25	-57.728
182.3	-57.7
182.35	-57.671
182.4	-57.641
182.45	-57.612
182.5	-57.582
182.55	-57.553
182.6	-57.524
182.65	-57.496
182.7	-57.469
182.75	-57.443
182.8	-57.418
182.85	-57.393
182.9	-57.37
182.95	-57.347
183.0	-57.325
183.05	-57.305
183.1	-57.285
183.15	-57.267
183.2	-57.249
183.25	-57.233
183.3	-57.217
183.35	-57.202
183.4	-57.187
183.45	-57.173
183.5	-57.16
183.55	-57.147
183.6	-57.134
183.65	-57.122
183.7	-57.11
183.75	-57.098
183.8	-57.085
183.85	-57.073
183.9	-57.06
183.95	-57.047
184.0	-57.034
184.05	-57.021
184.1	-57.008
184.15	-56.995
184.2	-56.982
184.25	-56.969
184.3	-56.956
184.35	-56.944
184.4	-56.931
184.45	-56.92
184.5	-56.909
184.55	-56.898
184.6	-56.888
184.65	-56.879
184.7	-56.87
184.75	-56.863
184.8	-56.856
184.85	-56.85
184.9	-56.844
184.95	-56.84
185.0	-56.837
185.05	-56.835
185.1	-56.834
185.15	-56.834
185.2	-56.835
185.25	-56.837
185.3	-56.84
185.35	-56.845
185.4	-56.85
185.45	-56.856
185.5	-56.863
185.55	-56.871
185.6	-56.878
185.65	-56.886
185.7	-56.894
185.75	-56.902
185.8	-56.91
185.85	-56.917
185.9	-56.923
185.95	-56.928
186.0	-56.932
186.05	-56.936
186.1	-56.937
186.15	-56.938
186.2	-56.937
186.25	-56.934
186.3	-56.929
186.35	-56.923
186.4	-56.914
186.45	-56.904
186.5	-56.893
186.55	-56.879
186.6	-56.863
186.65	-56.846
186.7	-56.826
186.75	-56.805
186.8	-56.782
186.85	-56.757
186.9	-56.731
186.95	-56.704
187.0	-56.676
187.05	-56.649
187.1	-56.621
187.15	-56.593
187.2	-56.566
187.25	-56.539
187.3	-56.512
187.35	-56.487
187.4	-56.462
187.45	-56.437
187.5	-56.413
187.55	-56.39
187.6	-56.367
187.65	-56.345
187.7	-56.323
187.75	-56.302
187.8	-56.281
187.85	-56.261
187.9	-56.241
187.95	-56.223
188.0	-56.205
188.05	-56.187
188.1	-56.17
188.15	-56.154
188.2	-56.138
188.25	-56.123
188.3	-56.109
188.35	-56.094
188.4	-56.08
188.45	-56.067
188.5	-56.054
188.55	-56.041
188.6	-56.03
188.65	-56.018
188.7	-56.008
188.75	-55.997
188.8	-55.988
188.85	-55.979
188.9	-55.97
188.95	-55.962
189.0	-55.954
189.05	-55.947
189.1	-55.941
189.15	-55.935
189.2	-55.931
189.25	-55.927
189.3	-55.923
189.35	-55.921
189.4	-55.92
189.45	-55.92
189.5	-55.92
189.55	-55.923
189.6	-55.926
189.65	-55.931
189.7	-55.937
189.75	-55.944
189.8	-55.953
189.85	-55.962
189.9	-55.973
189.95	-55.985
190.0	-55.997
190.05	-56.01
190.1	-56.023
190.15	-56.036
190.2	-56.049
190.25	-56.062
190.3	-56.073
190.35	-56.083
190.4	-56.092
190.45	-56.099
190.5	-56.105
190.55	-56.109
190.6	-56.111
190.65	-56.112
190.7	-56.11
190.75	-56.107
190.8	-56.101
190.85	-56.094
190.9	-56.084
190.95	-56.073
191.0	-56.06
191.05	-56.046
191.1	-56.03
191.15	-56.013
191.2	-55.996
191.25	-55.978
191.3	-55.959
191.35	-55.941
191.4	-55.923
191.45	-55.905
191.5	-55.889
191.55	-55.875
191.6	-55.862
191.65	-55.85
191.7	-55.841
191.75	-55.833
191.8	-55.826
191.85	-55.821
191.9	-55.817
191.95	-55.814
192.0	-55.812
192.05	-55.81
192.1	-55.808
192.15	-55.807
192.2	-55.805
192.25	-55.803
192.3	-55.801
192.35	-55.797
192.4	-55.792
192.45	-55.787
192.5	-55.78
192.55	-55.771
192.6	-55.761
192.65	-55.749
192.7	-55.735
192.75	-55.72
192.8	-55.704
192.85	-55.688
192.9	-55.67
192.95	-55.652
193.0	-55.635
193.05	-55.618
193.1	-55.602
193.15	-55.587
193.2	-55.573
193.25	-55.561
193.3	-55.55
193.35	-55.541
193.4	-55.534
193.45	-55.529
193.5	-55.526
193.55	-55.526
193.6	-55.528
193.65	-55.532
193.7	-55.538
193.75	-55.547
193.8	-55.557
193.85	-55.57
193.9	-55.584
193.95	-55.601
194.0	-55.619
194.05	-55.639
194.1	-55.661
194.15	-55.683
194.2	-55.707
194.25	-55.731
194.3	-55.756
194.35	-55.78
194.4	-55.805
194.45	-55.829
194.5	-55.852
194.55	-55.875
194.6	-55.896
194.65	-55.915
194.7	-55.932
194.75	-55.946
194.8	-55.959
194.85	-55.969
194.9	-55.976
194.95	-55.981
195.0	-55.984
195.05	-55.984
195.1	-55.981
195.15	-55.976
195.2	-55.968
195.25	-55.957
195.3	-55.943
195.35	-55.927
195.4	-55.907
195.45	-55.885
195.5	-55.859
195.55	-55.831
195.6	-55.799
195.65	-55.765
195.7	-55.729
195.75	-55.691
195.8	-55.652
195.85	-55.611
195.9	-55.569
195.95	-55.526
196.0	-55.483
196.05	-55.439
196.1	-55.395
196.15	-55.352
196.2	-55.309
196.25	-55.266
196.3	-55.223
196.35	-55.181
196.4	-55.139
196.45	-55.098
196.5	-55.058
196.55	-55.019
196.6	-54.982
196.65	-54.945
196.7	-54.91
196.75	-54.876
196.8	-54.844
196.85	-54.814
196.9	-54.786
196.95	-54.76
197.0	-54.735
197.05	-54.713
197.1	-54.692
197.15	-54.673
197.2	-54.656
197.25	-54.64
197.3	-54.625
197.35	-54.612
197.4	-54.6
197.45	-54.589
197.5	-54.578
197.55	-54.569
197.6	-54.559
197.65	-54.551
197.7	-54.542
197.75	-54.534
197.8	-54.526
197.85	-54.517
197.9	-54.509
197.95	-54.501
198.0	-54.493
198.05	-54.485
198.1	-54.477
198.15	-54.47
198.2	-54.462
198.25	-54.456
198.3	-54.449
198.35	-54.443
198.4	-54.438
198.45	-54.434
198.5	-54.431
198.55	-54.428
198.6	-54.426
198.65	-54.425
198.7	-54.425
198.75	-54.425
198.8	-54.427
198.85	-54.429
198.9	-54.432
198.95	-54.435
199.0	-54.439
199.05	-54.443
199.1	-54.447
199.15	-54.451
199.2	-54.454
199.25	-54.457
199.3	-54.458
199.35	-54.459
199.4	-54.459
199.45	-54.458
199.5	-54.455
199.55	-54.45
199.6	-54.444
199.65	-54.435
199.7	-54.425
199.75	-54.413
199.8	-54.398
199.85	-54.381
199.9	-54.362
199.95	-54.34
200.0	-54.316
200.05	-54.29
200.1	-54.261
200.15	-54.23
200.2	-54.197
200.25	-54.162
200.3	-54.126
200.35	-54.087
200.4	-54.047
200.45	-54.006
200.5	-53.964
200.55	-53.922
200.6	-53.878
200.65	-53.835
200.7	-53.792
200.75	-53.749
200.8	-53.706
200.85	-53.662
200.9	-53.62
200.95	-53.578
201.0	-53.536
201.05	-53.496
201.1	-53.457
201.15	-53.419
201.2	-53.383
201.25	-53.347
201.3	-53.313
201.35	-53.281
201.4	-53.25
201.45	-53.22
201.5	-53.192
201.55	-53.165
201.6	-53.14
201.65	-53.115
201.7	-53.092
201.75	-53.07
201.8	-53.049
201.85	-53.029
201.9	-53.009
201.95	-52.99
202.0	-52.972
202.05	-52.954
202.1	-52.936
202.15	-52.918
202.2	-52.901
202.25	-52.883
202.3	-52.866
202.35	-52.85
202.4	-52.833
202.45	-52.817
202.5	-52.801
202.55	-52.786
202.6	-52.771
202.65	-52.756
202.7	-52.742
202.75	-52.728
202.8	-52.714
202.85	-52.7
202.9	-52.686
202.95	-52.673
203.0	-52.661
203.05	-52.649
203.1	-52.637
203.15	-52.626
203.2	-52.615
203.25	-52.604
203.3	-52.593
203.35	-52.582
203.4	-52.57
203.45	-52.558
203.5	-52.545
203.55	-52.531
203.6	-52.516
203.65	-52.499
203.7	-52.48
203.75	-52.46
203.8	-52.437
203.85	-52.412
203.9	-52.384
203.95	-52.353
204.0	-52.319
204.05	-52.281
204.1	-52.24
204.15	-52.196
204.2	-52.147
204.25	-52.093
204.3	-52.035
204.35	-51.972
204.4	-51.902
204.45	-51.827
204.5	-51.745
204.55	-51.657
204.6	-51.561
204.65	-51.458
204.7	-51.348
204.75	-51.23
204.8	-51.104
204.85	-50.969
204.9	-50.824
204.95	-50.671
205.0	-50.51
205.05	-50.343
205.1	-50.172
205.15	-49.998
205.2	-49.821
205.25	-49.64
205.3	-49.452
205.35	-49.258
205.4	-49.057
205.45	-48.848
205.5	-48.63
205.55	-48.402
205.6	-48.165
205.65	-47.921
205.7	-47.664
205.75	-47.392
205.8	-47.11
205.85	-46.815
205.9	-46.5
205.95	-46.161
206.0	-45.801
206.05	-45.428
206.1	-45.043
206.15	-44.645
206.2	-44.233
206.25	-43.808
206.3	-43.355
206.35	-42.857
206.4	-42.319
206.45	-41.755
206.5	-41.163
206.55	-40.529
206.6	-39.836
206.65	-39.081
206.7	-38.259
206.75	-37.39
206.8	-36.492
206.85	-35.52
206.9	-34.474
206.95	-33.347
207.0	-32.149
207.05	-30.873
207.1	-29.515
207.15	-28.115
207.2	-26.7
207.25	-25.257
207.3	-23.796
207.35	-22.243
207.4	-20.6
207.45	-18.958
207.5	-17.414
207.55	-15.982
207.6	-14.576
207.65	-13.201
207.7	-11.869
207.75	-10.587
207.8	-9.381
207.85	-8.255
207.9	-7.199
207.95	-6.231
208.0	-5.354
208.05	-4.579
208.1	-3.9
208.15	-3.272
208.2	-2.672
208.25	-2.109
208.3	-1.575
208.35	-1.067
208.4	-0.586
208.45	-0.128
208.5	0.31
208.55	0.73
208.6	1.134
208.65	1.531
208.7	1.921
208.75	2.294
208.8	2.648
208.85	2.987
208.9	3.312
208.95	3.622
209.0	3.918
209.05	4.197
209.1	4.461
209.15	4.711
209.2	4.952
209.25	5.183
209.3	5.407
209.35	5.625
209.4	5.838
209.45	6.045
209.5	6.244
209.55	6.433
209.6	6.611
209.65	6.779
209.7	6.937
209.75	7.087
209.8	7.228
209.85	7.359
209.9	7.483
209.95	7.6
210.0	7.711
210.05	7.815
210.1	7.915
210.15	8.01
210.2	8.1
210.25	8.183
210.3	8.261
210.35	8.333
210.4	8.401
210.45	8.465
210.5	8.524
210.55	8.579
210.6	8.63
210.65	8.678
210.7	8.724
210.75	8.767
210.8	8.808
210.85	8.847
210.9	8.884
210.95	8.92
211.0	8.954
211.05	8.986
211.1	9.017
211.15	9.046
211.2	9.075
211.25	9.102
211.3	9.129
211.35	9.156
211.4	9.182
211.45	9.207
211.5	9.233
211.55	9.257
211.6	9.281
211.65	9.304
211.7	9.327
211.75	9.349
211.8	9.37
211.85	9.39
211.9	9.409
211.95	9.427
212.0	9.443
212.05	9.456
212.1	9.468
212.15	9.478
212.2	9.486
212.25	9.492
212.3	9.496
212.35	9.497
212.4	9.496
212.45	9.493
212.5	9.489
212.55	9.482
212.6	9.473
212.65	9.462
212.7	9.45
212.75	9.437
212.8	9.422
212.85	9.407
212.9	9.391
212.95	9.375
213.0	9.358
213.05	9.342
213.1	9.325
213.15	9.309
213.2	9.294
213.25	9.28
213.3	9.266
213.35	9.254
213.4	9.243
213.45	9.232
213.5	9.223
213.55	9.214
213.6	9.206
213.65	9.199
213.7	9.192
213.75	9.185
213.8	9.178
213.85	9.171
213.9	9.164
213.95	9.157
214.0	9.148
214.05	9.14
214.1	9.13
214.15	9.119
214.2	9.108
214.25	9.094
214.3	9.08
214.35	9.064
214.4	9.047
214.45	9.029
214.5	9.009
214.55	8.988
214.6	8.967
214.65	8.944
214.7	8.92
214.75	8.895
214.8	8.869
214.85	8.842
214.9	8.815
214.95	8.787
215.0	8.759
215.05	8.729
215.1	8.699
215.15	8.668
215.2	8.637
215.25	8.604
215.3	8.571
215.35	8.537
215.4	8.502
215.45	8.466
215.5	8.428
215.55	8.39
215.6	8.351
215.65	8.311
215.7	8.27
215.75	8.229
215.8	8.186
215.85	8.144
215.9	8.101
215.95	8.058
216.0	8.015
216.05	7.971
216.1	7.926
216.15	7.881
216.2	7.837
216.25	7.792
216.3	7.747
216.35	7.702
216.4	7.656
216.45	7.611
216.5	7.566
216.55	7.521
216.6	7.475
216.65	7.43
216.7	7.384
216.75	7.338
216.8	7.291
216.85	7.242
216.9	7.191
216.95	7.139
217.0	7.084
217.05	7.028
217.1	6.969
217.15	6.908
217.2	6.845
217.25	6.781
217.3	6.716
217.35	6.652
217.4	6.588
217.45	6.525
217.5	6.463
217.55	6.401
217.6	6.34
217.65	6.28
217.7	6.221
217.75	6.164
217.8	6.11
217.85	6.058
217.9	6.009
217.95	5.963
218.0	5.919
218.05	5.878
218.1	5.84
218.15	5.803
218.2	5.769
218.25	5.737
218.3	5.706
218.35	5.678
218.4	5.65
218.45	5.624
218.5	5.599
218.55	5.574
218.6	5.549
218.65	5.524
218.7	5.499
218.75	5.472
218.8	5.445
218.85	5.417
218.9	5.387
218.95	5.356
219.0	5.323
219.05	5.288
219.1	5.252
219.15	5.213
219.2	5.172
219.25	5.129
219.3	5.084
219.35	5.038
219.4	4.99
219.45	4.941
219.5	4.891
219.55	4.84
219.6	4.787
219.65	4.735
219.7	4.682
219.75	4.63
219.8	4.576
219.85	4.522
219.9	4.469
219.95	4.415
220.0	4.362
220.05	4.308
220.1	4.255
220.15	4.203
220.2	4.151
220.25	4.099
220.3	4.048
220.35	3.997
220.4	3.947
220.45	3.897
220.5	3.847
220.55	3.797
220.6	3.746
220.65	3.695
220.7	3.644
220.75	3.594
220.8	3.543
220.85	3.492
220.9	3.441
220.95	3.391
221.0	3.339
221.05	3.287
221.1	3.235
221.15	3.182
221.2	3.128
221.25	3.074
221.3	3.021
221.35	2.966
221.4	2.911
221.45	2.854
221.5	2.796
221.55	2.738
221.6	2.678
221.65	2.616
221.7	2.553
221.75	2.489
221.8	2.423
221.85	2.357
221.9	2.291
221.95	2.225
222.0	2.16
222.05	2.094
222.1	2.029
222.15	1.964
222.2	1.9
222.25	1.838
222.3	1.776
222.35	1.717
222.4	1.659
222.45	1.604
222.5	1.551
222.55	1.5
222.6	1.451
222.65	1.404
222.7	1.359
222.75	1.316
222.8	1.274
222.85	1.234
222.9	1.197
222.95	1.161
223.0	1.126
223.05	1.093
223.1	1.06
223.15	1.028
223.2	0.995
223.25	0.963
223.3	0.931
223.35	0.898
223.4	0.864
223.45	0.83
223.5	0.795
223.55	0.758
223.6	0.721
223.65	0.682
223.7	0.643
223.75	0.601
223.8	0.558
223.85	0.513
223.9	0.467
223.95	0.419
224.0	0.37
224.05	0.319
224.1	0.266
224.15	0.212
224.2	0.156
224.25	0.1
224.3	0.043
224.35	-0.014
224.4	-0.071
224.45	-0.128
224.5	-0.185
224.55	-0.243
224.6	-0.3
224.65	-0.358
224.7	-0.416
224.75	-0.473
224.8	-0.531
224.85	-0.589
224.9	-0.648
224.95	-0.706
225.0	-0.764
225.05	-0.822
225.1	-0.88
225.15	-0.937
225.2	-0.994
225.25	-1.05
225.3	-1.106
225.35	-1.162
225.4	-1.219
225.45	-1.275
225.5	-1.332
225.55	-1.389
225.6	-1.448
225.65	-1.508
225.7	-1.57
225.75	-1.633
225.8	-1.698
225.85	-1.765
225.9	-1.834
225.95	-1.904
226.0	-1.977
226.05	-2.053
226.1	-2.131
226.15	-2.212
226.2	-2.296
226.25	-2.383
226.3	-2.473
226.35	-2.564
226.4	-2.656
226.45	-2.748
226.5	-2.839
226.55	-2.93
226.6	-3.021
226.65	-3.11
226.7	-3.199
226.75	-3.285
226.8	-3.371
226.85	-3.455
226.9	-3.537
226.95	-3.618
227.0	-3.696
227.05	-3.771
227.1	-3.845
227.15	-3.917
227.2	-3.986
227.25	-4.054
227.3	-4.119
227.35	-4.181
227.4	-4.241
227.45	-4.298
227.5	-4.352
227.55	-4.405
227.6	-4.455
227.65	-4.503
227.7	-4.551
227.75	-4.599
227.8	-4.647
227.85	-4.695
227.9	-4.745
227.95	-4.795
228.0	-4.846
228.05	-4.897
228.1	-4.95
228.15	-5.002
228.2	-5.055
228.25	-5.109
228.3	-5.162
228.35	-5.217
228.4	-5.272
228.45	-5.327
228.5	-5.383
228.55	-5.439
228.6	-5.494
228.65	-5.549
228.7	-5.603
228.75	-5.658
228.8	-5.712
228.85	-5.766
228.9	-5.819
228.95	-5.873
229.0	-5.927
229.05	-5.982
229.1	-6.039
229.15	-6.097
229.2	-6.155
229.25	-6.215
229.3	-6.275
229.35	-6.336
229.4	-6.398
229.45	-6.462
229.5	-6.527
229.55	-6.593
229.6	-6.66
229.65	-6.728
229.7	-6.797
229.75	-6.867
229.8	-6.939
229.85	-7.013
229.9	-7.087
229.95	-7.163
230.0	-7.239
230.05	-7.318
230.1	-7.399
230.15	-7.481
230.2	-7.565
230.25	-7.65
230.3	-7.735
230.35	-7.817
230.4	-7.898
230.45	-7.977
230.5	-8.055
230.55	-8.131
230.6	-8.206
230.65	-8.282
230.7	-8.357
230.75	-8.434
230.8	-8.511
230.85	-8.588
230.9	-8.665
230.95	-8.742
231.0	-8.819
231.05	-8.897
231.1	-8.978
231.15	-9.059
231.2	-9.141
231.25	-9.224
231.3	-9.308
231.35	-9.392
231.4	-9.477
231.45	-9.562
231.5	-9.645
231.55	-9.726
231.6	-9.806
231.65	-9.884
231.7	-9.959
231.75	-10.032
231.8	-10.102
231.85	-10.17
231.9	-10.236
231.95	-10.298
232.0	-10.358
232.05	-10.415
232.1	-10.471
232.15	-10.526
232.2	-10.579
232.25	-10.631
232.3	-10.682
232.35	-10.734
232.4	-10.786
232.45	-10.839
232.5	-10.893
232.55	-10.948
232.6	-11.005
232.65	-11.063
232.7	-11.122
232.75	-11.182
232.8	-11.244
232.85	-11.308
232.9	-11.373
232.95	-11.439
233.0	-11.506
233.05	-11.575
233.1	-11.645
233.15	-11.716
233.2	-11.789
233.25	-11.864
233.3	-11.941
233.35	-12.02
233.4	-12.1
233.45	-12.18
233.5	-12.26
233.55	-12.341
233.6	-12.421
233.65	-12.502
233.7	-12.583
233.75	-12.664
233.8	-12.745
233.85	-12.826
233.9	-12.907
233.95	-12.988
234.0	-13.068
234.05	-13.148
234.1	-13.227
234.15	-13.305
234.2	-13.382
234.25	-13.458
234.3	-13.533
234.35	-13.607
234.4	-13.681
234.45	-13.755
234.5	-13.829
234.55	-13.904
234.6	-13.978
234.65	-14.051
234.7	-14.125
234.75	-14.199
234.8	-14.274
234.85	-14.35
234.9	-14.426
234.95	-14.503
235.0	-14.581
235.05	-14.662
235.1	-14.745
235.15	-14.832
235.2	-14.921
235.25	-15.013
235.3	-15.106
235.35	-15.199
235.4	-15.293
235.45	-15.385
235.5	-15.476
235.55	-15.564
235.6	-15.651
235.65	-15.736
235.7	-15.819
235.75	-15.9
235.8	-15.979
235.85	-16.056
235.9	-16.13
235.95	-16.201
236.0	-16.269
236.05	-16.335
236.1	-16.399
236.15	-16.46
236.2	-16.518
236.25	-16.575
236.3	-16.63
236.35	-16.684
236.4	-16.737
236.45	-16.79
236.5	-16.842
236.55	-16.894
236.6	-16.946
236.65	-16.997
236.7	-17.049
236.75	-17.101
236.8	-17.155
236.85	-17.211
236.9	-17.269
236.95	-17.329
237.0	-17.392
237.05	-17.459
237.1	-17.529
237.15	-17.602
237.2	-17.676
237.25	-17.752
237.3	-17.829
237.35	-17.908
237.4	-17.989
237.45	-18.072
237.5	-18.156
237.55	-18.24
237.6	-18.322
237.65	-18.403
237.7	-18.481
237.75	-18.557
237.8	-18.63
237.85	-18.701
237.9	-18.769
237.95	-18.835
238.0	-18.9
238.05	-18.961
238.1	-19.022
238.15	-19.081
238.2	-19.139
238.25	-19.196
238.3	-19.254
238.35	-19.312
238.4	-19.37
238.45	-19.43
238.5	-19.491
238.55	-19.553
238.6	-19.617
238.65	-19.683
238.7	-19.75
238.75	-19.818
238.8	-19.888
238.85	-19.959
238.9	-20.031
238.95	-20.105
239.0	-20.181
239.05	-20.26
239.1	-20.34
239.15	-20.422
239.2	-20.504
239.25	-20.587
239.3	-20.671
239.35	-20.755
239.4	-20.84
239.45	-20.927
239.5	-21.016
239.55	-21.106
239.6	-21.198
239.65	-21.292
239.7	-21.389
239.75	-21.488
239.8	-21.588
239.85	-21.691
239.9	-21.794
239.95	-21.898
240.0	-22.0
240.05	-22.099
240.1	-22.196
240.15	-22.292
240.2	-22.386
240.25	-22.478
240.3	-22.569
240.35	-22.659
240.4	-22.748
240.45	-22.834
240.5	-22.918
240.55	-22.999
240.6	-23.078
240.65	-23.154
240.7	-23.228
240.75	-23.299
240.8	-23.368
240.85	-23.435
240.9	-23.502
240.95	-23.567
241.0	-23.631
241.05	-23.693
241.1	-23.755
241.15	-23.816
241.2	-23.876
241.25	-23.936
241.3	-23.996
241.35	-24.056
241.4	-24.117
241.45	-24.179
241.5	-24.241
241.55	-24.305
241.6	-24.37
241.65	-24.437
241.7	-24.503
241.75	-24.57
241.8	-24.638
241.85	-24.706
241.9	-24.774
241.95	-24.843
242.0	-24.913
242.05	-24.983
242.1	-25.053
242.15	-25.123
242.2	-25.193
242.25	-25.263
242.3	-25.332
242.35	-25.403
242.4	-25.474
242.45	-25.548
242.5	-25.622
242.55	-25.698
242.6	-25.776
242.65	-25.856
242.7	-25.937
242.75	-26.019
242.8	-26.103
242.85	-26.188
242.9	-26.275
242.95	-26.363
243.0	-26.451
243.05	-26.541
243.1	-26.631
243.15	-26.723
243.2	-26.816
243.25	-26.911
243.3	-27.008
243.35	-27.107
243.4	-27.207
243.45	-27.308
243.5	-27.41
243.55	-27.515
243.6	-27.622
243.65	-27.733
243.7	-27.847
243.75	-27.963
243.8	-28.081
243.85	-28.203
243.9	-28.327
243.95	-28.455
244.0	-28.586
244.05	-28.717
244.1	-28.848
244.15	-28.979
244.2	-29.109
244.25	-29.239
244.3	-29.37
244.35	-29.503
244.4	-29.636
244.45	-29.766
244.5	-29.893
244.55	-30.016
244.6	-30.135
244.65	-30.25
244.7	-30.36
244.75	-30.467
244.8	-30.57
244.85	-30.67
244.9	-30.766
244.95	-30.86
245.0	-30.951
245.05	-31.039
245.1	-31.124
245.15	-31.206
245.2	-31.285
245.25	-31.361
245.3	-31.434
245.35	-31.505
245.4	-31.573
245.45	-31.64
245.5	-31.706
245.55	-31.77
245.6	-31.834
245.65	-31.899
245.7	-31.964
245.75	-32.03
245.8	-32.095
245.85	-32.162
245.9	-32.231
245.95	-32.302
246.0	-32.376
246.05	-32.451
246.1	-32.527
246.15	-32.606
246.2	-32.686
246.25	-32.767
246.3	-32.851
246.35	-32.937
246.4	-33.025
246.45	-33.114
246.5	-33.205
246.55	-33.296
246.6	-33.387
246.65	-33.478
246.7	-33.57
246.75	-33.662
246.8	-33.753
246.85	-33.844
246.9	-33.935
246.95	-34.026
247.0	-34.117
247.05	-34.207
247.1	-34.297
247.15	-34.386
247.2	-34.475
247.25	-34.564
247.3	-34.652
247.35	-34.74
247.4	-34.829
247.45	-34.917
247.5	-35.005
247.55	-35.094
247.6	-35.182
247.65	-35.271
247.7	-35.36
247.75	-35.45
247.8	-35.54
247.85	-35.631
247.9	-35.725
247.95	-35.821
248.0	-35.919
248.05	-36.02
248.1	-36.123
248.15	-36.228
248.2	-36.336
248.25	-36.448
248.3	-36.562
248.35	-36.68
248.4	-36.802
248.45	-36.925
248.5	-37.05
248.55	-37.176
248.6	-37.304
248.65	-37.434
248.7	-37.566
248.75	-37.698
248.8	-37.831
248.85	-37.966
248.9	-38.101
248.95	-38.238
249.0	-38.376
249.05	-38.515
249.1	-38.652
249.15	-38.787
249.2	-38.922
249.25	-39.058
249.3	-39.193
249.35	-39.324
249.4	-39.454
249.45	-39.581
249.5	-39.706
249.55	-39.829
249.6	-39.95
249.65	-40.069
249.7	-40.185
249.75	-40.297
249.8	-40.406
249.85	-40.513
249.9	-40.618
249.95	-40.721
250.0	-40.821
250.05	-40.918
250.1	-41.012
250.15	-41.103
250.2	-41.19
250.25	-41.275
250.3	-41.358
250.35	-41.439
250.4	-41.518
250.45	-41.597
250.5	-41.674
250.55	-41.75
250.6	-41.826
250.65	-41.901
250.7	-41.977
250.75	-42.051
250.8	-42.126
250.85	-42.199
250.9	-42.271
250.95	-42.343
251.0	-42.415
251.05	-42.486
251.1	-42.557
251.15	-42.629
251.2	-42.701
251.25	-42.774
251.3	-42.849
251.35	-42.926
251.4	-43.003
251.45	-43.082
251.5	-43.161
251.55	-43.241
251.6	-43.321
251.65	-43.402
251.7	-43.483
251.75	-43.564
251.8	-43.645
251.85	-43.726
251.9	-43.807
251.95	-43.887
252.0	-43.967
252.05	-44.047
252.1	-44.126
252.15	-44.206
252.2	-44.286
252.25	-44.368
252.3	-44.449
252.35	-44.531
252.4	-44.613
252.45	-44.697
252.5	-44.782
252.55	-44.869
252.6	-44.957
252.65	-45.046
252.7	-45.136
252.75	-45.227
252.8	-45.318
252.85	-45.409
252.9	-45.5
252.95	-45.591
253.0	-45.683
253.05	-45.776
253.1	-45.87
253.15	-45.964
253.2	-46.06
253.25	-46.156
253.3	-46.255
253.35	-46.355
253.4	-46.456
253.45	-46.557
253.5	-46.658
253.55	-46.758
253.6	-46.856
253.65	-46.95
253.7	-47.042
253.75	-47.13
253.8	-47.215
253.85	-47.296
253.9	-47.374
253.95	-47.447
254.0	-47.517
254.05	-47.584
254.1	-47.646
254.15	-47.703
254.2	-47.757
254.25	-47.807
254.3	-47.853
254.35	-47.896
254.4	-47.936
254.45	-47.973
254.5	-48.007
254.55	-48.038
254.6	-48.068
254.65	-48.096
254.7	-48.122
254.75	-48.147
254.8	-48.172
254.85	-48.196
254.9	-48.22
254.95	-48.244
255.0	-48.269
255.05	-48.296
255.1	-48.323
255.15	-48.353
255.2	-48.384
255.25	-48.418
255.3	-48.454
255.35	-48.493
255.4	-48.534
255.45	-48.578
255.5	-48.625
255.55	-48.675
255.6	-48.727
255.65	-48.781
255.7	-48.838
255.75	-48.896
255.8	-48.956
255.85	-49.017
255.9	-49.08
255.95	-49.146
256.0	-49.213
256.05	-49.281
256.1	-49.35
256.15	-49.418
256.2	-49.486
256.25	-49.553
256.3	-49.618
256.35	-49.683
256.4	-49.748
256.45	-49.81
256.5	-49.872
256.55	-49.933
256.6	-49.994
256.65	-50.054
256.7	-50.115
256.75	-50.177
256.8	-50.241
256.85	-50.308
256.9	-50.377
256.95	-50.448
257.0	-50.522
257.05	-50.599
257.1	-50.678
257.15	-50.76
257.2	-50.845
257.25	-50.932
257.3	-51.022
257.35	-51.113
257.4	-51.206
257.45	-51.3
257.5	-51.394
257.55	-51.487
257.6	-51.58
257.65	-51.671
257.7	-51.761
257.75	-51.848
257.8	-51.934
257.85	-52.019
257.9	-52.102
257.95	-52.185
258.0	-52.267
258.05	-52.347
258.1	-52.425
258.15	-52.501
258.2	-52.574
258.25	-52.647
258.3	-52.717
258.35	-52.786
258.4	-52.853
258.45	-52.919
258.5	-52.983
258.55	-53.046
258.6	-53.107
258.65	-53.167
258.7	-53.226
258.75	-53.284
258.8	-53.34
258.85	-53.394
258.9	-53.447
258.95	-53.499
259.0	-53.551
259.05	-53.601
259.1	-53.65
259.15	-53.699
259.2	-53.746
259.25	-53.793
259.3	-53.839
259.35	-53.885
259.4	-53.93
259.45	-53.975
259.5	-54.02
259.55	-54.066
259.6	-54.112
259.65	-54.158
259.7	-54.206
259.75	-54.254
259.8	-54.304
259.85	-54.354
259.9	-54.405
259.95	-54.458
260.0	-54.512
260.05	-54.566
260.1	-54.622
260.15	-54.679
260.2	-54.738
260.25	-54.797
260.3	-54.858
260.35	-54.918
260.4	-54.98
260.45	-55.042
260.5	-55.105
260.55	-55.169
260.6	-55.234
260.65	-55.299
260.7	-55.363
260.75	-55.426
260.8	-55.488
260.85	-55.55
260.9	-55.612
260.95	-55.673
261.0	-55.733
261.05	-55.793
261.1	-55.853
261.15	-55.912
261.2	-55.971
261.25	-56.029
261.3	-56.086
261.35	-56.143
261.4	-56.198
261.45	-56.252
261.5	-56.304
261.55	-56.355
261.6	-56.404
261.65	-56.452
261.7	-56.5
261.75	-56.546
261.8	-56.592
261.85	-56.637
261.9	-56.681
261.95	-56.724
262.0	-56.766
262.05	-56.808
262.1	-56.849
262.15	-56.89
262.2	-56.93
262.25	-56.97
262.3	-57.01
262.35	-57.052
262.4	-57.093
262.45	-57.136
262.5	-57.179
262.55	-57.223
262.6	-57.267
262.65	-57.311
262.7	-57.355
262.75	-57.399
262.8	-57.442
262.85	-57.485
262.9	-57.527
262.95	-57.568
263.0	-57.609
263.05	-57.65
263.1	-57.689
263.15	-57.728
263.2	-57.766
263.25	-57.803
263.3	-57.839
263.35	-57.874
263.4	-57.908
263.45	-57.94
263.5	-57.971
263.55	-58.002
263.6	-58.031
263.65	-58.059
263.7	-58.085
263.75	-58.11
263.8	-58.133
263.85	-58.156
263.9	-58.177
263.95	-58.198
264.0	-58.218
264.05	-58.238
264.1	-58.257
264.15	-58.276
264.2	-58.295
264.25	-58.314
264.3	-58.333
264.35	-58.352
264.4	-58.37
264.45	-58.389
264.5	-58.409
264.55	-58.428
264.6	-58.449
264.65	-58.469
264.7	-58.491
264.75	-58.513
264.8	-58.535
264.85	-58.559
264.9	-58.583
264.95	-58.608
265.0	-58.633
265.05	-58.659
265.1	-58.685
265.15	-58.711
265.2	-58.738
265.25	-58.766
265.3	-58.794
265.35	-58.823
265.4	-58.852
265.45	-58.881
265.5	-58.911
265.55	-58.941
265.6	-58.972
265.65	-59.004
265.7	-59.035
265.75	-59.067
265.8	-59.1
265.85	-59.133
265.9	-59.166
265.95	-59.2
266.0	-59.234
266.05	-59.269
266.1	-59.304
266.15	-59.34
266.2	-59.375
266.25	-59.412
266.3	-59.449
266.35	-59.486
266.4	-59.524
266.45	-59.562
266.5	-59.601
266.55	-59.641
266.6	-59.682
266.65	-59.724
266.7	-59.766
266.75	-59.809
266.8	-59.854
266.85	-59.9
266.9	-59.947
266.95	-59.995
267.0	-60.043
267.05	-60.091
267.1	-60.138
267.15	-60.183
267.2	-60.226
267.25	-60.268
267.3	-60.308
267.35	-60.347
267.4	-60.383
267.45	-60.418
267.5	-60.452
267.55	-60.485
267.6	-60.516
267.65	-60.546
267.7	-60.575
267.75	-60.603
267.8	-60.631
267.85	-60.658
267.9	-60.685
267.95	-60.712
268.0	-60.739
268.05	-60.766
268.1	-60.794
268.15	-60.821
268.2	-60.848
268.25	-60.876
268.3	-60.902
268.35	-60.928
268.4	-60.954
268.45	-60.978
268.5	-61.003
268.55	-61.027
268.6	-61.052
268.65	-61.076
268.7	-61.1
268.75	-61.123
268.8	-61.146
268.85	-61.169
268.9	-61.192
268.95	-61.214
269.0	-61.236
269.05	-61.258
269.1	-61.28
269.15	-61.302
269.2	-61.324
269.25	-61.347
269.3	-61.369
269.35	-61.391
269.4	-61.414
269.45	-61.437
269.5	-61.46
269.55	-61.484
269.6	-61.508
269.65	-61.532
269.7	-61.558
269.75	-61.584
269.8	-61.611
269.85	-61.639
269.9	-61.668
269.95	-61.699
270.0	-61.73
270.05	-61.763
270.1	-61.797
270.15	-61.831
270.2	-61.867
270.25	-61.904
270.3	-61.941
270.35	-61.979
270.4	-62.017
270.45	-62.055
270.5	-62.093
270.55	-62.13
270.6	-62.167
270.65	-62.204
270.7	-62.24
270.75	-62.275
270.8	-62.31
270.85	-62.344
270.9	-62.378
270.95	-62.412
271.0	-62.446
271.05	-62.48
271.1	-62.514
271.15	-62.547
271.2	-62.581
271.25	-62.615
271.3	-62.649
271.35	-62.683
271.4	-62.717
271.45	-62.752
271.5	-62.786
271.55	-62.821
271.6	-62.855
271.65	-62.888
271.7	-62.92
271.75	-62.951
271.8	-62.982
271.85	-63.013
271.9	-63.042
271.95	-63.071
272.0	-63.099
272.05	-63.126
272.1	-63.152
272.15	-63.177
272.2	-63.2
272.25	-63.222
272.3	-63.242
272.35	-63.261
272.4	-63.278
272.45	-63.294
272.5	-63.308
272.55	-63.321
272.6	-63.332
272.65	-63.342
272.7	-63.35
272.75	-63.357
272.8	-63.363
272.85	-63.368
272.9	-63.372
272.95	-63.375
273.0	-63.377
273.05	-63.378
273.1	-63.379
273.15	-63.38
273.2	-63.38
273.25	-63.381
273.3	-63.381
273.35	-63.382
273.4	-63.382
273.45	-63.383
273.5	-63.384
273.55	-63.386
273.6	-63.388
273.65	-63.391
273.7	-63.393
273.75	-63.397
273.8	-63.401
273.85	-63.405
273.9	-63.411
273.95	-63.416
274.0	-63.423
274.05	-63.43
274.1	-63.437
274.15	-63.446
274.2	-63.455
274.25	-63.464
274.3	-63.475
274.35	-63.486
274.4	-63.497
274.45	-63.509
274.5	-63.522
274.55	-63.535
274.6	-63.549
274.65	-63.563
274.7	-63.578
274.75	-63.593
274.8	-63.609
274.85	-63.625
274.9	-63.641
274.95	-63.657
275.0	-63.673
275.05	-63.69
275.1	-63.708
275.15	-63.726
275.2	-63.744
275.25	-63.763
275.3	-63.782
275.35	-63.801
275.4	-63.821
275.45	-63.842
275.5	-63.864
275.55	-63.886
275.6	-63.909
275.65	-63.933
275.7	-63.958
275.75	-63.983
275.8	-64.009
275.85	-64.036
275.9	-64.064
275.95	-64.092
276.0	-64.121
276.05	-64.151
276.1	-64.18
276.15	-64.21
276.2	-64.239
276.25	-64.267
276.3	-64.295
276.35	-64.323
276.4	-64.349
276.45	-64.375
276.5	-64.4
276.55	-64.425
276.6	-64.449
276.65	-64.473
276.7	-64.497
276.75	-64.519
276.8	-64.542
276.85	-64.564
276.9	-64.586
276.95	-64.608
277.0	-64.629
277.05	-64.651
277.1	-64.672
277.15	-64.693
277.2	-64.714
277.25	-64.734
277.3	-64.754
277.35	-64.773
277.4	-64.792
277.45	-64.809
277.5	-64.825
277.55	-64.84
277.6	-64.853
277.65	-64.866
277.7	-64.877
277.75	-64.887
277.8	-64.896
277.85	-64.903
277.9	-64.909
277.95	-64.914
278.0	-64.917
278.05	-64.919
278.1	-64.919
278.15	-64.919
278.2	-64.917
278.25	-64.914
278.3	-64.91
278.35	-64.905
278.4	-64.899
278.45	-64.892
278.5	-64.884
278.55	-64.876
278.6	-64.868
278.65	-64.86
278.7	-64.851
278.75	-64.843
278.8	-64.834
278.85	-64.826
278.9	-64.819
278.95	-64.812
279.0	-64.806
279.05	-64.8
279.1	-64.795
279.15	-64.792
279.2	-64.788
279.25	-64.786
279.3	-64.784
279.35	-64.784
279.4	-64.783
279.45	-64.784
279.5	-64.785
279.55	-64.787
279.6	-64.789
279.65	-64.792
279.7	-64.795
279.75	-64.8
279.8	-64.804
279.85	-64.809
279.9	-64.814
279.95	-64.82
280.0	-64.826
280.05	-64.833
280.1	-64.84
280.15	-64.848
280.2	-64.856
280.25	-64.865
280.3	-64.874
280.35	-64.884
280.4	-64.894
280.45	-64.905
280.5	-64.917
280.55	-64.929
280.6	-64.942
280.65	-64.955
280.7	-64.968
280.75	-64.981
280.8	-64.993
280.85	-65.006
280.9	-65.018
280.95	-65.029
281.0	-65.039
281.05	-65.048
281.1	-65.055
281.15	-65.061
281.2	-65.064
281.25	-65.066
281.3	-65.065
281.35	-65.061
281.4	-65.056
281.45	-65.047
281.5	-65.036
281.55	-65.022
281.6	-65.005
281.65	-64.986
281.7	-64.964
281.75	-64.94
281.8	-64.915
281.85	-64.888
281.9	-64.862
281.95	-64.835
282.0	-64.809
282.05	-64.784
282.1	-64.762
282.15	-64.743
282.2	-64.725
282.25	-64.711
282.3	-64.698
282.35	-64.689
282.4	-64.681
282.45	-64.675
282.5	-64.671
282.55	-64.669
282.6	-64.669
282.65	-64.67
282.7	-64.672
282.75	-64.675
282.8	-64.679
282.85	-64.683
282.9	-64.689
282.95	-64.694
283.0	-64.699
283.05	-64.704
283.1	-64.709
283.15	-64.714
283.2	-64.718
283.25	-64.722
283.3	-64.725
283.35	-64.727
283.4	-64.729
283.45	-64.73
283.5	-64.731
283.55	-64.731
283.6	-64.731
283.65	-64.731
283.7	-64.731
283.75	-64.73
283.8	-64.729
283.85	-64.728
283.9	-64.728
283.95	-64.727
284.0	-64.726
284.05	-64.725
284.1	-64.724
284.15	-64.723
284.2	-64.723
284.25	-64.722
284.3	-64.721
284.35	-64.721
284.4	-64.721
284.45	-64.722
284.5	-64.723
284.55	-64.725
284.6	-64.728
284.65	-64.732
284.7	-64.738
284.75	-64.744
284.8	-64.752
284.85	-64.761
284.9	-64.771
284.95	-64.783
285.0	-64.797
285.05	-64.812
285.1	-64.828
285.15	-64.846
285.2	-64.865
285.25	-64.885
285.3	-64.906
285.35	-64.928
285.4	-64.952
285.45	-64.976
285.5	-65.001
285.55	-65.027
285.6	-65.054
285.65	-65.08
285.7	-65.106
285.75	-65.132
285.8	-65.157
285.85	-65.181
285.9	-65.204
285.95	-65.225
286.0	-65.244
286.05	-65.26
286.1	-65.273
286.15	-65.284
286.2	-65.291
286.25	-65.296
286.3	-65.298
286.35	-65.298
286.4	-65.294
286.45	-65.288
286.5	-65.279
286.55	-65.268
286.6	-65.255
286.65	-65.24
286.7	-65.223
286.75	-65.205
286.8	-65.185
286.85	-65.165
286.9	-65.144
286.95	-65.122
287.0	-65.1
287.05	-65.077
287.1	-65.055
287.15	-65.032
287.2	-65.01
287.25	-64.988
287.3	-64.967
287.35	-64.945
287.4	-64.924
287.45	-64.904
287.5	-64.884
287.55	-64.865
287.6	-64.847
287.65	-64.829
287.7	-64.812
287.75	-64.796
287.8	-64.781
287.85	-64.768
287.9	-64.756
287.95	-64.745
288.0	-64.735
288.05	-64.726
288.1	-64.719
288.15	-64.713
288.2	-64.707
288.25	-64.703
288.3	-64.699
288.35	-64.696
288.4	-64.694
288.45	-64.693
288.5	-64.692
288.55	-64.692
288.6	-64.692
288.65	-64.694
288.7	-64.696
288.75	-64.699
288.8	-64.702
288.85	-64.707
288.9	-64.711
288.95	-64.717
289.0	-64.723
289.05	-64.73
289.1	-64.738
289.15	-64.747
289.2	-64.757
289.25	-64.767
289.3	-64.778
289.35	-64.79
289.4	-64.802
289.45	-64.816
289.5	-64.83
289.55	-64.845
289.6	-64.861
289.65	-64.877
289.7	-64.894
289.75	-64.911
289.8	-64.928
289.85	-64.945
289.9	-64.962
289.95	-64.978
290.0	-64.994
290.05	-65.008
290.1	-65.022
290.15	-65.036
290.2	-65.048
290.25	-65.059
290.3	-65.069
290.35	-65.077
290.4	-65.085
290.45	-65.092
290.5	-65.098
290.55	-65.103
290.6	-65.107
290.65	-65.109
290.7	-65.112
290.75	-65.112
290.8	-65.113
290.85	-65.112
290.9	-65.111
290.95	-65.109
291.0	-65.106
291.05	-65.102
291.1	-65.098
291.15	-65.094
291.2	-65.089
291.25	-65.084
291.3	-65.079
291.35	-65.073
291.4	-65.068
291.45	-65.062
291.5	-65.056
291.55	-65.05
291.6	-65.044
291.65	-65.038
291.7	-65.032
291.75	-65.026
291.8	-65.02
291.85	-65.015
291.9	-65.01
291.95	-65.005
292.0	-65.0
292.05	-64.996
292.1	-64.992
292.15	-64.989
292.2	-64.986
292.25	-64.983
292.3	-64.981
292.35	-64.979
292.4	-64.978
292.45	-64.977
292.5	-64.977
292.55	-64.977
292.6	-64.977
292.65	-64.979
292.7	-64.98
292.75	-64.983
292.8	-64.985
292.85	-64.989
292.9	-64.993
292.95	-64.998
293.0	-65.003
293.05	-65.01
293.1	-65.017
293.15	-65.025
293.2	-65.034
293.25	-65.044
293.3	-65.055
293.35	-65.067
293.4	-65.08
293.45	-65.094
293.5	-65.11
293.55	-65.127
293.6	-65.146
293.65	-65.166
293.7	-65.187
293.75	-65.21
293.8	-65.235
293.85	-65.261
293.9	-65.289
293.95	-65.318
294.0	-65.349
294.05	-65.381
294.1	-65.413
294.15	-65.446
294.2	-65.478
294.25	-65.51
294.3	-65.541
294.35	-65.57
294.4	-65.597
294.45	-65.622
294.5	-65.644
294.55	-65.665
294.6	-65.682
294.65	-65.697
294.7	-65.709
294.75	-65.718
294.8	-65.723
