294.85	-65.726
294.9	-65.726
294.95	-65.723
295.0	-65.717
295.05	-65.708
295.1	-65.696
295.15	-65.682
295.2	-65.664
295.25	-65.643
295.3	-65.62
295.35	-65.593
295.4	-65.564
295.45	-65.532
295.5	-65.499
295.55	-65.463
295.6	-65.426
295.65	-65.388
295.7	-65.352
295.75	-65.316
295.8	-65.281
295.85	-65.248
295.9	-65.218
295.95	-65.188
296.0	-65.161
296.05	-65.135
296.1	-65.111
296.15	-65.089
296.2	-65.069
296.25	-65.05
296.3	-65.032
296.35	-65.016
296.4	-65.001
296.45	-64.987
296.5	-64.974
296.55	-64.962
296.6	-64.951
296.65	-64.941
296.7	-64.931
296.75	-64.922
296.8	-64.914
296.85	-64.905
296.9	-64.898
296.95	-64.89
297.0	-64.884
297.05	-64.877
297.1	-64.871
297.15	-64.865
297.2	-64.859
297.25	-64.853
297.3	-64.848
297.35	-64.843
297.4	-64.838
297.45	-64.833
297.5	-64.828
297.55	-64.824
297.6	-64.819
297.65	-64.814
297.7	-64.81
297.75	-64.805
297.8	-64.801
297.85	-64.797
297.9	-64.792
297.95	-64.788
298.0	-64.784
298.05	-64.781
298.1	-64.778
298.15	-64.775
298.2	-64.773
298.25	-64.773
298.3	-64.772
298.35	-64.773
298.4	-64.775
298.45	-64.778
298.5	-64.782
298.55	-64.787
298.6	-64.793
298.65	-64.8
298.7	-64.808
298.75	-64.817
298.8	-64.826
298.85	-64.836
298.9	-64.845
298.95	-64.854
299.0	-64.863
299.05	-64.871
299.1	-64.878
299.15	-64.884
299.2	-64.889
299.25	-64.892
299.3	-64.894
299.35	-64.893
299.4	-64.891
299.45	-64.887
299.5	-64.882
299.55	-64.874
299.6	-64.864
299.65	-64.853
299.7	-64.839
299.75	-64.823
299.8	-64.806
299.85	-64.787
299.9	-64.767
299.95	-64.745
300.0	-64.722
300.05	-64.698
300.1	-64.674
300.15	-64.649
300.2	-64.623
300.25	-64.598
300.3	-64.572
300.35	-64.547
300.4	-64.521
300.45	-64.496
300.5	-64.472
300.55	-64.448
300.6	-64.424
300.65	-64.4
300.7	-64.377
300.75	-64.354
300.8	-64.331
300.85	-64.309
300.9	-64.286
300.95	-64.264
301.0	-64.242
301.05	-64.221
301.1	-64.2
301.15	-64.179
301.2	-64.158
301.25	-64.138
301.3	-64.118
301.35	-64.097
301.4	-64.077
301.45	-64.058
301.5	-64.039
301.55	-64.02
301.6	-64.002
301.65	-63.984
301.7	-63.967
301.75	-63.95
301.8	-63.934
301.85	-63.919
301.9	-63.905
301.95	-63.891
302.0	-63.879
302.05	-63.867
302.1	-63.856
302.15	-63.847
302.2	-63.839
302.25	-63.832
302.3	-63.826
302.35	-63.821
302.4	-63.817
302.45	-63.816
302.5	-63.815
302.55	-63.816
302.6	-63.818
302.65	-63.821
302.7	-63.826
302.75	-63.832
302.8	-63.84
302.85	-63.85
302.9	-63.86
302.95	-63.872
303.0	-63.886
303.05	-63.9
303.1	-63.916
303.15	-63.933
303.2	-63.951
303.25	-63.969
303.3	-63.988
303.35	-64.007
303.4	-64.027
303.45	-64.046
303.5	-64.064
303.55	-64.082
303.6	-64.099
303.65	-64.114
303.7	-64.128
303.75	-64.139
303.8	-64.149
303.85	-64.157
303.9	-64.162
303.95	-64.165
304.0	-64.166
304.05	-64.164
304.1	-64.16
304.15	-64.154
304.2	-64.145
304.25	-64.133
304.3	-64.119
304.35	-64.102
304.4	-64.083
304.45	-64.061
304.5	-64.037
304.55	-64.01
304.6	-63.982
304.65	-63.952
304.7	-63.921
304.75	-63.89
304.8	-63.858
304.85	-63.827
304.9	-63.796
304.95	-63.766
305.0	-63.737
305.05	-63.71
305.1	-63.683
305.15	-63.657
305.2	-63.633
305.25	-63.611
305.3	-63.59
305.35	-63.57
305.4	-63.552
305.45	-63.536
305.5	-63.521
305.55	-63.507
305.6	-63.495
305.65	-63.483
305.7	-63.473
305.75	-63.464
305.8	-63.456
305.85	-63.449
305.9	-63.442
305.95	-63.437
306.0	-63.431
306.05	-63.427
306.1	-63.422
306.15	-63.418
306.2	-63.414
306.25	-63.411
306.3	-63.407
306.35	-63.404
306.4	-63.4
306.45	-63.396
306.5	-63.392
306.55	-63.388
306.6	-63.383
306.65	-63.379
306.7	-63.374
306.75	-63.368
306.8	-63.363
306.85	-63.357
306.9	-63.351
306.95	-63.346
307.0	-63.34
307.05	-63.334
307.1	-63.328
307.15	-63.322
307.2	-63.316
307.25	-63.311
307.3	-63.306
307.35	-63.301
307.4	-63.296
307.45	-63.292
307.5	-63.288
307.55	-63.286
307.6	-63.283
307.65	-63.282
307.7	-63.281
307.75	-63.281
307.8	-63.282
307.85	-63.284
307.9	-63.286
307.95	-63.288
308.0	-63.29
308.05	-63.293
308.1	-63.294
308.15	-63.296
308.2	-63.296
308.25	-63.297
308.3	-63.296
308.35	-63.295
308.4	-63.293
308.45	-63.289
308.5	-63.284
308.55	-63.278
308.6	-63.271
308.65	-63.262
308.7	-63.252
308.75	-63.24
308.8	-63.227
308.85	-63.213
308.9	-63.198
308.95	-63.181
309.0	-63.163
309.05	-63.145
309.1	-63.126
309.15	-63.106
309.2	-63.086
309.25	-63.067
309.3	-63.047
309.35	-63.028
309.4	-63.01
309.45	-62.993
309.5	-62.978
309.55	-62.963
309.6	-62.95
309.65	-62.939
309.7	-62.929
309.75	-62.921
309.8	-62.915
309.85	-62.911
309.9	-62.909
309.95	-62.908
310.0	-62.91
310.05	-62.913
310.1	-62.918
310.15	-62.925
310.2	-62.933
310.25	-62.943
310.3	-62.954
310.35	-62.967
310.4	-62.98
310.45	-62.994
310.5	-63.009
310.55	-63.025
310.6	-63.04
310.65	-63.056
310.7	-63.072
310.75	-63.087
310.8	-63.101
310.85	-63.115
310.9	-63.127
310.95	-63.139
311.0	-63.15
311.05	-63.159
311.1	-63.168
311.15	-63.175
311.2	-63.181
311.25	-63.186
311.3	-63.189
311.35	-63.192
311.4	-63.193
311.45	-63.194
311.5	-63.194
311.55	-63.193
311.6	-63.191
311.65	-63.188
311.7	-63.186
311.75	-63.182
311.8	-63.179
311.85	-63.175
311.9	-63.171
311.95	-63.168
312.0	-63.164
312.05	-63.161
312.1	-63.158
312.15	-63.155
312.2	-63.153
312.25	-63.151
312.3	-63.15
312.35	-63.149
312.4	-63.148
312.45	-63.147
312.5	-63.146
312.55	-63.145
312.6	-63.143
312.65	-63.141
312.7	-63.138
312.75	-63.134
312.8	-63.13
312.85	-63.125
312.9	-63.118
312.95	-63.111
313.0	-63.102
313.05	-63.093
313.1	-63.082
313.15	-63.07
313.2	-63.057
313.25	-63.042
313.3	-63.027
313.35	-63.01
313.4	-62.993
313.45	-62.975
313.5	-62.956
313.55	-62.937
313.6	-62.918
313.65	-62.898
313.7	-62.879
313.75	-62.859
313.8	-62.84
313.85	-62.822
313.9	-62.805
313.95	-62.788
314.0	-62.773
314.05	-62.759
314.1	-62.745
314.15	-62.732
314.2	-62.721
314.25	-62.71
314.3	-62.701
314.35	-62.691
314.4	-62.683
314.45	-62.674
314.5	-62.667
314.55	-62.658
314.6	-62.652
314.65	-62.643
314.7	-62.637
314.75	-62.628
314.8	-62.621
314.85	-62.613
314.9	-62.606
314.95	-62.597
315.0	-62.59
315.05	-62.581
315.1	-62.572
315.15	-62.563
315.2	-62.554
315.25	-62.544
315.3	-62.535
315.35	-62.525
315.4	-62.515
315.45	-62.504
315.5	-62.493
315.55	-62.482
315.6	-62.47
315.65	-62.458
315.7	-62.446
315.75	-62.433
315.8	-62.421
315.85	-62.408
315.9	-62.395
315.95	-62.383
316.0	-62.371
316.05	-62.359
316.1	-62.348
316.15	-62.338
316.2	-62.328
316.25	-62.319
316.3	-62.311
316.35	-62.304
316.4	-62.298
316.45	-62.294
316.5	-62.29
316.55	-62.288
316.6	-62.288
316.65	-62.289
316.7	-62.291
316.75	-62.295
316.8	-62.301
316.85	-62.308
316.9	-62.317
316.95	-62.326
317.0	-62.338
317.05	-62.35
317.1	-62.362
317.15	-62.376
317.2	-62.389
317.25	-62.403
317.3	-62.416
317.35	-62.429
317.4	-62.441
317.45	-62.452
317.5	-62.462
317.55	-62.47
317.6	-62.477
317.65	-62.483
317.7	-62.486
317.75	-62.489
317.8	-62.489
317.85	-62.488
317.9	-62.485
317.95	-62.48
318.0	-62.473
318.05	-62.465
318.1	-62.455
318.15	-62.444
318.2	-62.431
318.25	-62.417
318.3	-62.402
318.35	-62.386
318.4	-62.369
318.45	-62.353
318.5	-62.336
318.55	-62.32
318.6	-62.304
318.65	-62.289
318.7	-62.274
318.75	-62.26
318.8	-62.246
318.85	-62.234
318.9	-62.222
318.95	-62.211
319.0	-62.201
319.05	-62.191
319.1	-62.182
319.15	-62.174
319.2	-62.166
319.25	-62.159
319.3	-62.153
319.35	-62.147
319.4	-62.141
319.45	-62.135
319.5	-62.13
319.55	-62.125
319.6	-62.119
319.65	-62.114
319.7	-62.109
319.75	-62.103
319.8	-62.097
319.85	-62.091
319.9	-62.084
319.95	-62.077
320.0	-62.069
320.05	-62.061
320.1	-62.052
320.15	-62.042
320.2	-62.032
320.25	-62.021
320.3	-62.009
320.35	-61.996
320.4	-61.983
320.45	-61.969
320.5	-61.955
320.55	-61.941
320.6	-61.927
320.65	-61.914
320.7	-61.9
320.75	-61.888
320.8	-61.876
320.85	-61.865
320.9	-61.855
320.95	-61.846
321.0	-61.838
321.05	-61.831
321.1	-61.825
321.15	-61.82
321.2	-61.815
321.25	-61.811
321.3	-61.808
321.35	-61.805
321.4	-61.802
321.45	-61.799
321.5	-61.795
321.55	-61.791
321.6	-61.786
321.65	-61.781
321.7	-61.774
321.75	-61.766
321.8	-61.757
321.85	-61.747
321.9	-61.735
321.95	-61.721
322.0	-61.706
322.05	-61.69
322.1	-61.672
322.15	-61.652
322.2	-61.631
322.25	-61.609
322.3	-61.585
322.35	-61.56
322.4	-61.535
322.45	-61.507
322.5	-61.479
322.55	-61.449
322.6	-61.417
322.65	-61.385
322.7	-61.351
322.75	-61.316
322.8	-61.281
322.85	-61.246
322.9	-61.211
322.95	-61.176
323.0	-61.141
323.05	-61.108
323.1	-61.075
323.15	-61.044
323.2	-61.013
323.25	-60.983
323.3	-60.955
323.35	-60.927
323.4	-60.899
323.45	-60.873
323.5	-60.847
323.55	-60.822
323.6	-60.797
323.65	-60.773
323.7	-60.749
323.75	-60.725
323.8	-60.702
323.85	-60.679
323.9	-60.657
323.95	-60.636
324.0	-60.615
324.05	-60.594
324.1	-60.574
324.15	-60.555
324.2	-60.536
324.25	-60.518
324.3	-60.501
324.35	-60.485
324.4	-60.47
324.45	-60.455
324.5	-60.442
324.55	-60.43
324.6	-60.419
324.65	-60.408
324.7	-60.4
324.75	-60.391
324.8	-60.385
324.85	-60.378
324.9	-60.374
324.95	-60.37
325.0	-60.368
325.05	-60.366
325.1	-60.366
325.15	-60.366
325.2	-60.368
325.25	-60.369
325.3	-60.372
325.35	-60.375
325.4	-60.381
325.45	-60.386
325.5	-60.394
325.55	-60.403
325.6	-60.414
325.65	-60.426
325.7	-60.44
325.75	-60.455
325.8	-60.473
325.85	-60.491
325.9	-60.512
325.95	-60.533
326.0	-60.556
326.05	-60.579
326.1	-60.602
326.15	-60.625
326.2	-60.648
326.25	-60.669
326.3	-60.69
326.35	-60.708
326.4	-60.725
326.45	-60.74
326.5	-60.753
326.55	-60.764
326.6	-60.773
326.65	-60.78
326.7	-60.784
326.75	-60.787
326.8	-60.788
326.85	-60.786
326.9	-60.783
326.95	-60.778
327.0	-60.771
327.05	-60.762
327.1	-60.752
327.15	-60.74
327.2	-60.727
327.25	-60.714
327.3	-60.7
327.35	-60.686
327.4	-60.671
327.45	-60.657
327.5	-60.642
327.55	-60.629
327.6	-60.615
327.65	-60.603
327.7	-60.591
327.75	-60.58
327.8	-60.57
327.85	-60.56
327.9	-60.551
327.95	-60.543
328.0	-60.534
328.05	-60.526
328.1	-60.518
328.15	-60.51
328.2	-60.501
328.25	-60.491
328.3	-60.481
328.35	-60.47
328.4	-60.457
328.45	-60.444
328.5	-60.429
328.55	-60.412
328.6	-60.394
328.65	-60.374
328.7	-60.354
328.75	-60.331
328.8	-60.309
328.85	-60.285
328.9	-60.262
328.95	-60.24
329.0	-60.218
329.05	-60.197
329.1	-60.177
329.15	-60.158
329.2	-60.141
329.25	-60.124
329.3	-60.11
329.35	-60.096
329.4	-60.084
329.45	-60.074
329.5	-60.064
329.55	-60.057
329.6	-60.05
329.65	-60.045
329.7	-60.041
329.75	-60.038
329.8	-60.036
329.85	-60.035
329.9	-60.035
329.95	-60.037
330.0	-60.039
330.05	-60.042
330.1	-60.046
330.15	-60.052
330.2	-60.058
330.25	-60.066
330.3	-60.074
330.35	-60.083
330.4	-60.094
330.45	-60.106
330.5	-60.118
330.55	-60.131
330.6	-60.145
330.65	-60.159
330.7	-60.173
330.75	-60.187
330.8	-60.201
330.85	-60.213
330.9	-60.225
330.95	-60.236
331.0	-60.245
331.05	-60.253
331.1	-60.26
331.15	-60.264
331.2	-60.267
331.25	-60.268
331.3	-60.266
331.35	-60.263
331.4	-60.258
331.45	-60.251
331.5	-60.242
331.55	-60.231
331.6	-60.219
331.65	-60.205
331.7	-60.189
331.75	-60.172
331.8	-60.154
331.85	-60.135
331.9	-60.116
331.95	-60.096
332.0	-60.076
332.05	-60.056
332.1	-60.037
332.15	-60.017
332.2	-59.998
332.25	-59.979
332.3	-59.96
332.35	-59.94
332.4	-59.921
332.45	-59.901
332.5	-59.88
332.55	-59.859
332.6	-59.837
332.65	-59.816
332.7	-59.794
332.75	-59.772
332.8	-59.75
332.85	-59.729
332.9	-59.708
332.95	-59.689
333.0	-59.672
333.05	-59.656
333.1	-59.642
333.15	-59.629
333.2	-59.619
333.25	-59.61
333.3	-59.603
333.35	-59.598
333.4	-59.594
333.45	-59.591
333.5	-59.59
333.55	-59.59
333.6	-59.591
333.65	-59.593
333.7	-59.596
333.75	-59.599
333.8	-59.603
333.85	-59.608
333.9	-59.613
333.95	-59.617
334.0	-59.622
334.05	-59.627
334.1	-59.633
334.15	-59.638
334.2	-59.643
334.25	-59.649
334.3	-59.655
334.35	-59.66
334.4	-59.666
334.45	-59.672
334.5	-59.679
334.55	-59.686
334.6	-59.693
334.65	-59.7
334.7	-59.708
334.75	-59.715
334.8	-59.723
334.85	-59.731
334.9	-59.738
334.95	-59.746
335.0	-59.753
335.05	-59.76
335.1	-59.767
335.15	-59.773
335.2	-59.778
335.25	-59.783
335.3	-59.786
335.35	-59.789
335.4	-59.79
335.45	-59.791
335.5	-59.79
335.55	-59.789
335.6	-59.786
335.65	-59.782
335.7	-59.777
335.75	-59.771
335.8	-59.764
335.85	-59.756
335.9	-59.747
335.95	-59.736
336.0	-59.725
336.05	-59.714
336.1	-59.701
336.15	-59.687
336.2	-59.673
336.25	-59.658
336.3	-59.643
336.35	-59.627
336.4	-59.611
336.45	-59.594
336.5	-59.578
336.55	-59.562
336.6	-59.546
336.65	-59.531
336.7	-59.516
336.75	-59.501
336.8	-59.487
336.85	-59.474
336.9	-59.462
336.95	-59.451
337.0	-59.44
337.05	-59.431
337.1	-59.422
337.15	-59.415
337.2	-59.408
337.25	-59.401
337.3	-59.395
337.35	-59.39
337.4	-59.384
337.45	-59.379
337.5	-59.373
337.55	-59.368
337.6	-59.361
337.65	-59.354
337.7	-59.346
337.75	-59.337
337.8	-59.327
337.85	-59.315
337.9	-59.302
337.95	-59.288
338.0	-59.271
338.05	-59.254
338.1	-59.234
338.15	-59.214
338.2	-59.192
338.25	-59.169
338.3	-59.145
338.35	-59.121
338.4	-59.097
338.45	-59.073
338.5	-59.049
338.55	-59.027
338.6	-59.005
338.65	-58.985
338.7	-58.965
338.75	-58.947
338.8	-58.931
338.85	-58.916
338.9	-58.903
338.95	-58.891
339.0	-58.882
339.05	-58.875
339.1	-58.869
339.15	-58.866
339.2	-58.864
339.25	-58.864
339.3	-58.865
339.35	-58.868
339.4	-58.871
339.45	-58.877
339.5	-58.883
339.55	-58.889
339.6	-58.897
339.65	-58.904
339.7	-58.912
339.75	-58.919
339.8	-58.926
339.85	-58.932
339.9	-58.937
339.95	-58.941
340.0	-58.945
340.05	-58.947
340.1	-58.947
340.15	-58.946
340.2	-58.944
340.25	-58.939
340.3	-58.932
340.35	-58.924
340.4	-58.913
340.45	-58.9
340.5	-58.885
340.55	-58.867
340.6	-58.847
340.65	-58.825
340.7	-58.801
340.75	-58.774
340.8	-58.744
340.85	-58.713
340.9	-58.679
340.95	-58.645
341.0	-58.609
341.05	-58.573
341.1	-58.536
341.15	-58.5
341.2	-58.463
341.25	-58.427
341.3	-58.39
341.35	-58.354
341.4	-58.319
341.45	-58.285
341.5	-58.252
341.55	-58.219
341.6	-58.187
341.65	-58.156
341.7	-58.126
341.75	-58.096
341.8	-58.068
341.85	-58.039
341.9	-58.012
341.95	-57.985
342.0	-57.959
342.05	-57.934
342.1	-57.91
342.15	-57.887
342.2	-57.865
342.25	-57.844
342.3	-57.824
342.35	-57.805
342.4	-57.788
342.45	-57.771
342.5	-57.756
342.55	-57.742
342.6	-57.729
342.65	-57.718
342.7	-57.708
342.75	-57.698
342.8	-57.69
342.85	-57.683
342.9	-57.677
342.95	-57.672
343.0	-57.668
343.05	-57.665
343.1	-57.664
343.15	-57.663
343.2	-57.664
343.25	-57.666
343.3	-57.67
343.35	-57.674
343.4	-57.68
343.45	-57.687
343.5	-57.695
343.55	-57.705
343.6	-57.716
343.65	-57.729
343.7	-57.744
343.75	-57.76
343.8	-57.777
343.85	-57.796
343.9	-57.817
343.95	-57.84
344.0	-57.863
344.05	-57.888
344.1	-57.912
344.15	-57.936
344.2	-57.96
344.25	-57.982
344.3	-58.003
344.35	-58.022
344.4	-58.039
344.45	-58.054
344.5	-58.067
344.55	-58.077
344.6	-58.084
344.65	-58.089
344.7	-58.091
344.75	-58.089
344.8	-58.085
344.85	-58.077
344.9	-58.066
344.95	-58.052
345.0	-58.034
345.05	-58.013
345.1	-57.989
345.15	-57.961
345.2	-57.931
345.25	-57.897
345.3	-57.861
345.35	-57.822
345.4	-57.78
345.45	-57.737
345.5	-57.692
345.55	-57.647
345.6	-57.602
345.65	-57.558
345.7	-57.516
345.75	-57.476
345.8	-57.437
345.85	-57.4
345.9	-57.365
345.95	-57.332
346.0	-57.301
346.05	-57.272
346.1	-57.246
346.15	-57.222
346.2	-57.2
346.25	-57.18
346.3	-57.161
346.35	-57.144
346.4	-57.129
346.45	-57.115
346.5	-57.101
346.55	-57.089
346.6	-57.077
346.65	-57.065
346.7	-57.054
346.75	-57.042
346.8	-57.029
346.85	-57.017
346.9	-57.003
346.95	-56.989
347.0	-56.975
347.05	-56.959
347.1	-56.943
347.15	-56.925
347.2	-56.908
347.25	-56.89
347.3	-56.872
347.35	-56.855
347.4	-56.837
347.45	-56.82
347.5	-56.804
347.55	-56.789
347.6	-56.776
347.65	-56.764
347.7	-56.754
347.75	-56.747
347.8	-56.741
347.85	-56.738
347.9	-56.736
347.95	-56.737
348.0	-56.739
348.05	-56.743
348.1	-56.749
348.15	-56.757
348.2	-56.766
348.25	-56.776
348.3	-56.787
348.35	-56.799
348.4	-56.81
348.45	-56.822
348.5	-56.833
348.55	-56.843
348.6	-56.852
348.65	-56.86
348.7	-56.867
348.75	-56.873
348.8	-56.878
348.85	-56.881
348.9	-56.883
348.95	-56.884
349.0	-56.884
349.05	-56.883
349.1	-56.88
349.15	-56.877
349.2	-56.873
349.25	-56.868
349.3	-56.862
349.35	-56.855
349.4	-56.847
349.45	-56.839
349.5	-56.829
349.55	-56.82
349.6	-56.809
349.65	-56.798
349.7	-56.786
349.75	-56.774
349.8	-56.761
349.85	-56.747
349.9	-56.734
349.95	-56.719
350.0	-56.705
350.05	-56.691
350.1	-56.676
350.15	-56.663
350.2	-56.649
350.25	-56.636
350.3	-56.624
350.35	-56.612
350.4	-56.601
350.45	-56.591
350.5	-56.582
350.55	-56.574
350.6	-56.566
350.65	-56.559
350.7	-56.552
350.75	-56.546
350.8	-56.541
350.85	-56.536
350.9	-56.531
350.95	-56.526
351.0	-56.522
351.05	-56.517
351.1	-56.513
351.15	-56.509
351.2	-56.505
351.25	-56.501
351.3	-56.496
351.35	-56.492
351.4	-56.488
351.45	-56.484
351.5	-56.481
351.55	-56.477
351.6	-56.474
351.65	-56.47
351.7	-56.467
351.75	-56.465
351.8	-56.462
351.85	-56.46
351.9	-56.459
351.95	-56.458
352.0	-56.458
352.05	-56.458
352.1	-56.459
352.15	-56.462
352.2	-56.464
352.25	-56.468
352.3	-56.472
352.35	-56.477
352.4	-56.483
352.45	-56.49
352.5	-56.497
352.55	-56.504
352.6	-56.513
352.65	-56.522
352.7	-56.531
352.75	-56.542
352.8	-56.552
352.85	-56.564
352.9	-56.575
352.95	-56.587
353.0	-56.599
353.05	-56.611
353.1	-56.624
353.15	-56.635
353.2	-56.647
353.25	-56.657
353.3	-56.667
353.35	-56.675
353.4	-56.682
353.45	-56.688
353.5	-56.692
353.55	-56.695
353.6	-56.696
353.65	-56.696
353.7	-56.694
353.75	-56.69
353.8	-56.685
353.85	-56.677
353.9	-56.668
353.95	-56.658
354.0	-56.646
354.05	-56.632
354.1	-56.617
354.15	-56.6
354.2	-56.583
354.25	-56.564
354.3	-56.544
354.35	-56.523
354.4	-56.501
354.45	-56.479
354.5	-56.455
354.55	-56.431
354.6	-56.407
354.65	-56.382
354.7	-56.358
354.75	-56.334
354.8	-56.31
354.85	-56.287
354.9	-56.264
354.95	-56.241
355.0	-56.22
355.05	-56.199
355.1	-56.178
355.15	-56.159
355.2	-56.14
355.25	-56.121
355.3	-56.102
355.35	-56.084
355.4	-56.066
355.45	-56.048
355.5	-56.029
355.55	-56.01
355.6	-55.99
355.65	-55.97
355.7	-55.95
355.75	-55.928
355.8	-55.907
355.85	-55.884
355.9	-55.861
355.95	-55.838
356.0	-55.814
356.05	-55.79
356.1	-55.765
356.15	-55.741
356.2	-55.716
356.25	-55.692
356.3	-55.668
356.35	-55.646
356.4	-55.624
356.45	-55.603
356.5	-55.583
356.55	-55.565
356.6	-55.547
356.65	-55.531
356.7	-55.517
356.75	-55.503
356.8	-55.492
356.85	-55.482
356.9	-55.473
356.95	-55.467
357.0	-55.462
357.05	-55.46
357.1	-55.459
357.15	-55.46
357.2	-55.462
357.25	-55.467
357.3	-55.473
357.35	-55.48
357.4	-55.489
357.45	-55.5
357.5	-55.512
357.55	-55.524
357.6	-55.537
357.65	-55.551
357.7	-55.564
357.75	-55.578
357.8	-55.59
357.85	-55.601
357.9	-55.611
357.95	-55.619
358.0	-55.625
358.05	-55.63
358.1	-55.633
358.15	-55.634
358.2	-55.634
358.25	-55.631
358.3	-55.626
358.35	-55.62
358.4	-55.611
358.45	-55.601
358.5	-55.588
358.55	-55.574
358.6	-55.558
358.65	-55.54
358.7	-55.521
358.75	-55.501
358.8	-55.48
358.85	-55.457
358.9	-55.434
358.95	-55.409
359.0	-55.384
359.05	-55.358
359.1	-55.332
359.15	-55.305
359.2	-55.278
359.25	-55.251
359.3	-55.225
359.35	-55.198
359.4	-55.172
359.45	-55.147
359.5	-55.122
359.55	-55.098
359.6	-55.075
359.65	-55.052
359.7	-55.03
359.75	-55.009
359.8	-54.988
359.85	-54.969
359.9	-54.951
359.95	-54.933
360.0	-54.917
360.05	-54.901
360.1	-54.886
360.15	-54.872
360.2	-54.86
360.25	-54.847
360.3	-54.836
360.35	-54.825
360.4	-54.814
360.45	-54.804
360.5	-54.794
360.55	-54.784
360.6	-54.775
360.65	-54.765
360.7	-54.755
360.75	-54.744
360.8	-54.734
360.85	-54.722
360.9	-54.711
360.95	-54.699
361.0	-54.687
361.05	-54.674
361.1	-54.661
361.15	-54.648
361.2	-54.634
361.25	-54.621
361.3	-54.607
361.35	-54.593
361.4	-54.579
361.45	-54.565
361.5	-54.551
361.55	-54.536
361.6	-54.522
361.65	-54.508
361.7	-54.494
361.75	-54.481
361.8	-54.468
361.85	-54.456
361.9	-54.444
361.95	-54.432
362.0	-54.421
362.05	-54.41
362.1	-54.399
362.15	-54.39
362.2	-54.379
362.25	-54.37
362.3	-54.36
362.35	-54.35
362.4	-54.34
362.45	-54.33
362.5	-54.32
362.55	-54.31
362.6	-54.299
362.65	-54.288
362.7	-54.276
362.75	-54.263
362.8	-54.25
362.85	-54.235
362.9	-54.22
362.95	-54.204
363.0	-54.187
363.05	-54.168
363.1	-54.148
363.15	-54.127
363.2	-54.104
363.25	-54.081
363.3	-54.055
363.35	-54.028
363.4	-54.0
363.45	-53.97
363.5	-53.94
363.55	-53.908
363.6	-53.875
363.65	-53.841
363.7	-53.806
363.75	-53.77
363.8	-53.735
363.85	-53.699
363.9	-53.664
363.95	-53.628
364.0	-53.593
364.05	-53.558
364.1	-53.524
364.15	-53.49
364.2	-53.456
364.25	-53.423
364.3	-53.391
364.35	-53.359
364.4	-53.329
364.45	-53.299
364.5	-53.271
364.55	-53.244
364.6	-53.218
364.65	-53.193
364.7	-53.17
364.75	-53.148
364.8	-53.127
364.85	-53.107
364.9	-53.089
364.95	-53.072
365.0	-53.057
365.05	-53.042
365.1	-53.028
365.15	-53.015
365.2	-53.002
365.25	-52.989
365.3	-52.977
365.35	-52.965
365.4	-52.952
365.45	-52.94
365.5	-52.927
365.55	-52.915
365.6	-52.902
365.65	-52.888
365.7	-52.875
365.75	-52.861
365.8	-52.848
365.85	-52.834
365.9	-52.82
365.95	-52.806
366.0	-52.792
366.05	-52.779
366.1	-52.766
366.15	-52.754
366.2	-52.742
366.25	-52.731
366.3	-52.72
366.35	-52.709
366.4	-52.698
366.45	-52.686
366.5	-52.674
366.55	-52.662
366.6	-52.648
366.65	-52.634
366.7	-52.618
366.75	-52.601
366.8	-52.582
366.85	-52.561
366.9	-52.538
366.95	-52.511
367.0	-52.481
367.05	-52.448
367.1	-52.411
367.15	-52.37
367.2	-52.324
367.25	-52.274
367.3	-52.219
367.35	-52.158
367.4	-52.092
367.45	-52.021
367.5	-51.944
367.55	-51.862
367.6	-51.775
367.65	-51.685
367.7	-51.591
367.75	-51.494
367.8	-51.393
367.85	-51.289
367.9	-51.181
367.95	-51.07
368.0	-50.954
368.05	-50.834
368.1	-50.708
368.15	-50.577
368.2	-50.44
368.25	-50.3
368.3	-50.155
368.35	-50.004
368.4	-49.847
368.45	-49.684
368.5	-49.514
368.55	-49.337
368.6	-49.151
368.65	-48.957
368.7	-48.756
368.75	-48.545
368.8	-48.324
368.85	-48.088
368.9	-47.838
368.95	-47.574
369.0	-47.295
369.05	-47.001
369.1	-46.691
369.15	-46.37
369.2	-46.035
369.25	-45.679
369.3	-45.297
369.35	-44.894
369.4	-44.48
369.45	-44.051
369.5	-43.592
369.55	-43.094
369.6	-42.551
369.65	-41.958
369.7	-41.32
369.75	-40.661
369.8	-39.982
369.85	-39.258
369.9	-38.454
369.95	-37.587
370.0	-36.7
370.05	-35.765
370.1	-34.734
370.15	-33.559
370.2	-32.276
370.25	-30.995
370.3	-29.696
370.35	-28.305
370.4	-26.845
370.45	-25.364
370.5	-23.843
370.55	-22.264
370.6	-20.715
370.65	-19.205
370.7	-17.686
370.75	-16.227
370.8	-14.812
370.85	-13.459
370.9	-12.16
370.95	-10.891
371.0	-9.711
371.05	-8.608
371.1	-7.588
371.15	-6.667
371.2	-5.831
371.25	-5.084
371.3	-4.389
371.35	-3.708
371.4	-3.054
371.45	-2.44
371.5	-1.86
371.55	-1.295
371.6	-0.735
371.65	-0.192
371.7	0.313
371.75	0.773
371.8	1.196
371.85	1.6
371.9	1.985
371.95	2.349
372.0	2.691
372.05	3.011
372.1	3.313
372.15	3.598
372.2	3.87
372.25	4.132
372.3	4.383
372.35	4.624
372.4	4.856
372.45	5.082
372.5	5.301
372.55	5.512
372.6	5.717
372.65	5.917
372.7	6.11
372.75	6.295
372.8	6.471
372.85	6.638
372.9	6.796
372.95	6.945
373.0	7.086
373.05	7.219
373.1	7.345
373.15	7.466
373.2	7.58
373.25	7.689
373.3	7.793
373.35	7.893
373.4	7.987
373.45	8.077
373.5	8.162
373.55	8.243
373.6	8.32
373.65	8.393
373.7	8.461
373.75	8.527
373.8	8.589
373.85	8.647
373.9	8.704
373.95	8.757
374.0	8.807
374.05	8.854
374.1	8.899
374.15	8.941
374.2	8.981
374.25	9.018
374.3	9.053
374.35	9.086
374.4	9.117
374.45	9.146
374.5	9.172
374.55	9.197
374.6	9.219
374.65	9.24
374.7	9.258
374.75	9.275
374.8	9.291
374.85	9.304
374.9	9.316
374.95	9.325
375.0	9.333
375.05	9.339
375.1	9.343
375.15	9.345
375.2	9.345
375.25	9.343
375.3	9.339
375.35	9.333
375.4	9.325
375.45	9.316
375.5	9.304
375.55	9.291
375.6	9.276
375.65	9.259
375.7	9.241
375.75	9.221
375.8	9.201
375.85	9.18
375.9	9.158
375.95	9.136
376.0	9.114
376.05	9.092
376.1	9.071
376.15	9.049
376.2	9.029
376.25	9.009
376.3	8.989
376.35	8.971
376.4	8.952
376.45	8.934
376.5	8.916
376.55	8.899
376.6	8.881
376.65	8.863
376.7	8.844
376.75	8.825
376.8	8.805
376.85	8.784
376.9	8.761
376.95	8.737
377.0	8.712
377.05	8.685
377.1	8.657
377.15	8.627
377.2	8.594
377.25	8.559
377.3	8.522
377.35	8.483
377.4	8.443
377.45	8.402
377.5	8.36
377.55	8.318
377.6	8.276
377.65	8.234
377.7	8.193
377.75	8.153
377.8	8.115
377.85	8.077
377.9	8.041
377.95	8.006
378.0	7.974
378.05	7.944
378.1	7.916
378.15	7.89
378.2	7.866
378.25	7.843
378.3	7.822
378.35	7.801
378.4	7.782
378.45	7.764
378.5	7.746
378.55	7.729
378.6	7.712
378.65	7.696
378.7	7.68
378.75	7.663
378.8	7.646
378.85	7.629
378.9	7.612
378.95	7.593
379.0	7.573
379.05	7.552
379.1	7.53
379.15	7.505
379.2	7.479
379.25	7.451
379.3	7.421
379.35	7.39
379.4	7.356
379.45	7.32
379.5	7.283
379.55	7.244
379.6	7.204
379.65	7.164
379.7	7.124
379.75	7.083
379.8	7.041
379.85	6.999
379.9	6.956
379.95	6.912
380.0	6.868
380.05	6.823
380.1	6.776
380.15	6.729
380.2	6.681
380.25	6.631
380.3	6.581
380.35	6.53
380.4	6.478
380.45	6.425
380.5	6.373
380.55	6.322
380.6	6.271
380.65	6.221
380.7	6.171
380.75	6.122
380.8	6.074
380.85	6.026
380.9	5.98
380.95	5.935
381.0	5.891
381.05	5.849
381.1	5.808
381.15	5.769
381.2	5.732
381.25	5.697
381.3	5.663
381.35	5.631
381.4	5.601
381.45	5.572
381.5	5.544
381.55	5.517
381.6	5.492
381.65	5.467
381.7	5.443
381.75	5.419
381.8	5.395
381.85	5.372
381.9	5.348
381.95	5.323
382.0	5.298
382.05	5.273
382.1	5.247
382.15	5.22
382.2	5.193
382.25	5.164
382.3	5.135
382.35	5.105
382.4	5.073
382.45	5.039
382.5	5.004
382.55	4.968
382.6	4.93
382.65	4.892
382.7	4.851
382.75	4.81
382.8	4.767
382.85	4.724
382.9	4.679
382.95	4.633
383.0	4.586
383.05	4.537
383.1	4.487
383.15	4.437
383.2	4.387
383.25	4.337
383.3	4.286
383.35	4.236
383.4	4.186
383.45	4.136
383.5	4.087
383.55	4.038
383.6	3.99
383.65	3.943
383.7	3.898
383.75	3.854
383.8	3.812
383.85	3.77
383.9	3.728
383.95	3.686
384.0	3.643
384.05	3.597
384.1	3.549
384.15	3.499
384.2	3.446
384.25	3.389
384.3	3.33
384.35	3.268
384.4	3.202
384.45	3.133
384.5	3.061
384.55	2.986
384.6	2.907
384.65	2.825
384.7	2.741
384.75	2.653
384.8	2.564
384.85	2.473
384.9	2.382
384.95	2.292
385.0	2.203
385.05	2.115
385.1	2.03
385.15	1.947
385.2	1.866
385.25	1.788
385.3	1.713
385.35	1.639
385.4	1.567
385.45	1.497
385.5	1.428
385.55	1.362
385.6	1.297
385.65	1.234
385.7	1.173
385.75	1.114
385.8	1.056
385.85	1.0
385.9	0.946
385.95	0.893
386.0	0.842
386.05	0.792
386.1	0.743
386.15	0.696
386.2	0.65
386.25	0.605
386.3	0.56
386.35	0.515
386.4	0.469
386.45	0.423
386.5	0.377
386.55	0.328
386.6	0.279
386.65	0.229
386.7	0.179
386.75	0.127
386.8	0.074
386.85	0.021
386.9	-0.033
386.95	-0.089
387.0	-0.145
387.05	-0.202
387.1	-0.259
387.15	-0.318
387.2	-0.376
387.25	-0.433
387.3	-0.491
387.35	-0.548
387.4	-0.605
387.45	-0.662
387.5	-0.72
387.55	-0.777
387.6	-0.836
387.65	-0.894
387.7	-0.953
387.75	-1.012
387.8	-1.071
387.85	-1.131
387.9	-1.191
387.95	-1.251
388.0	-1.311
388.05	-1.373
388.1	-1.435
388.15	-1.497
388.2	-1.559
388.25	-1.621
388.3	-1.682
388.35	-1.744
388.4	-1.805
388.45	-1.866
388.5	-1.927
388.55	-1.988
388.6	-2.05
388.65	-2.111
388.7	-2.172
388.75	-2.233
388.8	-2.294
388.85	-2.357
388.9	-2.42
388.95	-2.484
389.0	-2.55
389.05	-2.617
389.1	-2.685
389.15	-2.756
389.2	-2.828
389.25	-2.903
389.3	-2.981
389.35	-3.062
389.4	-3.146
389.45	-3.233
389.5	-3.322
389.55	-3.412
389.6	-3.501
389.65	-3.59
389.7	-3.679
389.75	-3.767
389.8	-3.855
389.85	-3.941
389.9	-4.025
389.95	-4.108
390.0	-4.188
390.05	-4.265
390.1	-4.34
390.15	-4.412
390.2	-4.482
390.25	-4.549
390.3	-4.613
390.35	-4.676
390.4	-4.736
390.45	-4.794
390.5	-4.85
390.55	-4.903
390.6	-4.953
390.65	-5.001
390.7	-5.047
390.75	-5.09
390.8	-5.132
390.85	-5.171
390.9	-5.209
390.95	-5.247
391.0	-5.283
391.05	-5.319
391.1	-5.353
391.15	-5.387
391.2	-5.421
391.25	-5.455
391.3	-5.489
391.35	-5.524
391.4	-5.559
391.45	-5.596
391.5	-5.633
391.55	-5.672
391.6	-5.712
391.65	-5.753
391.7	-5.796
391.75	-5.841
391.8	-5.887
391.85	-5.936
391.9	-5.985
391.95	-6.036
392.0	-6.088
392.05	-6.141
392.1	-6.195
392.15	-6.249
392.2	-6.305
392.25	-6.362
392.3	-6.42
392.35	-6.479
392.4	-6.538
392.45	-6.597
392.5	-6.657
392.55	-6.717
392.6	-6.777
392.65	-6.837
392.7	-6.897
392.75	-6.958
392.8	-7.02
392.85	-7.083
392.9	-7.148
392.95	-7.214
393.0	-7.283
393.05	-7.356
393.1	-7.431
393.15	-7.508
393.2	-7.587
393.25	-7.667
393.3	-7.75
393.35	-7.836
393.4	-7.924
393.45	-8.014
393.5	-8.107
393.55	-8.201
393.6	-8.298
393.65	-8.398
393.7	-8.5
393.75	-8.606
393.8	-8.715
393.85	-8.829
393.9	-8.946
393.95	-9.066
394.0	-9.185
394.05	-9.303
394.1	-9.417
394.15	-9.527
394.2	-9.635
394.25	-9.74
394.3	-9.842
394.35	-9.941
394.4	-10.038
394.45	-10.134
394.5	-10.229
394.55	-10.321
394.6	-10.411
394.65	-10.498
394.7	-10.581
394.75	-10.661
394.8	-10.738
394.85	-10.81
394.9	-10.879
394.95	-10.943
395.0	-11.003
395.05	-11.061
395.1	-11.115
395.15	-11.166
395.2	-11.214
395.25	-11.261
395.3	-11.306
395.35	-11.35
395.4	-11.394
395.45	-11.438
395.5	-11.481
395.55	-11.525
395.6	-11.569
395.65	-11.614
395.7	-11.66
395.75	-11.707
395.8	-11.756
395.85	-11.806
395.9	-11.857
395.95	-11.908
396.0	-11.961
396.05	-12.014
396.1	-12.067
396.15	-12.122
396.2	-12.177
396.25	-12.233
396.3	-12.289
396.35	-12.347
396.4	-12.405
396.45	-12.465
396.5	-12.525
396.55	-12.586
396.6	-12.648
396.65	-12.711
396.7	-12.776
396.75	-12.841
396.8	-12.908
396.85	-12.975
396.9	-13.044
396.95	-13.114
397.0	-13.185
397.05	-13.257
397.1	-13.331
397.15	-13.406
397.2	-13.482
397.25	-13.559
397.3	-13.637
397.35	-13.716
397.4	-13.796
397.45	-13.877
397.5	-13.959
397.55	-14.041
397.6	-14.124
397.65	-14.206
397.7	-14.288
397.75	-14.37
397.8	-14.452
397.85	-14.534
397.9	-14.616
397.95	-14.698
398.0	-14.78
398.05	-14.863
398.1	-14.945
398.15	-15.028
398.2	-15.112
398.25	-15.196
398.3	-15.282
398.35	-15.369
398.4	-15.457
398.45	-15.547
398.5	-15.638
398.55	-15.729
398.6	-15.819
398.65	-15.908
398.7	-15.996
398.75	-16.083
398.8	-16.167
398.85	-16.25
398.9	-16.331
398.95	-16.411
399.0	-16.489
399.05	-16.566
399.1	-16.641
399.15	-16.716
399.2	-16.788
399.25	-16.859
399.3	-16.928
399.35	-16.996
399.4	-17.062
399.45	-17.127
399.5	-17.19
399.55	-17.251
399.6	-17.31
399.65	-17.367
399.7	-17.423
399.75	-17.476
399.8	-17.527
399.85	-17.578
399.9	-17.627
399.95	-17.676
400.0	-17.723
400.05	-17.771
400.1	-17.818
400.15	-17.865
400.2	-17.913
400.25	-17.961
400.3	-18.01
400.35	-18.059
400.4	-18.108
400.45	-18.158
400.5	-18.209
400.55	-18.26
400.6	-18.313
400.65	-18.367
400.7	-18.422
400.75	-18.479
400.8	-18.537
400.85	-18.598
400.9	-18.66
400.95	-18.723
401.0	-18.788
401.05	-18.853
401.1	-18.92
401.15	-18.988
401.2	-19.056
401.25	-19.125
401.3	-19.195
401.35	-19.264
401.4	-19.333
401.45	-19.403
401.5	-19.473
401.55	-19.543
401.6	-19.614
401.65	-19.685
401.7	-19.758
401.75	-19.831
401.8	-19.906
401.85	-19.981
401.9	-20.057
401.95	-20.133
402.0	-20.21
402.05	-20.288
402.1	-20.366
402.15	-20.445
402.2	-20.525
402.25	-20.606
402.3	-20.688
402.35	-20.77
402.4	-20.852
402.45	-20.936
402.5	-21.022
402.55	-21.109
402.6	-21.198
402.65	-21.289
402.7	-21.383
402.75	-21.478
402.8	-21.576
402.85	-21.677
402.9	-21.778
402.95	-21.881
403.0	-21.984
403.05	-22.086
403.1	-22.189
403.15	-22.29
403.2	-22.389
403.25	-22.487
403.3	-22.582
403.35	-22.674
403.4	-22.765
403.45	-22.853
403.5	-22.939
403.55	-23.023
403.6	-23.105
403.65	-23.185
403.7	-23.262
403.75	-23.337
403.8	-23.41
403.85	-23.482
403.9	-23.553
403.95	-23.624
404.0	-23.694
404.05	-23.762
404.1	-23.83
404.15	-23.895
404.2	-23.959
404.25	-24.021
404.3	-24.081
404.35	-24.14
404.4	-24.198
404.45	-24.255
404.5	-24.311
404.55	-24.367
404.6	-24.422
404.65	-24.476
404.7	-24.53
404.75	-24.584
404.8	-24.638
404.85	-24.693
404.9	-24.748
404.95	-24.804
405.0	-24.861
405.05	-24.919
405.1	-24.98
405.15	-25.042
405.2	-25.107
405.25	-25.174
405.3	-25.244
405.35	-25.315
405.4	-25.389
405.45	-25.466
405.5	-25.545
405.55	-25.627
405.6	-25.711
405.65	-25.797
405.7	-25.884
405.75	-25.972
405.8	-26.062
405.85	-26.152
405.9	-26.243
405.95	-26.334
406.0	-26.426
406.05	-26.518
406.1	-26.61
406.15	-26.702
406.2	-26.793
406.25	-26.882
406.3	-26.971
406.35	-27.058
406.4	-27.146
406.45	-27.234
406.5	-27.323
406.55	-27.411
406.6	-27.5
406.65	-27.591
406.7	-27.683
406.75	-27.776
406.8	-27.869
406.85	-27.963
406.9	-28.056
406.95	-28.148
407.0	-28.241
407.05	-28.334
407.1	-28.427
407.15	-28.52
407.2	-28.614
407.25	-28.707
407.3	-28.803
407.35	-28.9
407.4	-28.999
407.45	-29.099
407.5	-29.2
407.55	-29.302
407.6	-29.405
407.65	-29.508
407.7	-29.612
407.75	-29.715
407.8	-29.819
407.85	-29.923
407.9	-30.027
407.95	-30.13
408.0	-30.234
408.05	-30.339
408.1	-30.444
408.15	-30.548
408.2	-30.651
408.25	-30.753
408.3	-30.853
408.35	-30.952
408.4	-31.049
408.45	-31.143
408.5	-31.235
408.55	-31.325
408.6	-31.412
408.65	-31.497
408.7	-31.579
408.75	-31.66
408.8	-31.738
408.85	-31.815
408.9	-31.89
408.95	-31.965
409.0	-32.04
409.05	-32.115
409.1	-32.191
409.15	-32.268
409.2	-32.347
409.25	-32.427
409.3	-32.509
409.35	-32.592
409.4	-32.678
409.45	-32.765
409.5	-32.855
409.55	-32.946
409.6	-33.037
409.65	-33.129
409.7	-33.221
409.75	-33.313
409.8	-33.407
409.85	-33.502
409.9	-33.598
409.95	-33.695
410.0	-33.793
410.05	-33.893
410.1	-33.994
410.15	-34.097
410.2	-34.201
410.25	-34.306
410.3	-34.414
410.35	-34.523
410.4	-34.635
410.45	-34.748
410.5	-34.861
410.55	-34.975
410.6	-35.087
410.65	-35.198
410.7	-35.308
410.75	-35.418
410.8	-35.526
410.85	-35.633
410.9	-35.738
410.95	-35.843
411.0	-35.947
411.05	-36.052
411.1	-36.158
411.15	-36.264
411.2	-36.37
411.25	-36.475
411.3	-36.581
411.35	-36.687
411.4	-36.794
411.45	-36.901
411.5	-37.009
411.55	-37.117
411.6	-37.223
411.65	-37.328
411.7	-37.433
411.75	-37.538
411.8	-37.642
411.85	-37.745
411.9	-37.847
411.95	-37.951
412.0	-38.055
412.05	-38.162
412.1	-38.27
412.15	-38.378
412.2	-38.484
412.25	-38.589
412.3	-38.693
412.35	-38.796
412.4	-38.896
412.45	-38.996
412.5	-39.095
412.55	-39.194
412.6	-39.294
412.65	-39.392
412.7	-39.49
412.75	-39.584
412.8	-39.678
412.85	-39.77
412.9	-39.864
412.95	-39.96
413.0	-40.057
413.05	-40.154
413.1	-40.253
413.15	-40.35
413.2	-40.447
413.25	-40.542
413.3	-40.635
413.35	-40.725
413.4	-40.813
413.45	-40.899
413.5	-40.984
413.55	-41.068
413.6	-41.151
413.65	-41.232
413.7	-41.31
413.75	-41.387
413.8	-41.462
413.85	-41.534
413.9	-41.606
413.95	-41.676
414.0	-41.745
414.05	-41.812
414.1	-41.878
414.15	-41.943
414.2	-42.008
414.25	-42.072
414.3	-42.136
414.35	-42.201
414.4	-42.265
414.45	-42.33
414.5	-42.395
414.55	-42.46
414.6	-42.525
414.65	-42.59
414.7	-42.657
414.75	-42.724
414.8	-42.791
414.85	-42.86
414.9	-42.929
414.95	-42.999
415.0	-43.071
415.05	-43.144
415.1	-43.218
415.15	-43.293
415.2	-43.369
415.25	-43.445
415.3	-43.523
415.35	-43.601
415.4	-43.681
415.45	-43.761
415.5	-43.841
415.55	-43.921
415.6	-44.001
415.65	-44.081
415.7	-44.163
415.75	-44.244
415.8	-44.325
415.85	-44.407
415.9	-44.489
415.95	-44.572
416.0	-44.655
416.05	-44.739
416.1	-44.822
416.15	-44.906
416.2	-44.991
416.25	-45.077
416.3	-45.166
416.35	-45.257
416.4	-45.35
416.45	-45.444
416.5	-45.54
416.55	-45.639
416.6	-45.739
416.65	-45.842
416.7	-45.946
416.75	-46.05
416.8	-46.153
416.85	-46.255
416.9	-46.356
416.95	-46.456
417.0	-46.555
417.05	-46.652
417.1	-46.747
417.15	-46.84
417.2	-46.932
417.25	-47.021
417.3	-47.109
417.35	-47.195
417.4	-47.28
417.45	-47.362
417.5	-47.442
417.55	-47.518
417.6	-47.593
417.65	-47.664
417.7	-47.732
417.75	-47.798
417.8	-47.86
417.85	-47.92
417.9	-47.978
417.95	-48.032
418.0	-48.086
418.05	-48.138
418.1	-48.19
418.15	-48.24
418.2	-48.291
418.25	-48.341
418.3	-48.393
418.35	-48.444
418.4	-48.497
418.45	-48.55
418.5	-48.605
418.55	-48.661
418.6	-48.719
418.65	-48.778
418.7	-48.839
418.75	-48.901
418.8	-48.965
418.85	-49.031
418.9	-49.099
418.95	-49.168
419.0	-49.24
419.05	-49.314
419.1	-49.391
419.15	-49.47
419.2	-49.55
419.25	-49.63
419.3	-49.711
419.35	-49.792
419.4	-49.874
419.45	-49.956
419.5	-50.038
419.55	-50.119
419.6	-50.199
419.65	-50.278
419.7	-50.356
419.75	-50.433
419.8	-50.509
419.85	-50.584
419.9	-50.658
419.95	-50.732
420.0	-50.805
420.05	-50.877
420.1	-50.949
420.15	-51.02
420.2	-51.091
420.25	-51.162
420.3	-51.233
420.35	-51.304
420.4	-51.375
420.45	-51.447
420.5	-51.518
420.55	-51.59
420.6	-51.662
420.65	-51.737
420.7	-51.813
420.75	-51.89
420.8	-51.969
420.85	-52.049
420.9	-52.13
420.95	-52.214
421.0	-52.298
421.05	-52.383
421.1	-52.469
421.15	-52.553
421.2	-52.636
421.25	-52.716
421.3	-52.794
421.35	-52.868
421.4	-52.939
421.45	-53.007
421.5	-53.072
421.55	-53.135
421.6	-53.195
421.65	-53.254
421.7	-53.31
421.75	-53.365
421.8	-53.417
421.85	-53.467
421.9	-53.513
421.95	-53.558
422.0	-53.6
422.05	-53.64
422.1	-53.678
422.15	-53.713
422.2	-53.746
422.25	-53.777
422.3	-53.807
422.35	-53.835
422.4	-53.861
422.45	-53.886
422.5	-53.91
422.55	-53.933
422.6	-53.956
422.65	-53.979
422.7	-54.002
422.75	-54.026
422.8	-54.05
422.85	-54.075
422.9	-54.101
422.95	-54.128
423.0	-54.156
423.05	-54.186
423.1	-54.217
423.15	-54.248
423.2	-54.281
423.25	-54.315
423.3	-54.35
423.35	-54.386
423.4	-54.423
423.45	-54.461
423.5	-54.5
423.55	-54.538
423.6	-54.578
423.65	-54.617
423.7	-54.658
423.75	-54.698
423.8	-54.738
423.85	-54.779
423.9	-54.819
423.95	-54.86
424.0	-54.902
424.05	-54.944
424.1	-54.986
424.15	-55.028
424.2	-55.071
424.25	-55.115
424.3	-55.159
424.35	-55.204
424.4	-55.251
424.45	-55.299
424.5	-55.348
424.55	-55.398
424.6	-55.45
424.65	-55.503
424.7	-55.558
424.75	-55.615
424.8	-55.674
424.85	-55.735
424.9	-55.797
424.95	-55.86
425.0	-55.925
425.05	-55.991
425.1	-56.058
425.15	-56.126
425.2	-56.196
425.25	-56.266
425.3	-56.338
425.35	-56.409
425.4	-56.481
425.45	-56.553
425.5	-56.625
425.55	-56.697
425.6	-56.769
425.65	-56.842
425.7	-56.914
425.75	-56.985
425.8	-57.055
425.85	-57.122
425.9	-57.186
425.95	-57.249
426.0	-57.31
426.05	-57.368
426.1	-57.423
426.15	-57.477
426.2	-57.528
426.25	-57.578
426.3	-57.626
426.35	-57.672
426.4	-57.716
426.45	-57.759
426.5	-57.8
426.55	-57.841
426.6	-57.88
426.65	-57.918
426.7	-57.956
426.75	-57.993
426.8	-58.03
426.85	-58.067
426.9	-58.103
426.95	-58.138
427.0	-58.174
427.05	-58.209
427.1	-58.245
427.15	-58.281
427.2	-58.317
427.25	-58.353
427.3	-58.39
427.35	-58.427
427.4	-58.464
427.45	-58.501
427.5	-58.538
427.55	-58.575
427.6	-58.611
427.65	-58.647
427.7	-58.683
427.75	-58.719
427.8	-58.756
427.85	-58.793
427.9	-58.83
427.95	-58.867
428.0	-58.904
428.05	-58.941
428.1	-58.979
428.15	-59.015
428.2	-59.051
428.25	-59.087
428.3	-59.122
428.35	-59.156
428.4	-59.189
428.45	-59.222
428.5	-59.254
428.55	-59.284
428.6	-59.314
428.65	-59.343
428.7	-59.371
428.75	-59.398
428.8	-59.425
428.85	-59.451
428.9	-59.477
428.95	-59.503
429.0	-59.53
429.05	-59.557
429.1	-59.584
429.15	-59.612
429.2	-59.641
429.25	-59.67
429.3	-59.701
429.35	-59.732
429.4	-59.766
429.45	-59.8
429.5	-59.836
429.55	-59.873
429.6	-59.912
429.65	-59.952
429.7	-59.993
429.75	-60.035
429.8	-60.079
429.85	-60.123
429.9	-60.169
429.95	-60.216
430.0	-60.263
430.05	-60.312
430.1	-60.362
430.15	-60.414
430.2	-60.466
430.25	-60.518
430.3	-60.57
430.35	-60.621
430.4	-60.671
430.45	-60.72
430.5	-60.767
430.55	-60.813
430.6	-60.857
430.65	-60.899
430.7	-60.94
430.75	-60.979
430.8	-61.016
430.85	-61.05
430.9	-61.083
430.95	-61.114
431.0	-61.143
431.05	-61.17
431.1	-61.195
431.15	-61.218
431.2	-61.239
431.25	-61.258
431.3	-61.277
431.35	-61.293
431.4	-61.309
431.45	-61.323
431.5	-61.336
431.55	-61.349
431.6	-61.36
431.65	-61.372
431.7	-61.383
431.75	-61.394
431.8	-61.406
431.85	-61.418
431.9	-61.43
431.95	-61.444
432.0	-61.457
432.05	-61.472
432.1	-61.488
432.15	-61.504
432.2	-61.521
432.25	-61.538
432.3	-61.556
432.35	-61.575
432.4	-61.593
432.45	-61.612
432.5	-61.631
432.55	-61.649
432.6	-61.668
432.65	-61.686
432.7	-61.705
432.75	-61.723
432.8	-61.741
432.85	-61.759
432.9	-61.777
432.95	-61.794
433.0	-61.811
433.05	-61.829
433.1	-61.846
433.15	-61.863
433.2	-61.88
433.25	-61.898
433.3	-61.916
433.35	-61.934
433.4	-61.953
433.45	-61.973
433.5	-61.994
433.55	-62.016
433.6	-62.039
433.65	-62.063
433.7	-62.088
433.75	-62.114
433.8	-62.142
433.85	-62.17
433.9	-62.2
433.95	-62.231
434.0	-62.264
434.05	-62.297
434.1	-62.332
434.15	-62.368
434.2	-62.405
434.25	-62.443
434.3	-62.482
434.35	-62.522
434.4	-62.564
434.45	-62.606
434.5	-62.65
434.55	-62.695
434.6	-62.742
434.65	-62.789
434.7	-62.837
434.75	-62.886
434.8	-62.934
434.85	-62.981
434.9	-63.026
434.95	-63.07
435.0	-63.111
435.05	-63.149
435.1	-63.186
435.15	-63.219
435.2	-63.25
435.25	-63.277
435.3	-63.301
435.35	-63.32
435.4	-63.336
435.45	-63.349
435.5	-63.358
435.55	-63.365
435.6	-63.368
435.65	-63.37
435.7	-63.369
435.75	-63.366
435.8	-63.361
435.85	-63.356
435.9	-63.349
435.95	-63.343
436.0	-63.336
436.05	-63.33
436.1	-63.325
436.15	-63.321
436.2	-63.319
436.25	-63.319
436.3	-63.32
436.35	-63.324
436.4	-63.33
436.45	-63.338
436.5	-63.349
436.55	-63.361
436.6	-63.376
436.65	-63.393
436.7	-63.412
436.75	-63.433
436.8	-63.455
436.85	-63.478
436.9	-63.502
436.95	-63.526
437.0	-63.552
437.05	-63.577
437.1	-63.603
437.15	-63.628
437.2	-63.654
437.25	-63.679
437.3	-63.704
437.35	-63.728
437.4	-63.753
437.45	-63.777
437.5	-63.8
437.55	-63.822
437.6	-63.843
437.65	-63.863
437.7	-63.881
437.75	-63.898
437.8	-63.913
437.85	-63.926
437.9	-63.938
437.95	-63.948
438.0	-63.957
438.05	-63.964
438.1	-63.971
438.15	-63.976
438.2	-63.981
438.25	-63.984
438.3	-63.988
438.35	-63.992
438.4	-63.997
438.45	-64.001
438.5	-64.008
438.55	-64.015
438.6	-64.023
438.65	-64.033
438.7	-64.044
438.75	-64.057
438.8	-64.072
438.85	-64.088
438.9	-64.106
438.95	-64.126
439.0	-64.147
439.05	-64.171
439.1	-64.196
439.15	-64.223
439.2	-64.251
439.25	-64.281
439.3	-64.311
439.35	-64.343
439.4	-64.375
439.45	-64.407
439.5	-64.438
439.55	-64.469
439.6	-64.5
439.65	-64.529
439.7	-64.558
439.75	-64.585
439.8	-64.611
439.85	-64.635
439.9	-64.657
439.95	-64.677
440.0	-64.694
440.05	-64.71
440.1	-64.723
440.15	-64.734
440.2	-64.743
440.25	-64.749
440.3	-64.753
440.35	-64.755
440.4	-64.755
440.45	-64.753
440.5	-64.748
440.55	-64.742
440.6	-64.735
440.65	-64.725
440.7	-64.715
440.75	-64.703
440.8	-64.691
440.85	-64.679
440.9	-64.666
440.95	-64.653
441.0	-64.64
441.05	-64.628
441.1	-64.617
441.15	-64.607
441.2	-64.598
441.25	-64.591
441.3	-64.585
441.35	-64.581
441.4	-64.578
441.45	-64.576
441.5	-64.576
441.55	-64.578
441.6	-64.58
441.65	-64.584
441.7	-64.588
441.75	-64.594
441.8	-64.599
441.85	-64.605
441.9	-64.611
441.95	-64.617
442.0	-64.622
442.05	-64.627
442.1	-64.631
442.15	-64.635
442.2	-64.637
442.25	-64.639
442.3	-64.641
442.35	-64.641
442.4	-64.641
442.45	-64.641
442.5	-64.641
442.55	-64.641
442.6	-64.641
442.65	-64.641
442.7	-64.642
442.75	-64.644
442.8	-64.646
442.85	-64.65
442.9	-64.654
442.95	-64.66
443.0	-64.668
443.05	-64.676
443.1	-64.687
443.15	-64.699
443.2	-64.713
443.25	-64.728
443.3	-64.746
443.35	-64.765
443.4	-64.786
443.45	-64.808
443.5	-64.833
443.55	-64.859
443.6	-64.887
443.65	-64.917
443.7	-64.949
443.75	-64.983
443.8	-65.019
443.85	-65.056
443.9	-65.092
443.95	-65.128
444.0	-65.163
444.05	-65.196
444.1	-65.227
444.15	-65.258
444.2	-65.286
444.25	-65.313
444.3	-65.337
444.35	-65.36
444.4	-65.381
444.45	-65.399
444.5	-65.415
444.55	-65.428
444.6	-65.439
444.65	-65.447
444.7	-65.453
444.75	-65.456
444.8	-65.457
444.85	-65.455
444.9	-65.451
444.95	-65.444
445.0	-65.436
445.05	-65.425
445.1	-65.411
445.15	-65.396
445.2	-65.379
445.25	-65.36
445.3	-65.34
445.35	-65.318
445.4	-65.296
445.45	-65.273
445.5	-65.249
445.55	-65.225
445.6	-65.203
445.65	-65.181
445.7	-65.16
445.75	-65.14
445.8	-65.122
445.85	-65.105
445.9	-65.089
445.95	-65.076
446.0	-65.063
446.05	-65.053
446.1	-65.044
446.15	-65.036
446.2	-65.03
446.25	-65.025
446.3	-65.022
446.35	-65.019
446.4	-65.017
446.45	-65.016
446.5	-65.016
446.55	-65.015
446.6	-65.016
446.65	-65.016
446.7	-65.016
446.75	-65.016
446.8	-65.015
446.85	-65.014
446.9	-65.012
446.95	-65.009
447.0	-65.006
447.05	-65.002
447.1	-64.997
447.15	-64.991
447.2	-64.984
447.25	-64.978
447.3	-64.971
447.35	-64.964
447.4	-64.957
447.45	-64.951
447.5	-64.946
447.55	-64.941
447.6	-64.938
447.65	-64.937
447.7	-64.937
447.75	-64.94
447.8	-64.944
447.85	-64.95
447.9	-64.959
447.95	-64.971
448.0	-64.985
448.05	-65.002
448.1	-65.022
448.15	-65.044
448.2	-65.07
448.25	-65.097
448.3	-65.127
448.35	-65.159
448.4	-65.191
448.45	-65.225
448.5	-65.258
448.55	-65.291
448.6	-65.323
448.65	-65.354
448.7	-65.384
448.75	-65.411
448.8	-65.437
448.85	-65.46
448.9	-65.481
448.95	-65.5
449.0	-65.517
449.05	-65.531
449.1	-65.543
449.15	-65.552
449.2	-65.559
449.25	-65.564
449.3	-65.566
449.35	-65.566
449.4	-65.564
449.45	-65.561
449.5	-65.555
449.55	-65.548
449.6	-65.54
449.65	-65.53
449.7	-65.519
449.75	-65.507
449.8	-65.494
449.85	-65.481
449.9	-65.469
449.95	-65.456
450.0	-65.444
450.05	-65.432
450.1	-65.421
450.15	-65.41
450.2	-65.401
450.25	-65.392
450.3	-65.383
450.35	-65.376
450.4	-65.369
450.45	-65.363
450.5	-65.358
450.55	-65.353
450.6	-65.35
450.65	-65.346
450.7	-65.344
450.75	-65.341
450.8	-65.339
450.85	-65.338
450.9	-65.336
450.95	-65.335
451.0	-65.334
451.05	-65.333
451.1	-65.332
451.15	-65.332
451.2	-65.332
451.25	-65.331
451.3	-65.332
451.35	-65.332
451.4	-65.332
451.45	-65.332
451.5	-65.333
451.55	-65.333
451.6	-65.334
451.65	-65.335
451.7	-65.336
451.75	-65.337
451.8	-65.339
451.85	-65.341
451.9	-65.344
451.95	-65.347
452.0	-65.352
452.05	-65.356
452.1	-65.362
452.15	-65.368
452.2	-65.375
452.25	-65.382
452.3	-65.39
452.35	-65.399
452.4	-65.409
452.45	-65.419
452.5	-65.429
452.55	-65.441
452.6	-65.452
452.65	-65.465
452.7	-65.478
452.75	-65.491
452.8	-65.504
452.85	-65.518
452.9	-65.532
452.95	-65.545
453.0	-65.559
453.05	-65.571
453.1	-65.583
453.15	-65.593
453.2	-65.603
453.25	-65.611
453.3	-65.617
453.35	-65.623
453.4	-65.626
