298.75	-73.073
298.8	-73.073
298.85	-73.071
298.9	-73.068
298.95	-73.063
299.0	-73.056
299.05	-73.048
299.1	-73.039
299.15	-73.028
299.2	-73.016
299.25	-73.002
299.3	-72.988
299.35	-72.973
299.4	-72.957
299.45	-72.941
299.5	-72.924
299.55	-72.906
299.6	-72.888
299.65	-72.87
299.7	-72.852
299.75	-72.834
299.8	-72.816
299.85	-72.798
299.9	-72.781
299.95	-72.765
300.0	-72.749
300.05	-72.733
300.1	-72.718
300.15	-72.704
300.2	-72.691
300.25	-72.679
300.3	-72.668
300.35	-72.658
300.4	-72.649
300.45	-72.642
300.5	-72.635
300.55	-72.629
300.6	-72.624
300.65	-72.62
300.7	-72.617
300.75	-72.615
300.8	-72.613
300.85	-72.613
300.9	-72.613
300.95	-72.614
301.0	-72.615
301.05	-72.617
301.1	-72.619
301.15	-72.621
301.2	-72.624
301.25	-72.627
301.3	-72.63
301.35	-72.633
301.4	-72.635
301.45	-72.638
301.5	-72.64
301.55	-72.641
301.6	-72.642
301.65	-72.643
301.7	-72.643
301.75	-72.643
301.8	-72.642
301.85	-72.641
301.9	-72.64
301.95	-72.638
302.0	-72.636
302.05	-72.635
302.1	-72.633
302.15	-72.631
302.2	-72.63
302.25	-72.629
302.3	-72.628
302.35	-72.627
302.4	-72.628
302.45	-72.628
302.5	-72.63
302.55	-72.632
302.6	-72.635
302.65	-72.638
302.7	-72.641
302.75	-72.645
302.8	-72.649
302.85	-72.654
302.9	-72.658
302.95	-72.661
303.0	-72.664
303.05	-72.667
303.1	-72.668
303.15	-72.669
303.2	-72.668
303.25	-72.666
303.3	-72.663
303.35	-72.659
303.4	-72.654
303.45	-72.647
303.5	-72.639
303.55	-72.629
303.6	-72.618
303.65	-72.606
303.7	-72.592
303.75	-72.578
303.8	-72.562
303.85	-72.545
303.9	-72.527
303.95	-72.509
304.0	-72.489
304.05	-72.469
304.1	-72.449
304.15	-72.428
304.2	-72.407
304.25	-72.386
304.3	-72.365
304.35	-72.345
304.4	-72.326
304.45	-72.308
304.5	-72.291
304.55	-72.276
304.6	-72.262
304.65	-72.25
304.7	-72.238
304.75	-72.229
304.8	-72.22
304.85	-72.213
304.9	-72.207
304.95	-72.203
305.0	-72.199
305.05	-72.197
305.1	-72.195
305.15	-72.195
305.2	-72.194
305.25	-72.195
305.3	-72.195
305.35	-72.196
305.4	-72.196
305.45	-72.196
305.5	-72.196
305.55	-72.195
305.6	-72.194
305.65	-72.192
305.7	-72.189
305.75	-72.185
305.8	-72.179
305.85	-72.173
305.9	-72.165
305.95	-72.156
306.0	-72.147
306.05	-72.136
306.1	-72.124
306.15	-72.111
306.2	-72.097
306.25	-72.083
306.3	-72.069
306.35	-72.054
306.4	-72.039
306.45	-72.025
306.5	-72.011
306.55	-71.998
306.6	-71.986
306.65	-71.975
306.7	-71.966
306.75	-71.958
306.8	-71.951
306.85	-71.946
306.9	-71.943
306.95	-71.941
307.0	-71.942
307.05	-71.944
307.1	-71.948
307.15	-71.954
307.2	-71.961
307.25	-71.97
307.3	-71.981
307.35	-71.994
307.4	-72.008
307.45	-72.023
307.5	-72.04
307.55	-72.057
307.6	-72.076
307.65	-72.094
307.7	-72.112
307.75	-72.13
307.8	-72.148
307.85	-72.166
307.9	-72.183
307.95	-72.199
308.0	-72.215
308.05	-72.228
308.1	-72.241
308.15	-72.252
308.2	-72.262
308.25	-72.27
308.3	-72.276
308.35	-72.281
308.4	-72.284
308.45	-72.285
308.5	-72.284
308.55	-72.281
308.6	-72.276
308.65	-72.27
308.7	-72.262
308.75	-72.252
308.8	-72.24
308.85	-72.227
308.9	-72.212
308.95	-72.195
309.0	-72.178
309.05	-72.159
309.1	-72.14
309.15	-72.119
309.2	-72.097
309.25	-72.075
309.3	-72.052
309.35	-72.029
309.4	-72.004
309.45	-71.979
309.5	-71.954
309.55	-71.928
309.6	-71.902
309.65	-71.875
309.7	-71.848
309.75	-71.82
309.8	-71.792
309.85	-71.765
309.9	-71.737
309.95	-71.71
310.0	-71.683
310.05	-71.656
310.1	-71.63
310.15	-71.605
310.2	-71.58
310.25	-71.556
310.3	-71.533
310.35	-71.51
310.4	-71.489
310.45	-71.468
310.5	-71.447
310.55	-71.428
310.6	-71.409
310.65	-71.391
310.7	-71.373
310.75	-71.356
310.8	-71.341
310.85	-71.326
310.9	-71.312
310.95	-71.298
311.0	-71.286
311.05	-71.275
311.1	-71.264
311.15	-71.255
311.2	-71.248
311.25	-71.241
311.3	-71.236
311.35	-71.232
311.4	-71.229
311.45	-71.229
311.5	-71.229
311.55	-71.231
311.6	-71.235
311.65	-71.24
311.7	-71.247
311.75	-71.255
311.8	-71.264
311.85	-71.274
311.9	-71.285
311.95	-71.296
312.0	-71.308
312.05	-71.319
312.1	-71.33
312.15	-71.34
312.2	-71.349
312.25	-71.358
312.3	-71.365
312.35	-71.37
312.4	-71.374
312.45	-71.377
312.5	-71.377
312.55	-71.376
312.6	-71.373
312.65	-71.369
312.7	-71.362
312.75	-71.353
312.8	-71.342
312.85	-71.329
312.9	-71.314
312.95	-71.297
313.0	-71.279
313.05	-71.258
313.1	-71.236
313.15	-71.213
313.2	-71.188
313.25	-71.162
313.3	-71.136
313.35	-71.109
313.4	-71.083
313.45	-71.057
313.5	-71.032
313.55	-71.008
313.6	-70.985
313.65	-70.963
313.7	-70.942
313.75	-70.923
313.8	-70.905
313.85	-70.888
313.9	-70.873
313.95	-70.859
314.0	-70.846
314.05	-70.835
314.1	-70.825
314.15	-70.817
314.2	-70.809
314.25	-70.803
314.3	-70.797
314.35	-70.793
314.4	-70.79
314.45	-70.787
314.5	-70.785
314.55	-70.784
314.6	-70.784
314.65	-70.784
314.7	-70.785
314.75	-70.786
314.8	-70.787
314.85	-70.789
314.9	-70.791
314.95	-70.792
315.0	-70.794
315.05	-70.795
315.1	-70.798
315.15	-70.799
315.2	-70.801
315.25	-70.802
315.3	-70.805
315.35	-70.806
315.4	-70.809
315.45	-70.81
315.5	-70.814
315.55	-70.816
315.6	-70.82
315.65	-70.823
315.7	-70.827
315.75	-70.83
315.8	-70.835
315.85	-70.839
315.9	-70.845
315.95	-70.85
316.0	-70.858
316.05	-70.865
316.1	-70.874
316.15	-70.884
316.2	-70.894
316.25	-70.906
316.3	-70.918
316.35	-70.931
316.4	-70.944
316.45	-70.958
316.5	-70.972
316.55	-70.986
316.6	-71.0
316.65	-71.012
316.7	-71.024
316.75	-71.035
316.8	-71.046
316.85	-71.054
316.9	-71.062
316.95	-71.068
317.0	-71.072
317.05	-71.074
317.1	-71.075
317.15	-71.074
317.2	-71.072
317.25	-71.067
317.3	-71.061
317.35	-71.052
317.4	-71.042
317.45	-71.031
317.5	-71.017
317.55	-71.002
317.6	-70.986
317.65	-70.968
317.7	-70.949
317.75	-70.929
317.8	-70.908
317.85	-70.887
317.9	-70.866
317.95	-70.845
318.0	-70.824
318.05	-70.805
318.1	-70.787
318.15	-70.77
318.2	-70.754
318.25	-70.739
318.3	-70.727
318.35	-70.715
318.4	-70.705
318.45	-70.696
318.5	-70.688
318.55	-70.682
318.6	-70.677
318.65	-70.673
318.7	-70.669
318.75	-70.667
318.8	-70.665
318.85	-70.663
318.9	-70.661
318.95	-70.66
319.0	-70.657
319.05	-70.655
319.1	-70.652
319.15	-70.648
319.2	-70.643
319.25	-70.638
319.3	-70.632
319.35	-70.625
319.4	-70.617
319.45	-70.609
319.5	-70.599
319.55	-70.589
319.6	-70.578
319.65	-70.567
319.7	-70.555
319.75	-70.542
319.8	-70.529
319.85	-70.516
319.9	-70.503
319.95	-70.489
320.0	-70.476
320.05	-70.463
320.1	-70.45
320.15	-70.437
320.2	-70.426
320.25	-70.415
320.3	-70.404
320.35	-70.394
320.4	-70.386
320.45	-70.378
320.5	-70.371
320.55	-70.365
320.6	-70.36
320.65	-70.355
320.7	-70.352
320.75	-70.349
320.8	-70.347
320.85	-70.346
320.9	-70.345
320.95	-70.345
321.0	-70.344
321.05	-70.344
321.1	-70.344
321.15	-70.343
321.2	-70.342
321.25	-70.34
321.3	-70.338
321.35	-70.335
321.4	-70.332
321.45	-70.327
321.5	-70.321
321.55	-70.314
321.6	-70.306
321.65	-70.296
321.7	-70.285
321.75	-70.273
321.8	-70.26
321.85	-70.245
321.9	-70.229
321.95	-70.211
322.0	-70.192
322.05	-70.173
322.1	-70.152
322.15	-70.13
322.2	-70.107
322.25	-70.083
322.3	-70.059
322.35	-70.035
322.4	-70.01
322.45	-69.985
322.5	-69.96
322.55	-69.936
322.6	-69.912
322.65	-69.89
322.7	-69.867
322.75	-69.846
322.8	-69.825
322.85	-69.806
322.9	-69.787
322.95	-69.769
323.0	-69.752
323.05	-69.736
323.1	-69.721
323.15	-69.707
323.2	-69.694
323.25	-69.682
323.3	-69.671
323.35	-69.66
323.4	-69.65
323.45	-69.641
323.5	-69.632
323.55	-69.624
323.6	-69.616
323.65	-69.608
323.7	-69.6
323.75	-69.593
323.8	-69.586
323.85	-69.578
323.9	-69.571
323.95	-69.564
324.0	-69.556
324.05	-69.548
324.1	-69.54
324.15	-69.531
324.2	-69.522
324.25	-69.513
324.3	-69.504
324.35	-69.495
324.4	-69.486
324.45	-69.477
324.5	-69.469
324.55	-69.461
324.6	-69.454
324.65	-69.448
324.7	-69.442
324.75	-69.438
324.8	-69.435
324.85	-69.434
324.9	-69.433
324.95	-69.434
325.0	-69.436
325.05	-69.439
325.1	-69.443
325.15	-69.448
325.2	-69.453
325.25	-69.459
325.3	-69.466
325.35	-69.473
325.4	-69.48
325.45	-69.486
325.5	-69.491
325.55	-69.496
325.6	-69.499
325.65	-69.501
325.7	-69.501
325.75	-69.5
325.8	-69.497
325.85	-69.493
325.9	-69.486
325.95	-69.478
326.0	-69.468
326.05	-69.456
326.1	-69.442
326.15	-69.426
326.2	-69.409
326.25	-69.391
326.3	-69.372
326.35	-69.351
326.4	-69.33
326.45	-69.309
326.5	-69.287
326.55	-69.266
326.6	-69.244
326.65	-69.223
326.7	-69.203
326.75	-69.182
326.8	-69.162
326.85	-69.142
326.9	-69.121
326.95	-69.101
327.0	-69.081
327.05	-69.06
327.1	-69.04
327.15	-69.018
327.2	-68.996
327.25	-68.973
327.3	-68.949
327.35	-68.925
327.4	-68.9
327.45	-68.874
327.5	-68.847
327.55	-68.82
327.6	-68.793
327.65	-68.764
327.7	-68.736
327.75	-68.708
327.8	-68.679
327.85	-68.651
327.9	-68.623
327.95	-68.596
328.0	-68.569
328.05	-68.543
328.1	-68.517
328.15	-68.493
328.2	-68.469
328.25	-68.447
328.3	-68.425
328.35	-68.405
328.4	-68.386
328.45	-68.368
328.5	-68.35
328.55	-68.334
328.6	-68.319
328.65	-68.304
328.7	-68.291
328.75	-68.279
328.8	-68.268
328.85	-68.258
328.9	-68.249
328.95	-68.241
329.0	-68.234
329.05	-68.227
329.1	-68.222
329.15	-68.217
329.2	-68.213
329.25	-68.21
329.3	-68.208
329.35	-68.206
329.4	-68.206
329.45	-68.206
329.5	-68.207
329.55	-68.209
329.6	-68.212
329.65	-68.215
329.7	-68.219
329.75	-68.223
329.8	-68.229
329.85	-68.235
329.9	-68.241
329.95	-68.248
330.0	-68.255
330.05	-68.263
330.1	-68.27
330.15	-68.277
330.2	-68.284
330.25	-68.29
330.3	-68.295
330.35	-68.3
330.4	-68.304
330.45	-68.307
330.5	-68.308
330.55	-68.309
330.6	-68.308
330.65	-68.305
330.7	-68.302
330.75	-68.296
330.8	-68.289
330.85	-68.281
330.9	-68.27
330.95	-68.258
331.0	-68.244
331.05	-68.228
331.1	-68.211
331.15	-68.192
331.2	-68.171
331.25	-68.149
331.3	-68.126
331.35	-68.101
331.4	-68.074
331.45	-68.047
331.5	-68.019
331.55	-67.991
331.6	-67.963
331.65	-67.935
331.7	-67.908
331.75	-67.882
331.8	-67.856
331.85	-67.831
331.9	-67.807
331.95	-67.785
332.0	-67.763
332.05	-67.743
332.1	-67.724
332.15	-67.706
332.2	-67.689
332.25	-67.674
332.3	-67.659
332.35	-67.647
332.4	-67.635
332.45	-67.624
332.5	-67.615
332.55	-67.607
332.6	-67.599
332.65	-67.593
332.7	-67.587
332.75	-67.583
332.8	-67.579
332.85	-67.576
332.9	-67.575
332.95	-67.573
333.0	-67.573
333.05	-67.573
333.1	-67.575
333.15	-67.576
333.2	-67.579
333.25	-67.581
333.3	-67.584
333.35	-67.587
333.4	-67.59
333.45	-67.593
333.5	-67.596
333.55	-67.599
333.6	-67.603
333.65	-67.606
333.7	-67.61
333.75	-67.614
333.8	-67.618
333.85	-67.623
333.9	-67.627
333.95	-67.633
334.0	-67.638
334.05	-67.645
334.1	-67.652
334.15	-67.66
334.2	-67.669
334.25	-67.679
334.3	-67.69
334.35	-67.702
334.4	-67.714
334.45	-67.728
334.5	-67.743
334.55	-67.758
334.6	-67.774
334.65	-67.79
334.7	-67.807
334.75	-67.822
334.8	-67.838
334.85	-67.853
334.9	-67.867
334.95	-67.879
335.0	-67.891
335.05	-67.901
335.1	-67.909
335.15	-67.916
335.2	-67.92
335.25	-67.923
335.3	-67.924
335.35	-67.922
335.4	-67.919
335.45	-67.913
335.5	-67.905
335.55	-67.895
335.6	-67.883
335.65	-67.868
335.7	-67.852
335.75	-67.834
335.8	-67.814
335.85	-67.792
335.9	-67.769
335.95	-67.745
336.0	-67.72
336.05	-67.695
336.1	-67.67
336.15	-67.645
336.2	-67.62
336.25	-67.596
336.3	-67.573
336.35	-67.551
336.4	-67.529
336.45	-67.509
336.5	-67.489
336.55	-67.47
336.6	-67.451
336.65	-67.434
336.7	-67.418
336.75	-67.403
336.8	-67.388
336.85	-67.375
336.9	-67.362
336.95	-67.349
337.0	-67.338
337.05	-67.326
337.1	-67.315
337.15	-67.305
337.2	-67.294
337.25	-67.284
337.3	-67.273
337.35	-67.262
337.4	-67.251
337.45	-67.24
337.5	-67.228
337.55	-67.216
337.6	-67.204
337.65	-67.191
337.7	-67.177
337.75	-67.164
337.8	-67.15
337.85	-67.135
337.9	-67.121
337.95	-67.107
338.0	-67.093
338.05	-67.08
338.1	-67.067
338.15	-67.055
338.2	-67.044
338.25	-67.034
338.3	-67.026
338.35	-67.018
338.4	-67.013
338.45	-67.009
338.5	-67.007
338.55	-67.006
338.6	-67.007
338.65	-67.01
338.7	-67.015
338.75	-67.021
338.8	-67.028
338.85	-67.038
338.9	-67.048
338.95	-67.06
339.0	-67.074
339.05	-67.088
339.1	-67.102
339.15	-67.117
339.2	-67.132
339.25	-67.146
339.3	-67.161
339.35	-67.174
339.4	-67.186
339.45	-67.198
339.5	-67.208
339.55	-67.217
339.6	-67.225
339.65	-67.232
339.7	-67.237
339.75	-67.241
339.8	-67.244
339.85	-67.246
339.9	-67.245
339.95	-67.244
340.0	-67.242
340.05	-67.238
340.1	-67.233
340.15	-67.227
340.2	-67.219
340.25	-67.211
340.3	-67.202
340.35	-67.192
340.4	-67.181
340.45	-67.17
340.5	-67.158
340.55	-67.147
340.6	-67.136
340.65	-67.125
340.7	-67.115
340.75	-67.106
340.8	-67.097
340.85	-67.09
340.9	-67.083
340.95	-67.078
341.0	-67.074
341.05	-67.071
341.1	-67.07
341.15	-67.069
341.2	-67.069
341.25	-67.071
341.3	-67.073
341.35	-67.077
341.4	-67.081
341.45	-67.085
341.5	-67.09
341.55	-67.096
341.6	-67.101
341.65	-67.107
341.7	-67.112
341.75	-67.117
341.8	-67.121
341.85	-67.125
341.9	-67.128
341.95	-67.131
342.0	-67.133
342.05	-67.134
342.1	-67.134
342.15	-67.134
342.2	-67.133
342.25	-67.131
342.3	-67.128
342.35	-67.124
342.4	-67.12
342.45	-67.115
342.5	-67.109
342.55	-67.103
342.6	-67.096
342.65	-67.089
342.7	-67.081
342.75	-67.074
342.8	-67.066
342.85	-67.058
342.9	-67.049
342.95	-67.041
343.0	-67.033
343.05	-67.025
343.1	-67.017
343.15	-67.009
343.2	-67.002
343.25	-66.995
343.3	-66.988
343.35	-66.981
343.4	-66.975
343.45	-66.969
343.5	-66.965
343.55	-66.959
343.6	-66.955
343.65	-66.951
343.7	-66.947
343.75	-66.942
343.8	-66.938
343.85	-66.932
343.9	-66.927
343.95	-66.92
344.0	-66.913
344.05	-66.905
344.1	-66.896
344.15	-66.886
344.2	-66.876
344.25	-66.864
344.3	-66.852
344.35	-66.838
344.4	-66.823
344.45	-66.808
344.5	-66.791
344.55	-66.773
344.6	-66.754
344.65	-66.734
344.7	-66.713
344.75	-66.691
344.8	-66.668
344.85	-66.644
344.9	-66.619
344.95	-66.594
345.0	-66.567
345.05	-66.541
345.1	-66.515
345.15	-66.489
345.2	-66.464
345.25	-66.439
345.3	-66.415
345.35	-66.393
345.4	-66.371
345.45	-66.35
345.5	-66.331
345.55	-66.313
345.6	-66.296
345.65	-66.28
345.7	-66.265
345.75	-66.251
345.8	-66.237
345.85	-66.225
345.9	-66.213
345.95	-66.201
346.0	-66.19
346.05	-66.18
346.1	-66.17
346.15	-66.16
346.2	-66.15
346.25	-66.141
346.3	-66.132
346.35	-66.123
346.4	-66.114
346.45	-66.104
346.5	-66.095
346.55	-66.085
346.6	-66.074
346.65	-66.064
346.7	-66.053
346.75	-66.042
346.8	-66.03
346.85	-66.017
346.9	-66.005
346.95	-65.992
347.0	-65.978
347.05	-65.964
347.1	-65.95
347.15	-65.936
347.2	-65.922
347.25	-65.908
347.3	-65.895
347.35	-65.881
347.4	-65.869
347.45	-65.857
347.5	-65.846
347.55	-65.836
347.6	-65.827
347.65	-65.819
347.7	-65.812
347.75	-65.806
347.8	-65.802
347.85	-65.799
347.9	-65.797
347.95	-65.795
348.0	-65.795
348.05	-65.795
348.1	-65.796
348.15	-65.798
348.2	-65.799
348.25	-65.801
348.3	-65.802
348.35	-65.803
348.4	-65.803
348.45	-65.803
348.5	-65.802
348.55	-65.8
348.6	-65.796
348.65	-65.792
348.7	-65.786
348.75	-65.778
348.8	-65.769
348.85	-65.759
348.9	-65.747
348.95	-65.733
349.0	-65.718
349.05	-65.701
349.1	-65.684
349.15	-65.665
349.2	-65.645
349.25	-65.624
349.3	-65.603
349.35	-65.58
349.4	-65.558
349.45	-65.535
349.5	-65.512
349.55	-65.49
349.6	-65.467
349.65	-65.445
349.7	-65.424
349.75	-65.403
349.8	-65.383
349.85	-65.364
349.9	-65.347
349.95	-65.33
350.0	-65.314
350.05	-65.3
350.1	-65.286
350.15	-65.274
350.2	-65.262
350.25	-65.251
350.3	-65.241
350.35	-65.232
350.4	-65.223
350.45	-65.215
350.5	-65.207
350.55	-65.199
350.6	-65.191
350.65	-65.183
350.7	-65.175
350.75	-65.167
350.8	-65.158
350.85	-65.149
350.9	-65.14
350.95	-65.13
351.0	-65.12
351.05	-65.109
351.1	-65.098
351.15	-65.087
351.2	-65.075
351.25	-65.064
351.3	-65.052
351.35	-65.041
351.4	-65.029
351.45	-65.018
351.5	-65.007
351.55	-64.997
351.6	-64.988
351.65	-64.979
351.7	-64.971
351.75	-64.964
351.8	-64.957
351.85	-64.952
351.9	-64.947
351.95	-64.944
352.0	-64.941
352.05	-64.939
352.1	-64.938
352.15	-64.938
352.2	-64.938
352.25	-64.939
352.3	-64.94
352.35	-64.942
352.4	-64.944
352.45	-64.946
352.5	-64.949
352.55	-64.951
352.6	-64.953
352.65	-64.955
352.7	-64.957
352.75	-64.959
352.8	-64.959
352.85	-64.96
352.9	-64.959
352.95	-64.958
353.0	-64.956
353.05	-64.952
353.1	-64.949
353.15	-64.944
353.2	-64.938
353.25	-64.931
353.3	-64.924
353.35	-64.915
353.4	-64.906
353.45	-64.895
353.5	-64.884
353.55	-64.871
353.6	-64.858
353.65	-64.844
353.7	-64.829
353.75	-64.814
353.8	-64.798
353.85	-64.781
353.9	-64.763
353.95	-64.744
354.0	-64.725
354.05	-64.705
354.1	-64.685
354.15	-64.664
354.2	-64.643
354.25	-64.622
354.3	-64.6
354.35	-64.577
354.4	-64.554
354.45	-64.531
354.5	-64.507
354.55	-64.483
354.6	-64.458
354.65	-64.433
354.7	-64.408
354.75	-64.382
354.8	-64.356
354.85	-64.33
354.9	-64.305
354.95	-64.28
355.0	-64.257
355.05	-64.234
355.1	-64.214
355.15	-64.195
355.2	-64.179
355.25	-64.165
355.3	-64.153
355.35	-64.144
355.4	-64.137
355.45	-64.132
355.5	-64.129
355.55	-64.128
355.6	-64.129
355.65	-64.131
355.7	-64.134
355.75	-64.138
355.8	-64.142
355.85	-64.147
355.9	-64.151
355.95	-64.155
356.0	-64.159
356.05	-64.161
356.1	-64.162
356.15	-64.162
356.2	-64.16
356.25	-64.157
356.3	-64.153
356.35	-64.147
356.4	-64.14
356.45	-64.132
356.5	-64.122
356.55	-64.112
356.6	-64.101
356.65	-64.089
356.7	-64.078
356.75	-64.067
356.8	-64.057
356.85	-64.047
356.9	-64.038
356.95	-64.03
357.0	-64.024
357.05	-64.019
357.1	-64.016
357.15	-64.013
357.2	-64.013
357.25	-64.013
357.3	-64.015
357.35	-64.019
357.4	-64.023
357.45	-64.029
357.5	-64.036
357.55	-64.043
357.6	-64.052
357.65	-64.06
357.7	-64.069
357.75	-64.078
357.8	-64.087
357.85	-64.096
357.9	-64.104
357.95	-64.112
358.0	-64.118
358.05	-64.124
358.1	-64.128
358.15	-64.13
358.2	-64.131
358.25	-64.13
358.3	-64.128
358.35	-64.123
358.4	-64.117
358.45	-64.109
358.5	-64.099
358.55	-64.087
358.6	-64.073
358.65	-64.057
358.7	-64.04
358.75	-64.022
358.8	-64.003
358.85	-63.984
358.9	-63.963
358.95	-63.943
359.0	-63.922
359.05	-63.9
359.1	-63.879
359.15	-63.857
359.2	-63.836
359.25	-63.814
359.3	-63.793
359.35	-63.771
359.4	-63.749
359.45	-63.726
359.5	-63.703
359.55	-63.68
359.6	-63.655
359.65	-63.629
359.7	-63.603
359.75	-63.576
359.8	-63.548
359.85	-63.52
359.9	-63.492
359.95	-63.464
360.0	-63.437
360.05	-63.409
360.1	-63.382
360.15	-63.356
360.2	-63.331
360.25	-63.306
360.3	-63.282
360.35	-63.259
360.4	-63.237
360.45	-63.216
360.5	-63.197
360.55	-63.179
360.6	-63.162
360.65	-63.146
360.7	-63.132
360.75	-63.118
360.8	-63.106
360.85	-63.095
360.9	-63.085
360.95	-63.076
361.0	-63.069
361.05	-63.063
361.1	-63.059
361.15	-63.055
361.2	-63.053
361.25	-63.052
361.3	-63.052
361.35	-63.054
361.4	-63.056
361.45	-63.06
361.5	-63.064
361.55	-63.069
361.6	-63.075
361.65	-63.081
361.7	-63.087
361.75	-63.093
361.8	-63.1
361.85	-63.105
361.9	-63.111
361.95	-63.115
362.0	-63.119
362.05	-63.121
362.1	-63.123
362.15	-63.123
362.2	-63.122
362.25	-63.12
362.3	-63.117
362.35	-63.112
362.4	-63.105
362.45	-63.097
362.5	-63.088
362.55	-63.077
362.6	-63.065
362.65	-63.051
362.7	-63.037
362.75	-63.021
362.8	-63.004
362.85	-62.985
362.9	-62.966
362.95	-62.946
363.0	-62.925
363.05	-62.903
363.1	-62.88
363.15	-62.858
363.2	-62.835
363.25	-62.811
363.3	-62.788
363.35	-62.766
363.4	-62.743
363.45	-62.72
363.5	-62.697
363.55	-62.675
363.6	-62.653
363.65	-62.631
363.7	-62.609
363.75	-62.588
363.8	-62.566
363.85	-62.545
363.9	-62.523
363.95	-62.502
364.0	-62.48
364.05	-62.459
364.1	-62.437
364.15	-62.415
364.2	-62.393
364.25	-62.37
364.3	-62.348
364.35	-62.325
364.4	-62.301
364.45	-62.278
364.5	-62.254
364.55	-62.23
364.6	-62.206
364.65	-62.182
364.7	-62.158
364.75	-62.134
364.8	-62.111
364.85	-62.089
364.9	-62.067
364.95	-62.045
365.0	-62.025
365.05	-62.005
365.1	-61.987
365.15	-61.969
365.2	-61.953
365.25	-61.937
365.3	-61.923
365.35	-61.909
365.4	-61.897
365.45	-61.885
365.5	-61.874
365.55	-61.864
365.6	-61.855
365.65	-61.846
365.7	-61.838
365.75	-61.831
365.8	-61.825
365.85	-61.819
365.9	-61.813
365.95	-61.808
366.0	-61.803
366.05	-61.799
366.1	-61.795
366.15	-61.792
366.2	-61.788
366.25	-61.785
366.3	-61.781
366.35	-61.778
366.4	-61.774
366.45	-61.769
366.5	-61.765
366.55	-61.759
366.6	-61.753
366.65	-61.746
366.7	-61.739
366.75	-61.73
366.8	-61.72
366.85	-61.709
366.9	-61.696
366.95	-61.683
367.0	-61.667
367.05	-61.65
367.1	-61.632
367.15	-61.612
367.2	-61.589
367.25	-61.565
367.3	-61.539
367.35	-61.511
367.4	-61.481
367.45	-61.448
367.5	-61.414
367.55	-61.378
367.6	-61.34
367.65	-61.3
367.7	-61.259
367.75	-61.218
367.8	-61.177
367.85	-61.135
367.9	-61.094
367.95	-61.052
368.0	-61.012
368.05	-60.971
368.1	-60.932
368.15	-60.893
368.2	-60.856
368.25	-60.819
368.3	-60.784
368.35	-60.749
368.4	-60.716
368.45	-60.684
368.5	-60.652
368.55	-60.622
368.6	-60.593
368.65	-60.565
368.7	-60.538
368.75	-60.512
368.8	-60.487
368.85	-60.463
368.9	-60.44
368.95	-60.418
369.0	-60.397
369.05	-60.377
369.1	-60.357
369.15	-60.338
369.2	-60.32
369.25	-60.302
369.3	-60.285
369.35	-60.269
369.4	-60.252
369.45	-60.236
369.5	-60.22
369.55	-60.203
369.6	-60.187
369.65	-60.169
369.7	-60.152
369.75	-60.134
369.8	-60.116
369.85	-60.097
369.9	-60.079
369.95	-60.06
370.0	-60.041
370.05	-60.022
370.1	-60.004
370.15	-59.985
370.2	-59.968
370.25	-59.951
370.3	-59.934
370.35	-59.919
370.4	-59.904
370.45	-59.891
370.5	-59.878
370.55	-59.866
370.6	-59.855
370.65	-59.845
370.7	-59.836
370.75	-59.827
370.8	-59.82
370.85	-59.813
370.9	-59.806
370.95	-59.799
371.0	-59.791
371.05	-59.783
371.1	-59.774
371.15	-59.764
371.2	-59.752
371.25	-59.739
371.3	-59.725
371.35	-59.709
371.4	-59.692
371.45	-59.672
371.5	-59.65
371.55	-59.626
371.6	-59.6
371.65	-59.572
371.7	-59.542
371.75	-59.51
371.8	-59.476
371.85	-59.439
371.9	-59.402
371.95	-59.362
372.0	-59.321
372.05	-59.279
372.1	-59.235
372.15	-59.19
372.2	-59.144
372.25	-59.099
372.3	-59.053
372.35	-59.008
372.4	-58.964
372.45	-58.92
372.5	-58.877
372.55	-58.835
372.6	-58.794
372.65	-58.753
372.7	-58.714
372.75	-58.675
372.8	-58.638
372.85	-58.6
372.9	-58.563
372.95	-58.527
373.0	-58.491
373.05	-58.455
373.1	-58.42
373.15	-58.384
373.2	-58.349
373.25	-58.314
373.3	-58.28
373.35	-58.245
373.4	-58.21
373.45	-58.176
373.5	-58.141
373.55	-58.106
373.6	-58.071
373.65	-58.036
373.7	-58.001
373.75	-57.966
373.8	-57.931
373.85	-57.896
373.9	-57.86
373.95	-57.825
374.0	-57.791
374.05	-57.756
374.1	-57.722
374.15	-57.687
374.2	-57.653
374.25	-57.62
374.3	-57.588
374.35	-57.556
374.4	-57.524
374.45	-57.493
374.5	-57.462
374.55	-57.432
374.6	-57.401
374.65	-57.371
374.7	-57.34
374.75	-57.31
374.8	-57.279
374.85	-57.248
374.9	-57.216
374.95	-57.184
375.0	-57.15
375.05	-57.116
375.1	-57.081
375.15	-57.045
375.2	-57.008
375.25	-56.969
375.3	-56.929
375.35	-56.888
375.4	-56.844
375.45	-56.797
375.5	-56.746
375.55	-56.692
375.6	-56.634
375.65	-56.572
375.7	-56.506
375.75	-56.435
375.8	-56.36
375.85	-56.28
375.9	-56.195
375.95	-56.106
376.0	-56.013
376.05	-55.914
376.1	-55.81
376.15	-55.699
376.2	-55.583
376.25	-55.46
376.3	-55.33
376.35	-55.192
376.4	-55.044
376.45	-54.89
376.5	-54.728
376.55	-54.558
376.6	-54.379
376.65	-54.192
376.7	-53.996
376.75	-53.793
376.8	-53.582
376.85	-53.364
376.9	-53.139
376.95	-52.906
377.0	-52.668
377.05	-52.42
377.1	-52.164
377.15	-51.897
377.2	-51.618
377.25	-51.33
377.3	-51.031
377.35	-50.718
377.4	-50.386
377.45	-50.037
377.5	-49.675
377.55	-49.295
377.6	-48.894
377.65	-48.47
377.7	-48.031
377.75	-47.578
377.8	-47.104
377.85	-46.595
377.9	-46.05
377.95	-45.466
378.0	-44.839
378.05	-44.179
378.1	-43.491
378.15	-42.781
378.2	-42.027
378.25	-41.197
378.3	-40.331
378.35	-39.461
378.4	-38.536
378.45	-37.509
378.5	-36.413
378.55	-35.32
378.6	-34.216
378.65	-33.065
378.7	-31.894
378.75	-30.706
378.8	-29.51
378.85	-28.27
378.9	-26.991
378.95	-25.765
379.0	-24.614
379.05	-23.485
379.1	-22.385
379.15	-21.303
379.2	-20.232
379.25	-19.155
379.3	-18.122
379.35	-17.212
379.4	-16.392
379.45	-15.605
379.5	-14.83
379.55	-14.084
379.6	-13.397
379.65	-12.759
379.7	-12.157
379.75	-11.599
379.8	-11.089
379.85	-10.619
379.9	-10.168
379.95	-9.723
380.0	-9.29
380.05	-8.874
380.1	-8.477
380.15	-8.1
380.2	-7.738
380.25	-7.388
380.3	-7.052
380.35	-6.731
380.4	-6.423
380.45	-6.122
380.5	-5.83
380.55	-5.549
380.6	-5.279
380.65	-5.018
380.7	-4.767
380.75	-4.526
380.8	-4.295
380.85	-4.073
380.9	-3.858
380.95	-3.649
381.0	-3.444
381.05	-3.245
381.1	-3.051
381.15	-2.861
381.2	-2.673
381.25	-2.488
381.3	-2.309
381.35	-2.139
381.4	-1.977
381.45	-1.823
381.5	-1.676
381.55	-1.537
381.6	-1.406
381.65	-1.282
381.7	-1.164
381.75	-1.051
381.8	-0.944
381.85	-0.842
381.9	-0.745
381.95	-0.653
382.0	-0.565
382.05	-0.482
382.1	-0.403
382.15	-0.329
382.2	-0.257
382.25	-0.19
382.3	-0.125
382.35	-0.064
382.4	-0.006
382.45	0.05
382.5	0.104
382.55	0.155
382.6	0.204
382.65	0.251
382.7	0.295
382.75	0.338
382.8	0.378
382.85	0.417
382.9	0.454
382.95	0.49
383.0	0.523
383.05	0.555
383.1	0.583
383.15	0.61
383.2	0.634
383.25	0.656
383.3	0.675
383.35	0.691
383.4	0.705
383.45	0.716
383.5	0.724
383.55	0.73
383.6	0.733
383.65	0.734
383.7	0.732
383.75	0.728
383.8	0.722
383.85	0.713
383.9	0.702
383.95	0.689
384.0	0.674
384.05	0.657
384.1	0.638
384.15	0.618
384.2	0.596
384.25	0.572
384.3	0.547
384.35	0.522
384.4	0.495
384.45	0.467
384.5	0.44
384.55	0.413
384.6	0.387
384.65	0.36
384.7	0.335
384.75	0.311
384.8	0.288
384.85	0.266
384.9	0.246
384.95	0.228
385.0	0.21
385.05	0.195
385.1	0.18
385.15	0.166
385.2	0.154
385.25	0.143
385.3	0.133
385.35	0.124
385.4	0.116
385.45	0.108
385.5	0.101
385.55	0.095
385.6	0.089
385.65	0.084
385.7	0.079
385.75	0.074
385.8	0.069
385.85	0.065
385.9	0.059
385.95	0.054
386.0	0.047
386.05	0.04
386.1	0.031
386.15	0.022
386.2	0.011
386.25	-0.002
386.3	-0.015
386.35	-0.03
386.4	-0.047
386.45	-0.065
386.5	-0.084
386.55	-0.105
386.6	-0.126
386.65	-0.149
386.7	-0.174
386.75	-0.2
386.8	-0.227
386.85	-0.255
386.9	-0.284
386.95	-0.314
387.0	-0.345
387.05	-0.378
387.1	-0.411
387.15	-0.445
387.2	-0.48
387.25	-0.516
387.3	-0.552
387.35	-0.59
387.4	-0.627
387.45	-0.665
387.5	-0.704
387.55	-0.742
387.6	-0.781
387.65	-0.82
387.7	-0.859
387.75	-0.898
387.8	-0.938
387.85	-0.977
387.9	-1.018
387.95	-1.059
388.0	-1.1
388.05	-1.142
388.1	-1.184
388.15	-1.228
388.2	-1.274
388.25	-1.32
388.3	-1.369
388.35	-1.419
388.4	-1.471
388.45	-1.525
388.5	-1.582
388.55	-1.641
388.6	-1.703
388.65	-1.767
388.7	-1.833
388.75	-1.902
388.8	-1.974
388.85	-2.048
388.9	-2.123
388.95	-2.198
389.0	-2.273
389.05	-2.347
389.1	-2.419
389.15	-2.489
389.2	-2.558
389.25	-2.624
389.3	-2.689
389.35	-2.752
389.4	-2.814
389.45	-2.874
389.5	-2.932
389.55	-2.989
389.6	-3.044
389.65	-3.097
389.7	-3.149
389.75	-3.201
389.8	-3.253
389.85	-3.304
389.9	-3.354
389.95	-3.404
390.0	-3.453
390.05	-3.502
390.1	-3.551
390.15	-3.598
390.2	-3.645
390.25	-3.691
390.3	-3.736
390.35	-3.781
390.4	-3.826
390.45	-3.871
390.5	-3.915
390.55	-3.96
390.6	-4.005
390.65	-4.05
390.7	-4.097
390.75	-4.145
390.8	-4.193
390.85	-4.242
390.9	-4.292
390.95	-4.343
391.0	-4.395
391.05	-4.448
391.1	-4.503
391.15	-4.56
391.2	-4.619
391.25	-4.679
391.3	-4.741
391.35	-4.805
391.4	-4.872
391.45	-4.941
391.5	-5.013
391.55	-5.085
391.6	-5.159
391.65	-5.234
391.7	-5.308
391.75	-5.383
391.8	-5.459
391.85	-5.535
391.9	-5.61
391.95	-5.684
392.0	-5.757
392.05	-5.829
392.1	-5.9
392.15	-5.969
392.2	-6.036
392.25	-6.1
392.3	-6.164
392.35	-6.226
392.4	-6.288
392.45	-6.348
392.5	-6.407
392.55	-6.465
392.6	-6.521
392.65	-6.578
392.7	-6.634
392.75	-6.69
392.8	-6.746
392.85	-6.801
392.9	-6.856
392.95	-6.912
393.0	-6.967
393.05	-7.023
393.1	-7.081
393.15	-7.139
393.2	-7.198
393.25	-7.258
393.3	-7.32
393.35	-7.384
393.4	-7.448
393.45	-7.513
393.5	-7.577
393.55	-7.639
393.6	-7.699
393.65	-7.756
393.7	-7.811
393.75	-7.863
393.8	-7.914
393.85	-7.964
393.9	-8.013
393.95	-8.061
394.0	-8.107
394.05	-8.154
394.1	-8.2
394.15	-8.247
394.2	-8.295
394.25	-8.345
394.3	-8.395
394.35	-8.447
394.4	-8.501
394.45	-8.556
394.5	-8.613
394.55	-8.671
394.6	-8.73
394.65	-8.79
394.7	-8.85
394.75	-8.91
394.8	-8.971
394.85	-9.032
394.9	-9.092
394.95	-9.153
395.0	-9.213
395.05	-9.274
395.1	-9.334
395.15	-9.394
395.2	-9.454
395.25	-9.513
395.3	-9.572
395.35	-9.63
395.4	-9.688
395.45	-9.746
395.5	-9.803
395.55	-9.861
395.6	-9.919
395.65	-9.978
395.7	-10.037
395.75	-10.097
395.8	-10.157
395.85	-10.218
395.9	-10.28
395.95	-10.343
396.0	-10.405
396.05	-10.467
396.1	-10.529
396.15	-10.592
396.2	-10.655
396.25	-10.718
396.3	-10.781
396.35	-10.845
396.4	-10.909
396.45	-10.972
396.5	-11.034
396.55	-11.097
396.6	-11.159
396.65	-11.22
396.7	-11.281
396.75	-11.341
396.8	-11.401
396.85	-11.46
396.9	-11.518
396.95	-11.578
397.0	-11.637
397.05	-11.698
397.1	-11.759
397.15	-11.822
397.2	-11.886
397.25	-11.952
397.3	-12.018
397.35	-12.084
397.4	-12.152
397.45	-12.221
397.5	-12.291
397.55	-12.362
397.6	-12.434
397.65	-12.506
397.7	-12.578
397.75	-12.65
397.8	-12.724
397.85	-12.798
397.9	-12.872
397.95	-12.945
398.0	-13.018
398.05	-13.09
398.1	-13.161
398.15	-13.231
398.2	-13.3
398.25	-13.367
398.3	-13.431
398.35	-13.493
398.4	-13.554
398.45	-13.613
398.5	-13.67
398.55	-13.725
398.6	-13.779
398.65	-13.832
398.7	-13.883
398.75	-13.932
398.8	-13.979
398.85	-14.024
398.9	-14.068
398.95	-14.11
399.0	-14.151
399.05	-14.191
399.1	-14.23
399.15	-14.268
399.2	-14.304
399.25	-14.34
399.3	-14.375
399.35	-14.409
399.4	-14.442
399.45	-14.476
399.5	-14.51
399.55	-14.544
399.6	-14.579
399.65	-14.615
399.7	-14.653
399.75	-14.691
399.8	-14.732
399.85	-14.773
399.9	-14.817
399.95	-14.863
400.0	-14.91
400.05	-14.96
400.1	-15.013
400.15	-15.067
400.2	-15.124
400.25	-15.183
400.3	-15.244
400.35	-15.307
400.4	-15.372
400.45	-15.439
400.5	-15.507
400.55	-15.576
400.6	-15.645
400.65	-15.716
400.7	-15.787
400.75	-15.858
400.8	-15.929
400.85	-15.999
400.9	-16.067
400.95	-16.135
401.0	-16.202
401.05	-16.269
401.1	-16.335
401.15	-16.4
401.2	-16.465
401.25	-16.53
401.3	-16.593
401.35	-16.654
401.4	-16.715
401.45	-16.775
401.5	-16.834
401.55	-16.892
401.6	-16.95
401.65	-17.008
401.7	-17.065
401.75	-17.123
401.8	-17.181
401.85	-17.24
401.9	-17.301
401.95	-17.364
402.0	-17.428
402.05	-17.493
402.1	-17.56
402.15	-17.629
402.2	-17.7
402.25	-17.773
402.3	-17.848
402.35	-17.926
402.4	-18.005
402.45	-18.086
402.5	-18.167
402.55	-18.249
402.6	-18.331
402.65	-18.412
402.7	-18.491
402.75	-18.569
402.8	-18.645
402.85	-18.718
402.9	-18.789
402.95	-18.858
403.0	-18.926
403.05	-18.993
403.1	-19.058
403.15	-19.123
403.2	-19.186
403.25	-19.248
403.3	-19.308
403.35	-19.366
403.4	-19.423
403.45	-19.478
403.5	-19.531
403.55	-19.582
403.6	-19.632
403.65	-19.68
403.7	-19.726
403.75	-19.771
403.8	-19.813
403.85	-19.854
403.9	-19.893
403.95	-19.931
404.0	-19.967
404.05	-20.002
404.1	-20.037
404.15	-20.071
404.2	-20.106
404.25	-20.14
404.3	-20.175
404.35	-20.21
404.4	-20.246
404.45	-20.282
404.5	-20.32
404.55	-20.359
404.6	-20.399
404.65	-20.44
404.7	-20.483
404.75	-20.527
404.8	-20.572
404.85	-20.618
404.9	-20.667
404.95	-20.717
405.0	-20.768
405.05	-20.822
405.1	-20.877
405.15	-20.934
405.2	-20.993
405.25	-21.053
405.3	-21.114
405.35	-21.177
405.4	-21.241
405.45	-21.307
405.5	-21.375
405.55	-21.442
405.6	-21.51
405.65	-21.577
405.7	-21.644
405.75	-21.711
405.8	-21.777
405.85	-21.842
405.9	-21.907
405.95	-21.972
406.0	-22.036
406.05	-22.1
406.1	-22.163
406.15	-22.227
406.2	-22.291
406.25	-22.355
406.3	-22.419
406.35	-22.483
406.4	-22.547
406.45	-22.613
406.5	-22.679
406.55	-22.747
406.6	-22.816
406.65	-22.886
406.7	-22.957
406.75	-23.029
406.8	-23.102
406.85	-23.177
406.9	-23.253
406.95	-23.33
407.0	-23.409
407.05	-23.49
407.1	-23.573
407.15	-23.658
407.2	-23.745
407.25	-23.832
407.3	-23.919
407.35	-24.006
407.4	-24.093
407.45	-24.179
407.5	-24.265
407.55	-24.35
407.6	-24.435
407.65	-24.518
407.7	-24.602
407.75	-24.685
407.8	-24.766
407.85	-24.846
407.9	-24.925
407.95	-25.002
408.0	-25.079
408.05	-25.155
408.1	-25.232
408.15	-25.31
408.2	-25.386
408.25	-25.461
408.3	-25.533
408.35	-25.603
408.4	-25.671
408.45	-25.737
408.5	-25.803
408.55	-25.869
408.6	-25.934
408.65	-25.999
408.7	-26.063
408.75	-26.126
408.8	-26.188
408.85	-26.249
408.9	-26.308
408.95	-26.366
409.0	-26.422
409.05	-26.476
409.1	-26.529
409.15	-26.581
409.2	-26.632
409.25	-26.681
409.3	-26.729
409.35	-26.776
409.4	-26.821
409.45	-26.865
409.5	-26.908
409.55	-26.949
409.6	-26.989
409.65	-27.027
409.7	-27.065
409.75	-27.102
409.8	-27.139
409.85	-27.176
409.9	-27.214
409.95	-27.253
410.0	-27.293
410.05	-27.334
410.1	-27.376
410.15	-27.42
410.2	-27.466
410.25	-27.514
410.3	-27.564
410.35	-27.616
410.4	-27.67
410.45	-27.726
410.5	-27.784
410.55	-27.844
410.6	-27.906
410.65	-27.971
410.7	-28.039
410.75	-28.111
410.8	-28.185
410.85	-28.262
410.9	-28.34
410.95	-28.421
411.0	-28.504
411.05	-28.588
411.1	-28.675
411.15	-28.765
411.2	-28.858
411.25	-28.953
411.3	-29.051
411.35	-29.151
411.4	-29.254
411.45	-29.359
411.5	-29.467
411.55	-29.576
411.6	-29.687
411.65	-29.797
411.7	-29.905
411.75	-30.013
411.8	-30.118
411.85	-30.22
411.9	-30.321
411.95	-30.421
412.0	-30.518
412.05	-30.613
412.1	-30.707
412.15	-30.799
412.2	-30.891
412.25	-30.981
412.3	-31.07
412.35	-31.159
412.4	-31.247
412.45	-31.335
412.5	-31.423
412.55	-31.511
412.6	-31.599
412.65	-31.686
412.7	-31.771
412.75	-31.855
412.8	-31.939
412.85	-32.021
412.9	-32.103
412.95	-32.183
413.0	-32.264
413.05	-32.344
413.1	-32.425
413.15	-32.508
413.2	-32.592
413.25	-32.677
413.3	-32.763
413.35	-32.85
413.4	-32.936
413.45	-33.024
413.5	-33.111
413.55	-33.198
413.6	-33.285
413.65	-33.372
413.7	-33.459
413.75	-33.546
413.8	-33.633
413.85	-33.721
413.9	-33.809
413.95	-33.897
414.0	-33.986
414.05	-34.075
414.1	-34.164
414.15	-34.255
414.2	-34.346
414.25	-34.437
414.3	-34.529
414.35	-34.621
414.4	-34.715
414.45	-34.81
414.5	-34.906
414.55	-35.003
414.6	-35.099
414.65	-35.195
414.7	-35.291
414.75	-35.389
414.8	-35.487
414.85	-35.586
414.9	-35.683
414.95	-35.78
415.0	-35.875
415.05	-35.969
415.1	-36.061
415.15	-36.153
415.2	-36.244
415.25	-36.333
415.3	-36.421
415.35	-36.507
415.4	-36.594
415.45	-36.681
415.5	-36.769
415.55	-36.858
415.6	-36.948
415.65	-37.039
415.7	-37.132
415.75	-37.226
415.8	-37.323
415.85	-37.422
415.9	-37.523
415.95	-37.627
416.0	-37.733
416.05	-37.842
416.1	-37.954
416.15	-38.067
416.2	-38.183
416.25	-38.299
416.3	-38.413
416.35	-38.525
416.4	-38.635
416.45	-38.743
416.5	-38.85
416.55	-38.956
416.6	-39.06
416.65	-39.162
416.7	-39.262
416.75	-39.361
416.8	-39.459
416.85	-39.557
416.9	-39.654
416.95	-39.749
417.0	-39.843
417.05	-39.934
417.1	-40.024
417.15	-40.113
417.2	-40.201
417.25	-40.287
417.3	-40.371
417.35	-40.454
417.4	-40.535
417.45	-40.614
417.5	-40.692
417.55	-40.769
417.6	-40.845
417.65	-40.921
417.7	-40.998
417.75	-41.078
417.8	-41.161
417.85	-41.248
417.9	-41.338
417.95	-41.431
418.0	-41.527
418.05	-41.626
418.1	-41.728
418.15	-41.833
418.2	-41.941
418.25	-42.052
418.3	-42.166
418.35	-42.28
418.4	-42.393
418.45	-42.503
418.5	-42.611
418.55	-42.717
418.6	-42.82
418.65	-42.92
418.7	-43.017
418.75	-43.109
418.8	-43.2
418.85	-43.288
418.9	-43.376
418.95	-43.463
419.0	-43.548
419.05	-43.633
419.1	-43.719
419.15	-43.805
419.2	-43.892
419.25	-43.98
419.3	-44.068
419.35	-44.157
419.4	-44.245
419.45	-44.334
419.5	-44.424
419.55	-44.514
419.6	-44.603
419.65	-44.693
419.7	-44.783
419.75	-44.874
419.8	-44.965
419.85	-45.056
419.9	-45.148
419.95	-45.241
420.0	-45.336
420.05	-45.431
420.1	-45.528
420.15	-45.625
420.2	-45.724
420.25	-45.823
420.3	-45.922
420.35	-46.021
420.4	-46.121
420.45	-46.221
420.5	-46.323
420.55	-46.429
420.6	-46.539
420.65	-46.651
420.7	-46.764
420.75	-46.877
420.8	-46.992
420.85	-47.105
420.9	-47.218
420.95	-47.331
421.0	-47.444
421.05	-47.557
421.1	-47.669
421.15	-47.782
421.2	-47.896
421.25	-48.009
421.3	-48.12
421.35	-48.228
421.4	-48.332
421.45	-48.432
421.5	-48.527
421.55	-48.618
421.6	-48.706
421.65	-48.789
421.7	-48.87
421.75	-48.948
421.8	-49.024
421.85	-49.098
421.9	-49.169
421.95	-49.24
422.0	-49.309
422.05	-49.378
422.1	-49.446
422.15	-49.514
422.2	-49.583
422.25	-49.653
422.3	-49.723
422.35	-49.794
422.4	-49.866
422.45	-49.94
422.5	-50.014
422.55	-50.09
422.6	-50.167
422.65	-50.245
422.7	-50.322
422.75	-50.401
422.8	-50.481
422.85	-50.562
422.9	-50.644
422.95	-50.726
423.0	-50.809
423.05	-50.891
423.1	-50.972
423.15	-51.054
423.2	-51.137
423.25	-51.22
423.3	-51.304
423.35	-51.386
423.4	-51.468
423.45	-51.55
423.5	-51.633
423.55	-51.717
423.6	-51.801
423.65	-51.887
423.7	-51.973
423.75	-52.06
423.8	-52.147
423.85	-52.234
423.9	-52.321
423.95	-52.41
424.0	-52.5
424.05	-52.592
424.1	-52.684
424.15	-52.779
424.2	-52.876
424.25	-52.975
424.3	-53.077
424.35	-53.181
424.4	-53.287
424.45	-53.395
424.5	-53.504
424.55	-53.615
424.6	-53.726
424.65	-53.838
424.7	-53.951
424.75	-54.066
424.8	-54.181
424.85	-54.295
424.9	-54.407
424.95	-54.519
425.0	-54.63
425.05	-54.742
425.1	-54.855
425.15	-54.968
425.2	-55.081
425.25	-55.192
425.3	-55.3
425.35	-55.404
425.4	-55.505
425.45	-55.604
425.5	-55.7
425.55	-55.791
425.6	-55.879
425.65	-55.964
425.7	-56.045
425.75	-56.123
425.8	-56.198
425.85	-56.27
425.9	-56.339
425.95	-56.406
426.0	-56.47
426.05	-56.532
426.1	-56.59
426.15	-56.645
426.2	-56.697
426.25	-56.745
426.3	-56.792
426.35	-56.835
426.4	-56.876
426.45	-56.915
426.5	-56.953
426.55	-56.989
426.6	-57.026
426.65	-57.062
426.7	-57.099
426.75	-57.138
426.8	-57.177
426.85	-57.218
426.9	-57.261
426.95	-57.306
427.0	-57.353
427.05	-57.402
427.1	-57.453
427.15	-57.506
427.2	-57.561
427.25	-57.618
427.3	-57.676
427.35	-57.735
427.4	-57.795
427.45	-57.856
427.5	-57.919
427.55	-57.983
427.6	-58.048
427.65	-58.114
427.7	-58.181
427.75	-58.248
427.8	-58.317
427.85	-58.385
427.9	-58.455
427.95	-58.524
428.0	-58.594
428.05	-58.663
428.1	-58.732
428.15	-58.801
428.2	-58.87
428.25	-58.939
428.3	-59.008
428.35	-59.077
428.4	-59.146
428.45	-59.214
428.5	-59.282
428.55	-59.349
428.6	-59.416
428.65	-59.483
428.7	-59.551
428.75	-59.62
428.8	-59.69
428.85	-59.759
428.9	-59.829
428.95	-59.899
429.0	-59.969
429.05	-60.04
429.1	-60.111
429.15	-60.182
429.2	-60.253
429.25	-60.325
429.3	-60.397
429.35	-60.469
429.4	-60.542
429.45	-60.616
429.5	-60.691
429.55	-60.768
429.6	-60.845
429.65	-60.925
429.7	-61.005
429.75	-61.086
429.8	-61.167
429.85	-61.247
429.9	-61.326
429.95	-61.402
430.0	-61.478
430.05	-61.553
430.1	-61.627
430.15	-61.7
430.2	-61.772
430.25	-61.842
430.3	-61.911
430.35	-61.977
430.4	-62.041
430.45	-62.103
430.5	-62.162
430.55	-62.219
430.6	-62.273
430.65	-62.325
430.7	-62.375
430.75	-62.422
430.8	-62.467
430.85	-62.51
430.9	-62.551
430.95	-62.591
431.0	-62.63
431.05	-62.667
431.1	-62.704
431.15	-62.74
431.2	-62.775
431.25	-62.81
431.3	-62.844
431.35	-62.878
431.4	-62.913
431.45	-62.947
431.5	-62.982
431.55	-63.017
431.6	-63.053
431.65	-63.091
431.7	-63.129
431.75	-63.169
431.8	-63.209
431.85	-63.25
431.9	-63.292
431.95	-63.334
432.0	-63.377
432.05	-63.421
432.1	-63.466
432.15	-63.511
432.2	-63.556
432.25	-63.601
432.3	-63.647
432.35	-63.694
432.4	-63.741
432.45	-63.789
432.5	-63.837
432.55	-63.886
432.6	-63.935
432.65	-63.986
432.7	-64.037
432.75	-64.088
432.8	-64.139
432.85	-64.19
432.9	-64.241
432.95	-64.291
433.0	-64.343
433.05	-64.394
433.1	-64.446
433.15	-64.497
433.2	-64.549
433.25	-64.6
433.3	-64.653
433.35	-64.705
433.4	-64.758
433.45	-64.811
433.5	-64.865
433.55	-64.921
433.6	-64.977
433.65	-65.035
433.7	-65.094
433.75	-65.155
433.8	-65.217
433.85	-65.28
433.9	-65.344
433.95	-65.409
434.0	-65.475
434.05	-65.542
434.1	-65.61
434.15	-65.679
434.2	-65.748
434.25	-65.817
434.3	-65.887
434.35	-65.957
434.4	-66.026
434.45	-66.093
434.5	-66.158
434.55	-66.222
434.6	-66.283
434.65	-66.341
434.7	-66.396
434.75	-66.449
434.8	-66.5
434.85	-66.548
434.9	-66.594
434.95	-66.637
435.0	-66.68
435.05	-66.72
435.1	-66.759
435.15	-66.796
435.2	-66.832
435.25	-66.867
435.3	-66.9
435.35	-66.932
435.4	-66.963
435.45	-66.993
435.5	-67.021
435.55	-67.048
435.6	-67.074
435.65	-67.099
435.7	-67.124
435.75	-67.148
435.8	-67.171
435.85	-67.194
435.9	-67.217
435.95	-67.24
436.0	-67.264
436.05	-67.289
436.1	-67.314
436.15	-67.34
436.2	-67.367
436.25	-67.395
436.3	-67.425
436.35	-67.456
436.4	-67.489
436.45	-67.523
436.5	-67.558
436.55	-67.595
436.6	-67.633
436.65	-67.672
436.7	-67.713
436.75	-67.756
436.8	-67.8
436.85	-67.845
436.9	-67.891
436.95	-67.937
437.0	-67.984
437.05	-68.031
437.1	-68.079
437.15	-68.126
437.2	-68.174
437.25	-68.222
437.3	-68.27
437.35	-68.318
437.4	-68.366
437.45	-68.415
437.5	-68.462
437.55	-68.509
437.6	-68.555
437.65	-68.6
437.7	-68.644
437.75	-68.687
437.8	-68.729
437.85	-68.771
437.9	-68.812
437.95	-68.854
438.0	-68.895
438.05	-68.936
438.1	-68.978
438.15	-69.019
438.2	-69.061
438.25	-69.104
438.3	-69.147
438.35	-69.191
438.4	-69.235
438.45	-69.281
438.5	-69.328
438.55	-69.375
438.6	-69.424
438.65	-69.474
438.7	-69.524
438.75	-69.574
438.8	-69.623
438.85	-69.672
438.9	-69.719
438.95	-69.764
439.0	-69.806
439.05	-69.847
439.1	-69.885
439.15	-69.92
439.2	-69.952
439.25	-69.981
439.3	-70.008
439.35	-70.032
439.4	-70.054
439.45	-70.073
439.5	-70.09
439.55	-70.104
439.6	-70.117
439.65	-70.128
439.7	-70.137
439.75	-70.144
439.8	-70.151
439.85	-70.155
439.9	-70.158
439.95	-70.16
440.0	-70.162
440.05	-70.163
440.1	-70.164
440.15	-70.165
440.2	-70.167
440.25	-70.169
440.3	-70.173
440.35	-70.178
440.4	-70.185
440.45	-70.193
440.5	-70.203
440.55	-70.215
440.6	-70.229
440.65	-70.244
440.7	-70.262
440.75	-70.283
440.8	-70.305
440.85	-70.329
440.9	-70.355
440.95	-70.382
441.0	-70.412
441.05	-70.443
441.1	-70.476
441.15	-70.511
441.2	-70.546
441.25	-70.583
441.3	-70.621
441.35	-70.66
441.4	-70.7
441.45	-70.741
441.5	-70.783
441.55	-70.824
441.6	-70.866
441.65	-70.908
441.7	-70.95
441.75	-70.99
441.8	-71.03
441.85	-71.068
441.9	-71.106
441.95	-71.143
442.0	-71.179
442.05	-71.214
442.1	-71.249
442.15	-71.282
442.2	-71.315
442.25	-71.346
442.3	-71.377
442.35	-71.407
442.4	-71.436
442.45	-71.465
442.5	-71.492
442.55	-71.519
442.6	-71.546
442.65	-71.572
442.7	-71.598
442.75	-71.624
442.8	-71.649
442.85	-71.675
442.9	-71.7
442.95	-71.726
443.0	-71.751
443.05	-71.777
443.1	-71.802
443.15	-71.828
443.2	-71.855
443.25	-71.882
443.3	-71.91
443.35	-71.937
443.4	-71.965
443.45	-71.993
443.5	-72.02
443.55	-72.047
443.6	-72.073
443.65	-72.098
443.7	-72.123
443.75	-72.147
443.8	-72.169
443.85	-72.19
443.9	-72.21
443.95	-72.228
444.0	-72.244
444.05	-72.258
444.1	-72.271
444.15	-72.281
444.2	-72.289
444.25	-72.294
444.3	-72.296
444.35	-72.297
444.4	-72.294
444.45	-72.289
444.5	-72.281
444.55	-72.271
444.6	-72.258
444.65	-72.242
444.7	-72.223
444.75	-72.202
444.8	-72.179
444.85	-72.155
444.9	-72.13
444.95	-72.105
445.0	-72.081
445.05	-72.057
445.1	-72.035
445.15	-72.016
445.2	-71.998
445.25	-71.984
445.3	-71.972
445.35	-71.963
445.4	-71.956
445.45	-71.952
445.5	-71.949
445.55	-71.949
445.6	-71.952
445.65	-71.956
445.7	-71.963
445.75	-71.972
445.8	-71.982
445.85	-71.994
445.9	-72.006
445.95	-72.02
446.0	-72.035
446.05	-72.051
446.1	-72.067
446.15	-72.084
446.2	-72.102
446.25	-72.119
446.3	-72.137
446.35	-72.155
446.4	-72.172
446.45	-72.189
446.5	-72.206
446.55	-72.222
446.6	-72.238
446.65	-72.254
446.7	-72.269
446.75	-72.283
446.8	-72.297
446.85	-72.311
446.9	-72.325
446.95	-72.339
447.0	-72.352
447.05	-72.366
447.1	-72.38
447.15	-72.395
447.2	-72.41
447.25	-72.425
447.3	-72.442
447.35	-72.46
447.4	-72.479
447.45	-72.499
447.5	-72.521
447.55	-72.544
447.6	-72.568
447.65	-72.593
447.7	-72.619
447.75	-72.646
447.8	-72.672
447.85	-72.699
447.9	-72.724
447.95	-72.749
448.0	-72.773
448.05	-72.795
448.1	-72.815
448.15	-72.833
448.2	-72.849
448.25	-72.863
448.3	-72.875
448.35	-72.884
448.4	-72.892
448.45	-72.896
448.5	-72.899
448.55	-72.899
448.6	-72.897
448.65	-72.893
448.7	-72.887
448.75	-72.879
448.8	-72.869
448.85	-72.857
448.9	-72.843
448.95	-72.828
449.0	-72.812
449.05	-72.796
449.1	-72.778
449.15	-72.761
449.2	-72.743
449.25	-72.727
449.3	-72.711
449.35	-72.696
449.4	-72.684
449.45	-72.672
449.5	-72.662
449.55	-72.654
449.6	-72.648
449.65	-72.643
449.7	-72.64
449.75	-72.639
449.8	-72.639
449.85	-72.64
449.9	-72.643
449.95	-72.648
450.0	-72.653
450.05	-72.66
450.1	-72.667
450.15	-72.676
450.2	-72.685
450.25	-72.695
450.3	-72.704
450.35	-72.715
450.4	-72.725
450.45	-72.735
450.5	-72.744
450.55	-72.753
450.6	-72.762
450.65	-72.77
450.7	-72.778
450.75	-72.785
450.8	-72.791
450.85	-72.797
450.9	-72.802
450.95	-72.807
451.0	-72.811
451.05	-72.815
451.1	-72.819
451.15	-72.822
451.2	-72.825
451.25	-72.828
451.3	-72.83
451.35	-72.834
451.4	-72.837
451.45	-72.841
451.5	-72.845
451.55	-72.851
451.6	-72.856
451.65	-72.864
451.7	-72.873
451.75	-72.883
451.8	-72.895
451.85	-72.909
451.9	-72.925
451.95	-72.942
452.0	-72.961
452.05	-72.982
452.1	-73.005
452.15	-73.028
452.2	-73.053
452.25	-73.078
452.3	-73.104
452.35	-73.129
452.4	-73.153
452.45	-73.176
452.5	-73.197
452.55	-73.215
452.6	-73.23
452.65	-73.244
452.7	-73.254
452.75	-73.263
452.8	-73.269
452.85	-73.273
452.9	-73.275
452.95	-73.275
453.0	-73.274
453.05	-73.27
453.1	-73.265
453.15	-73.259
453.2	-73.251
453.25	-73.242
453.3	-73.233
453.35	-73.222
453.4	-73.211
453.45	-73.199
453.5	-73.187
453.55	-73.175
453.6	-73.162
453.65	-73.149
453.7	-73.135
453.75	-73.122
453.8	-73.108
453.85	-73.095
453.9	-73.083
453.95	-73.071
454.0	-73.06
454.05	-73.05
454.1	-73.041
454.15	-73.033
454.2	-73.025
454.25	-73.019
454.3	-73.014
454.35	-73.01
454.4	-73.006
454.45	-73.004
454.5	-73.002
454.55	-73.0
454.6	-73.0
454.65	-73.0
454.7	-73.0
454.75	-73.0
454.8	-73.0
454.85	-73.001
454.9	-73.001
454.95	-73.001
455.0	-73.001
455.05	-73.001
455.1	-73.001
455.15	-73.001
455.2	-73.001
455.25	-73.001
455.3	-73.001
455.35	-73.001
455.4	-73.001
455.45	-73.002
455.5	-73.002
455.55	-73.004
455.6	-73.005
455.65	-73.007
455.7	-73.009
455.75	-73.012
455.8	-73.016
455.85	-73.021
455.9	-73.025
455.95	-73.032
456.0	-73.038
456.05	-73.046
456.1	-73.054
456.15	-73.063
456.2	-73.073
456.25	-73.084
456.3	-73.096
456.35	-73.109
456.4	-73.123
456.45	-73.138
456.5	-73.155
456.55	-73.172
456.6	-73.191
456.65	-73.212
456.7	-73.233
456.75	-73.256
456.8	-73.28
456.85	-73.306
456.9	-73.332
456.95	-73.36
457.0	-73.387
457.05	-73.415
457.1	-73.443
457.15	-73.47
457.2	-73.497
457.25	-73.524
457.3	-73.551
457.35	-73.576
457.4	-73.602
457.45	-73.626
457.5	-73.651
457.55	-73.674
457.6	-73.696
457.65	-73.717
457.7	-73.737
457.75	-73.756
457.8	-73.773
457.85	-73.789
457.9	-73.803
457.95	-73.816
458.0	-73.828
458.05	-73.837
458.1	-73.846
458.15	-73.853
458.2	-73.859
458.25	-73.862
458.3	-73.865
458.35	-73.866
