593.95	-67.64
594.0	-67.638
594.05	-67.634
594.1	-67.627
594.15	-67.619
594.2	-67.609
594.25	-67.597
594.3	-67.584
594.35	-67.57
594.4	-67.556
594.45	-67.541
594.5	-67.527
594.55	-67.512
594.6	-67.499
594.65	-67.486
594.7	-67.474
594.75	-67.464
594.8	-67.454
594.85	-67.445
594.9	-67.439
594.95	-67.432
595.0	-67.428
595.05	-67.424
595.1	-67.422
595.15	-67.421
595.2	-67.422
595.25	-67.423
595.3	-67.426
595.35	-67.43
595.4	-67.435
595.45	-67.44
595.5	-67.446
595.55	-67.452
595.6	-67.458
595.65	-67.464
595.7	-67.47
595.75	-67.475
595.8	-67.48
595.85	-67.484
595.9	-67.488
595.95	-67.49
596.0	-67.491
596.05	-67.491
596.1	-67.49
596.15	-67.488
596.2	-67.485
596.25	-67.481
596.3	-67.476
596.35	-67.47
596.4	-67.464
596.45	-67.456
596.5	-67.449
596.55	-67.442
596.6	-67.434
596.65	-67.426
596.7	-67.419
596.75	-67.412
596.8	-67.406
596.85	-67.4
596.9	-67.395
596.95	-67.392
597.0	-67.389
597.05	-67.387
597.1	-67.387
597.15	-67.388
597.2	-67.39
597.25	-67.393
597.3	-67.397
597.35	-67.402
597.4	-67.409
597.45	-67.416
597.5	-67.424
597.55	-67.432
597.6	-67.441
597.65	-67.449
597.7	-67.458
597.75	-67.465
597.8	-67.473
597.85	-67.479
597.9	-67.484
597.95	-67.489
598.0	-67.492
598.05	-67.494
598.1	-67.495
598.15	-67.494
598.2	-67.492
598.25	-67.49
598.3	-67.485
598.35	-67.479
598.4	-67.472
598.45	-67.464
598.5	-67.454
598.55	-67.443
598.6	-67.431
598.65	-67.418
598.7	-67.403
598.75	-67.387
598.8	-67.37
598.85	-67.353
598.9	-67.335
598.95	-67.316
599.0	-67.298
599.05	-67.279
599.1	-67.261
599.15	-67.243
599.2	-67.226
599.25	-67.208
599.3	-67.192
599.35	-67.176
599.4	-67.16
599.45	-67.145
599.5	-67.131
599.55	-67.118
599.6	-67.106
599.65	-67.095
599.7	-67.085
599.75	-67.076
599.8	-67.067
599.85	-67.06
599.9	-67.054
599.95	-67.049
600.0	-67.044
600.05	-67.041
600.1	-67.038
600.15	-67.036
600.2	-67.035
600.25	-67.034
600.3	-67.034
600.35	-67.035
600.4	-67.036
600.45	-67.038
600.5	-67.04
600.55	-67.042
600.6	-67.045
600.65	-67.048
600.7	-67.051
600.75	-67.055
600.8	-67.058
600.85	-67.062
600.9	-67.066
600.95	-67.07
601.0	-67.075
601.05	-67.079
601.1	-67.083
601.15	-67.087
601.2	-67.092
601.25	-67.096
601.3	-67.101
601.35	-67.106
601.4	-67.114
601.45	-67.121
601.5	-67.131
601.55	-67.141
601.6	-67.153
601.65	-67.165
601.7	-67.18
601.75	-67.195
601.8	-67.213
601.85	-67.231
601.9	-67.251
601.95	-67.272
602.0	-67.294
602.05	-67.316
602.1	-67.339
602.15	-67.362
602.2	-67.385
602.25	-67.407
602.3	-67.429
602.35	-67.449
602.4	-67.469
602.45	-67.488
602.5	-67.505
602.55	-67.521
602.6	-67.535
602.65	-67.547
602.7	-67.557
602.75	-67.565
602.8	-67.572
602.85	-67.577
602.9	-67.58
602.95	-67.581
603.0	-67.58
603.05	-67.577
603.1	-67.572
603.15	-67.565
603.2	-67.557
603.25	-67.547
603.3	-67.535
603.35	-67.522
603.4	-67.507
603.45	-67.492
603.5	-67.475
603.55	-67.459
603.6	-67.441
603.65	-67.424
603.7	-67.406
603.75	-67.388
603.8	-67.371
603.85	-67.354
603.9	-67.338
603.95	-67.322
604.0	-67.307
604.05	-67.293
604.1	-67.28
604.15	-67.267
604.2	-67.256
604.25	-67.245
604.3	-67.235
604.35	-67.225
604.4	-67.217
604.45	-67.208
604.5	-67.201
604.55	-67.194
604.6	-67.188
604.65	-67.182
604.7	-67.177
604.75	-67.172
604.8	-67.168
604.85	-67.164
604.9	-67.16
604.95	-67.157
605.0	-67.153
605.05	-67.15
605.1	-67.147
605.15	-67.143
605.2	-67.14
605.25	-67.136
605.3	-67.132
605.35	-67.128
605.4	-67.124
605.45	-67.12
605.5	-67.115
605.55	-67.111
605.6	-67.107
605.65	-67.103
605.7	-67.1
605.75	-67.097
605.8	-67.094
605.85	-67.092
605.9	-67.09
605.95	-67.09
606.0	-67.09
606.05	-67.091
606.1	-67.093
606.15	-67.097
606.2	-67.101
606.25	-67.107
606.3	-67.114
606.35	-67.122
606.4	-67.131
606.45	-67.141
606.5	-67.152
606.55	-67.164
606.6	-67.177
606.65	-67.19
606.7	-67.203
606.75	-67.216
606.8	-67.228
606.85	-67.238
606.9	-67.248
606.95	-67.256
607.0	-67.263
607.05	-67.267
607.1	-67.27
607.15	-67.271
607.2	-67.27
607.25	-67.267
607.3	-67.261
607.35	-67.254
607.4	-67.244
607.45	-67.231
607.5	-67.217
607.55	-67.2
607.6	-67.182
607.65	-67.161
607.7	-67.139
607.75	-67.115
607.8	-67.089
607.85	-67.062
607.9	-67.033
607.95	-67.004
608.0	-66.975
608.05	-66.945
608.1	-66.917
608.15	-66.888
608.2	-66.86
608.25	-66.834
608.3	-66.807
608.35	-66.781
608.4	-66.756
608.45	-66.732
608.5	-66.708
608.55	-66.686
608.6	-66.664
608.65	-66.643
608.7	-66.624
608.75	-66.605
608.8	-66.587
608.85	-66.571
608.9	-66.555
608.95	-66.54
609.0	-66.526
609.05	-66.512
609.1	-66.498
609.15	-66.486
609.2	-66.473
609.25	-66.462
609.3	-66.45
609.35	-66.439
609.4	-66.427
609.45	-66.416
609.5	-66.406
609.55	-66.395
609.6	-66.385
609.65	-66.374
609.7	-66.364
609.75	-66.353
609.8	-66.343
609.85	-66.333
609.9	-66.324
609.95	-66.314
610.0	-66.306
610.05	-66.297
610.1	-66.29
610.15	-66.283
610.2	-66.276
610.25	-66.27
610.3	-66.266
610.35	-66.261
610.4	-66.258
610.45	-66.256
610.5	-66.255
610.55	-66.254
610.6	-66.256
610.65	-66.258
610.7	-66.262
610.75	-66.266
610.8	-66.272
610.85	-66.278
610.9	-66.286
610.95	-66.294
611.0	-66.303
611.05	-66.313
611.1	-66.324
611.15	-66.335
611.2	-66.347
611.25	-66.359
611.3	-66.371
611.35	-66.383
611.4	-66.394
611.45	-66.406
611.5	-66.417
611.55	-66.428
611.6	-66.438
611.65	-66.448
611.7	-66.457
611.75	-66.466
611.8	-66.473
611.85	-66.48
611.9	-66.486
611.95	-66.491
612.0	-66.494
612.05	-66.497
612.1	-66.498
612.15	-66.498
612.2	-66.496
612.25	-66.493
612.3	-66.489
612.35	-66.483
612.4	-66.476
612.45	-66.467
612.5	-66.457
612.55	-66.446
612.6	-66.435
612.65	-66.422
612.7	-66.408
612.75	-66.394
612.8	-66.379
612.85	-66.363
612.9	-66.346
612.95	-66.328
613.0	-66.309
613.05	-66.29
613.1	-66.27
613.15	-66.25
613.2	-66.228
613.25	-66.206
613.3	-66.183
613.35	-66.159
613.4	-66.134
613.45	-66.109
613.5	-66.082
613.55	-66.055
613.6	-66.026
613.65	-65.998
613.7	-65.968
613.75	-65.938
613.8	-65.908
613.85	-65.878
613.9	-65.848
613.95	-65.818
614.0	-65.789
614.05	-65.76
614.1	-65.732
614.15	-65.703
614.2	-65.675
614.25	-65.648
614.3	-65.621
614.35	-65.595
614.4	-65.57
614.45	-65.546
614.5	-65.523
614.55	-65.501
614.6	-65.481
614.65	-65.462
614.7	-65.445
614.75	-65.431
614.8	-65.417
614.85	-65.406
614.9	-65.397
614.95	-65.389
615.0	-65.384
615.05	-65.38
615.1	-65.379
615.15	-65.379
615.2	-65.381
615.25	-65.385
615.3	-65.391
615.35	-65.399
615.4	-65.408
615.45	-65.419
615.5	-65.431
615.55	-65.445
615.6	-65.46
615.65	-65.475
615.7	-65.491
615.75	-65.507
615.8	-65.523
615.85	-65.539
615.9	-65.554
615.95	-65.569
616.0	-65.582
616.05	-65.594
616.1	-65.604
616.15	-65.613
616.2	-65.62
616.25	-65.626
616.3	-65.629
616.35	-65.63
616.4	-65.63
616.45	-65.627
616.5	-65.622
616.55	-65.615
616.6	-65.607
616.65	-65.596
616.7	-65.583
616.75	-65.568
616.8	-65.552
616.85	-65.534
616.9	-65.515
616.95	-65.495
617.0	-65.474
617.05	-65.452
617.1	-65.43
617.15	-65.407
617.2	-65.384
617.25	-65.361
617.3	-65.339
617.35	-65.317
617.4	-65.296
617.45	-65.276
617.5	-65.256
617.55	-65.237
617.6	-65.22
617.65	-65.203
617.7	-65.188
617.75	-65.173
617.8	-65.16
617.85	-65.148
617.9	-65.136
617.95	-65.126
618.0	-65.115
618.05	-65.106
618.1	-65.096
618.15	-65.088
618.2	-65.079
618.25	-65.07
618.3	-65.061
618.35	-65.053
618.4	-65.043
618.45	-65.035
618.5	-65.025
618.55	-65.015
618.6	-65.003
618.65	-64.991
618.7	-64.977
618.75	-64.963
618.8	-64.947
618.85	-64.93
618.9	-64.911
618.95	-64.891
619.0	-64.87
619.05	-64.849
619.1	-64.827
619.15	-64.806
619.2	-64.784
619.25	-64.762
619.3	-64.741
619.35	-64.72
619.4	-64.701
619.45	-64.683
619.5	-64.668
619.55	-64.654
619.6	-64.643
619.65	-64.634
619.7	-64.628
619.75	-64.624
619.8	-64.622
619.85	-64.623
619.9	-64.626
619.95	-64.632
620.0	-64.64
620.05	-64.65
620.1	-64.662
620.15	-64.676
620.2	-64.691
620.25	-64.708
620.3	-64.724
620.35	-64.741
620.4	-64.759
620.45	-64.775
620.5	-64.792
620.55	-64.807
620.6	-64.821
620.65	-64.833
620.7	-64.845
620.75	-64.854
620.8	-64.862
620.85	-64.868
620.9	-64.872
620.95	-64.875
621.0	-64.876
621.05	-64.876
621.1	-64.875
621.15	-64.873
621.2	-64.869
621.25	-64.864
621.3	-64.859
621.35	-64.853
621.4	-64.846
621.45	-64.839
621.5	-64.831
621.55	-64.823
621.6	-64.815
621.65	-64.806
621.7	-64.798
621.75	-64.789
621.8	-64.78
621.85	-64.771
621.9	-64.762
621.95	-64.752
622.0	-64.743
622.05	-64.733
622.1	-64.724
622.15	-64.714
622.2	-64.704
622.25	-64.695
622.3	-64.685
622.35	-64.676
622.4	-64.666
622.45	-64.657
622.5	-64.647
622.55	-64.638
622.6	-64.628
622.65	-64.619
622.7	-64.609
622.75	-64.599
622.8	-64.589
622.85	-64.578
622.9	-64.566
622.95	-64.555
623.0	-64.542
623.05	-64.529
623.1	-64.515
623.15	-64.501
623.2	-64.486
623.25	-64.47
623.3	-64.454
623.35	-64.438
623.4	-64.422
623.45	-64.406
623.5	-64.39
623.55	-64.374
623.6	-64.359
623.65	-64.345
623.7	-64.332
623.75	-64.32
623.8	-64.31
623.85	-64.3
623.9	-64.293
623.95	-64.287
624.0	-64.282
624.05	-64.28
624.1	-64.279
624.15	-64.281
624.2	-64.284
624.25	-64.288
624.3	-64.295
624.35	-64.303
624.4	-64.313
624.45	-64.324
624.5	-64.337
624.55	-64.351
624.6	-64.366
624.65	-64.382
624.7	-64.399
624.75	-64.415
624.8	-64.431
624.85	-64.447
624.9	-64.462
624.95	-64.476
625.0	-64.488
625.05	-64.5
625.1	-64.509
625.15	-64.518
625.2	-64.524
625.25	-64.53
625.3	-64.533
625.35	-64.535
625.4	-64.535
625.45	-64.533
625.5	-64.529
625.55	-64.524
625.6	-64.517
625.65	-64.508
625.7	-64.497
625.75	-64.485
625.8	-64.471
625.85	-64.456
625.9	-64.438
625.95	-64.42
626.0	-64.399
626.05	-64.378
626.1	-64.355
626.15	-64.331
626.2	-64.307
626.25	-64.283
626.3	-64.258
626.35	-64.234
626.4	-64.211
626.45	-64.188
626.5	-64.166
626.55	-64.145
626.6	-64.125
626.65	-64.106
626.7	-64.088
626.75	-64.071
626.8	-64.056
626.85	-64.042
626.9	-64.029
626.95	-64.017
627.0	-64.006
627.05	-63.996
627.1	-63.987
627.15	-63.978
627.2	-63.97
627.25	-63.962
627.3	-63.954
627.35	-63.947
627.4	-63.939
627.45	-63.932
627.5	-63.924
627.55	-63.916
627.6	-63.909
627.65	-63.901
627.7	-63.893
627.75	-63.885
627.8	-63.877
627.85	-63.869
627.9	-63.862
627.95	-63.854
628.0	-63.847
628.05	-63.841
628.1	-63.835
628.15	-63.83
628.2	-63.825
628.25	-63.821
628.3	-63.818
628.35	-63.816
628.4	-63.815
628.45	-63.814
628.5	-63.815
628.55	-63.817
628.6	-63.821
628.65	-63.825
628.7	-63.831
628.75	-63.837
628.8	-63.845
628.85	-63.855
628.9	-63.865
628.95	-63.875
629.0	-63.887
629.05	-63.899
629.1	-63.911
629.15	-63.924
629.2	-63.937
629.25	-63.949
629.3	-63.961
629.35	-63.972
629.4	-63.982
629.45	-63.991
629.5	-63.999
629.55	-64.004
629.6	-64.008
629.65	-64.011
629.7	-64.011
629.75	-64.009
629.8	-64.005
629.85	-63.998
629.9	-63.989
629.95	-63.977
630.0	-63.963
630.05	-63.946
630.1	-63.926
630.15	-63.904
630.2	-63.878
630.25	-63.85
630.3	-63.82
630.35	-63.787
630.4	-63.751
630.45	-63.713
630.5	-63.674
630.55	-63.633
630.6	-63.591
630.65	-63.549
630.7	-63.507
630.75	-63.466
630.8	-63.427
630.85	-63.388
630.9	-63.35
630.95	-63.313
631.0	-63.277
631.05	-63.243
631.1	-63.209
631.15	-63.177
631.2	-63.145
631.25	-63.114
631.3	-63.084
631.35	-63.054
631.4	-63.025
631.45	-62.997
631.5	-62.969
631.55	-62.941
631.6	-62.914
631.65	-62.888
631.7	-62.862
631.75	-62.836
631.8	-62.812
631.85	-62.788
631.9	-62.765
631.95	-62.742
632.0	-62.721
632.05	-62.7
632.1	-62.68
632.15	-62.661
632.2	-62.642
632.25	-62.624
632.3	-62.607
632.35	-62.59
632.4	-62.574
632.45	-62.559
632.5	-62.544
632.55	-62.53
632.6	-62.516
632.65	-62.503
632.7	-62.491
632.75	-62.478
632.8	-62.467
632.85	-62.456
632.9	-62.445
632.95	-62.436
633.0	-62.427
633.05	-62.419
633.1	-62.412
633.15	-62.406
633.2	-62.402
633.25	-62.398
633.3	-62.396
633.35	-62.395
633.4	-62.395
633.45	-62.397
633.5	-62.4
633.55	-62.404
633.6	-62.41
633.65	-62.416
633.7	-62.424
633.75	-62.433
633.8	-62.442
633.85	-62.452
633.9	-62.462
633.95	-62.472
634.0	-62.482
634.05	-62.492
634.1	-62.501
634.15	-62.509
634.2	-62.517
634.25	-62.524
634.3	-62.529
634.35	-62.534
634.4	-62.537
634.45	-62.538
634.5	-62.538
634.55	-62.537
634.6	-62.534
634.65	-62.529
634.7	-62.523
634.75	-62.515
634.8	-62.505
634.85	-62.494
634.9	-62.481
634.95	-62.466
635.0	-62.45
635.05	-62.432
635.1	-62.412
635.15	-62.39
635.2	-62.367
635.25	-62.344
635.3	-62.319
635.35	-62.293
635.4	-62.267
635.45	-62.241
635.5	-62.214
635.55	-62.187
635.6	-62.161
635.65	-62.135
635.7	-62.109
635.75	-62.084
635.8	-62.06
635.85	-62.036
635.9	-62.013
635.95	-61.99
636.0	-61.968
636.05	-61.947
636.1	-61.927
636.15	-61.908
636.2	-61.891
636.25	-61.874
636.3	-61.859
636.35	-61.844
636.4	-61.831
636.45	-61.818
636.5	-61.806
636.55	-61.795
636.6	-61.785
636.65	-61.775
636.7	-61.766
636.75	-61.758
636.8	-61.75
636.85	-61.742
636.9	-61.734
636.95	-61.727
637.0	-61.719
637.05	-61.712
637.1	-61.705
637.15	-61.698
637.2	-61.69
637.25	-61.683
637.3	-61.676
637.35	-61.669
637.4	-61.662
637.45	-61.655
637.5	-61.649
637.55	-61.643
637.6	-61.638
637.65	-61.634
637.7	-61.631
637.75	-61.628
637.8	-61.626
637.85	-61.626
637.9	-61.626
637.95	-61.628
638.0	-61.631
638.05	-61.634
638.1	-61.639
638.15	-61.644
638.2	-61.651
638.25	-61.658
638.3	-61.666
638.35	-61.674
638.4	-61.682
638.45	-61.691
638.5	-61.699
638.55	-61.707
638.6	-61.714
638.65	-61.721
638.7	-61.727
638.75	-61.732
638.8	-61.737
638.85	-61.74
638.9	-61.742
638.95	-61.743
639.0	-61.742
639.05	-61.74
639.1	-61.737
639.15	-61.733
639.2	-61.727
639.25	-61.72
639.3	-61.711
639.35	-61.7
639.4	-61.689
639.45	-61.675
639.5	-61.66
639.55	-61.644
639.6	-61.625
639.65	-61.606
639.7	-61.585
639.75	-61.564
639.8	-61.542
639.85	-61.519
639.9	-61.496
639.95	-61.474
640.0	-61.452
640.05	-61.43
640.1	-61.409
640.15	-61.389
640.2	-61.369
640.25	-61.35
640.3	-61.332
640.35	-61.315
640.4	-61.298
640.45	-61.282
640.5	-61.267
640.55	-61.253
640.6	-61.239
640.65	-61.225
640.7	-61.212
640.75	-61.199
640.8	-61.187
640.85	-61.175
640.9	-61.163
640.95	-61.151
641.0	-61.139
641.05	-61.127
641.1	-61.115
641.15	-61.103
641.2	-61.091
641.25	-61.079
641.3	-61.067
641.35	-61.055
641.4	-61.044
641.45	-61.032
641.5	-61.021
641.55	-61.01
641.6	-60.999
641.65	-60.988
641.7	-60.978
641.75	-60.968
641.8	-60.959
641.85	-60.95
641.9	-60.942
641.95	-60.935
642.0	-60.928
642.05	-60.923
642.1	-60.919
642.15	-60.916
642.2	-60.914
642.25	-60.914
642.3	-60.914
642.35	-60.916
642.4	-60.92
642.45	-60.924
642.5	-60.93
642.55	-60.937
642.6	-60.946
642.65	-60.955
642.7	-60.966
642.75	-60.977
642.8	-60.989
642.85	-61.002
642.9	-61.015
642.95	-61.028
643.0	-61.04
643.05	-61.053
643.1	-61.064
643.15	-61.075
643.2	-61.085
643.25	-61.093
643.3	-61.1
643.35	-61.106
643.4	-61.11
643.45	-61.112
643.5	-61.113
643.55	-61.112
643.6	-61.109
643.65	-61.104
643.7	-61.098
643.75	-61.09
643.8	-61.081
643.85	-61.07
643.9	-61.058
643.95	-61.044
644.0	-61.029
644.05	-61.013
644.1	-60.997
644.15	-60.98
644.2	-60.962
644.25	-60.944
644.3	-60.927
644.35	-60.91
644.4	-60.894
644.45	-60.878
644.5	-60.863
644.55	-60.849
644.6	-60.835
644.65	-60.823
644.7	-60.81
644.75	-60.799
644.8	-60.788
644.85	-60.778
644.9	-60.769
644.95	-60.761
645.0	-60.753
645.05	-60.746
645.1	-60.74
645.15	-60.735
645.2	-60.73
645.25	-60.726
645.3	-60.723
645.35	-60.721
645.4	-60.719
645.45	-60.718
645.5	-60.717
645.55	-60.716
645.6	-60.716
645.65	-60.715
645.7	-60.714
645.75	-60.714
645.8	-60.712
645.85	-60.711
645.9	-60.709
645.95	-60.707
646.0	-60.704
646.05	-60.701
646.1	-60.698
646.15	-60.695
646.2	-60.691
646.25	-60.686
646.3	-60.682
646.35	-60.677
646.4	-60.671
646.45	-60.666
646.5	-60.66
646.55	-60.654
646.6	-60.648
646.65	-60.642
646.7	-60.636
646.75	-60.63
646.8	-60.624
646.85	-60.618
646.9	-60.612
646.95	-60.606
647.0	-60.601
647.05	-60.595
647.1	-60.59
647.15	-60.585
647.2	-60.58
647.25	-60.575
647.3	-60.57
647.35	-60.565
647.4	-60.561
647.45	-60.556
647.5	-60.551
647.55	-60.545
647.6	-60.538
647.65	-60.53
647.7	-60.523
647.75	-60.513
647.8	-60.504
647.85	-60.493
647.9	-60.481
647.95	-60.468
648.0	-60.454
648.05	-60.439
648.1	-60.422
648.15	-60.405
648.2	-60.387
648.25	-60.367
648.3	-60.346
648.35	-60.324
648.4	-60.302
648.45	-60.279
648.5	-60.256
648.55	-60.231
648.6	-60.206
648.65	-60.181
648.7	-60.154
648.75	-60.128
648.8	-60.102
648.85	-60.075
648.9	-60.05
648.95	-60.025
649.0	-60.0
649.05	-59.977
649.1	-59.954
649.15	-59.933
649.2	-59.913
649.25	-59.893
649.3	-59.874
649.35	-59.856
649.4	-59.839
649.45	-59.823
649.5	-59.807
649.55	-59.791
649.6	-59.776
649.65	-59.761
649.7	-59.747
649.75	-59.732
649.8	-59.718
649.85	-59.704
649.9	-59.69
649.95	-59.676
650.0	-59.662
650.05	-59.648
650.1	-59.633
650.15	-59.618
650.2	-59.603
650.25	-59.588
650.3	-59.572
650.35	-59.556
650.4	-59.539
650.45	-59.522
650.5	-59.504
650.55	-59.486
650.6	-59.467
650.65	-59.448
650.7	-59.428
650.75	-59.408
650.8	-59.388
650.85	-59.367
650.9	-59.347
650.95	-59.327
651.0	-59.307
651.05	-59.289
651.1	-59.271
651.15	-59.255
651.2	-59.24
651.25	-59.227
651.3	-59.216
651.35	-59.207
651.4	-59.2
651.45	-59.194
651.5	-59.191
651.55	-59.188
651.6	-59.188
651.65	-59.189
651.7	-59.191
651.75	-59.194
651.8	-59.199
651.85	-59.204
651.9	-59.21
651.95	-59.215
652.0	-59.221
652.05	-59.226
652.1	-59.231
652.15	-59.235
652.2	-59.238
652.25	-59.239
652.3	-59.239
652.35	-59.237
652.4	-59.234
652.45	-59.228
652.5	-59.222
652.55	-59.213
652.6	-59.203
652.65	-59.191
652.7	-59.176
652.75	-59.16
652.8	-59.143
652.85	-59.123
652.9	-59.103
652.95	-59.081
653.0	-59.058
653.05	-59.033
653.1	-59.008
653.15	-58.982
653.2	-58.956
653.25	-58.929
653.3	-58.903
653.35	-58.876
653.4	-58.85
653.45	-58.826
653.5	-58.802
653.55	-58.78
653.6	-58.759
653.65	-58.739
653.7	-58.72
653.75	-58.702
653.8	-58.685
653.85	-58.669
653.9	-58.653
653.95	-58.639
654.0	-58.626
654.05	-58.614
654.1	-58.602
654.15	-58.591
654.2	-58.581
654.25	-58.571
654.3	-58.562
654.35	-58.553
654.4	-58.545
654.45	-58.536
654.5	-58.528
654.55	-58.52
654.6	-58.511
654.65	-58.503
654.7	-58.494
654.75	-58.485
654.8	-58.477
654.85	-58.467
654.9	-58.458
654.95	-58.448
655.0	-58.439
655.05	-58.429
655.1	-58.419
655.15	-58.409
655.2	-58.399
655.25	-58.39
655.3	-58.38
655.35	-58.371
655.4	-58.362
655.45	-58.355
655.5	-58.347
655.55	-58.341
655.6	-58.336
655.65	-58.332
655.7	-58.329
655.75	-58.326
655.8	-58.325
655.85	-58.325
655.9	-58.326
655.95	-58.327
656.0	-58.329
656.05	-58.332
656.1	-58.335
656.15	-58.339
656.2	-58.342
656.25	-58.346
656.3	-58.349
656.35	-58.351
656.4	-58.353
656.45	-58.353
656.5	-58.353
656.55	-58.352
656.6	-58.349
656.65	-58.345
656.7	-58.34
656.75	-58.333
656.8	-58.325
656.85	-58.316
656.9	-58.305
656.95	-58.293
657.0	-58.28
657.05	-58.266
657.1	-58.25
657.15	-58.234
657.2	-58.217
657.25	-58.199
657.3	-58.18
657.35	-58.162
657.4	-58.143
657.45	-58.124
657.5	-58.104
657.55	-58.085
657.6	-58.065
657.65	-58.045
657.7	-58.025
657.75	-58.005
657.8	-57.985
657.85	-57.965
657.9	-57.946
657.95	-57.927
658.0	-57.909
658.05	-57.891
658.1	-57.874
658.15	-57.857
658.2	-57.84
658.25	-57.823
658.3	-57.807
658.35	-57.79
658.4	-57.774
658.45	-57.758
658.5	-57.741
658.55	-57.725
658.6	-57.708
658.65	-57.692
658.7	-57.676
658.75	-57.66
658.8	-57.645
658.85	-57.63
658.9	-57.616
658.95	-57.602
659.0	-57.59
659.05	-57.578
659.1	-57.568
659.15	-57.558
659.2	-57.55
659.25	-57.543
659.3	-57.538
659.35	-57.534
659.4	-57.532
659.45	-57.531
659.5	-57.532
659.55	-57.534
659.6	-57.536
659.65	-57.54
659.7	-57.545
659.75	-57.551
659.8	-57.558
659.85	-57.565
659.9	-57.572
659.95	-57.58
660.0	-57.588
660.05	-57.596
660.1	-57.604
660.15	-57.612
660.2	-57.619
660.25	-57.627
660.3	-57.635
660.35	-57.642
660.4	-57.649
660.45	-57.657
660.5	-57.663
660.55	-57.671
660.6	-57.677
660.65	-57.684
660.7	-57.691
660.75	-57.698
660.8	-57.705
660.85	-57.711
660.9	-57.718
660.95	-57.725
661.0	-57.731
661.05	-57.738
661.1	-57.744
661.15	-57.751
661.2	-57.757
661.25	-57.763
661.3	-57.769
661.35	-57.774
661.4	-57.78
661.45	-57.786
661.5	-57.792
661.55	-57.798
661.6	-57.803
661.65	-57.809
661.7	-57.814
661.75	-57.819
661.8	-57.823
661.85	-57.827
661.9	-57.831
661.95	-57.833
662.0	-57.835
662.05	-57.837
662.1	-57.837
662.15	-57.836
662.2	-57.834
662.25	-57.831
662.3	-57.826
662.35	-57.82
662.4	-57.813
662.45	-57.804
662.5	-57.794
662.55	-57.783
662.6	-57.77
662.65	-57.756
662.7	-57.741
662.75	-57.725
662.8	-57.707
662.85	-57.688
662.9	-57.668
662.95	-57.646
663.0	-57.624
663.05	-57.599
663.1	-57.574
663.15	-57.548
663.2	-57.521
663.25	-57.493
663.3	-57.464
663.35	-57.435
663.4	-57.406
663.45	-57.375
663.5	-57.345
663.55	-57.314
663.6	-57.284
663.65	-57.253
663.7	-57.222
663.75	-57.192
663.8	-57.162
663.85	-57.133
663.9	-57.104
663.95	-57.077
664.0	-57.05
664.05	-57.024
664.1	-56.999
664.15	-56.974
664.2	-56.95
664.25	-56.927
664.3	-56.904
664.35	-56.882
664.4	-56.861
664.45	-56.84
664.5	-56.82
664.55	-56.8
664.6	-56.78
664.65	-56.761
664.7	-56.743
664.75	-56.724
664.8	-56.705
664.85	-56.687
664.9	-56.667
664.95	-56.648
665.0	-56.629
665.05	-56.611
665.1	-56.593
665.15	-56.576
665.2	-56.56
665.25	-56.546
665.3	-56.534
665.35	-56.523
665.4	-56.515
665.45	-56.508
665.5	-56.504
665.55	-56.501
665.6	-56.501
665.65	-56.501
665.7	-56.504
665.75	-56.508
665.8	-56.513
665.85	-56.519
665.9	-56.526
665.95	-56.533
666.0	-56.54
666.05	-56.547
666.1	-56.554
666.15	-56.559
666.2	-56.564
666.25	-56.567
666.3	-56.569
666.35	-56.569
666.4	-56.567
666.45	-56.564
666.5	-56.558
666.55	-56.55
666.6	-56.54
666.65	-56.527
666.7	-56.512
666.75	-56.495
666.8	-56.475
666.85	-56.453
666.9	-56.429
666.95	-56.404
667.0	-56.377
667.05	-56.35
667.1	-56.323
667.15	-56.295
667.2	-56.267
667.25	-56.239
667.3	-56.212
667.35	-56.185
667.4	-56.158
667.45	-56.132
667.5	-56.106
667.55	-56.081
667.6	-56.057
667.65	-56.034
667.7	-56.011
667.75	-55.988
667.8	-55.967
667.85	-55.946
667.9	-55.925
667.95	-55.904
668.0	-55.884
668.05	-55.863
668.1	-55.842
668.15	-55.822
668.2	-55.801
668.25	-55.78
668.3	-55.758
668.35	-55.737
668.4	-55.715
668.45	-55.693
668.5	-55.671
668.55	-55.649
668.6	-55.627
668.65	-55.605
668.7	-55.583
668.75	-55.561
668.8	-55.539
668.85	-55.517
668.9	-55.495
668.95	-55.473
669.0	-55.452
669.05	-55.431
669.1	-55.411
669.15	-55.392
669.2	-55.373
669.25	-55.354
669.3	-55.337
669.35	-55.321
669.4	-55.306
669.45	-55.292
669.5	-55.279
669.55	-55.267
669.6	-55.256
669.65	-55.247
669.7	-55.239
669.75	-55.231
669.8	-55.225
669.85	-55.22
669.9	-55.215
669.95	-55.211
670.0	-55.207
670.05	-55.205
670.1	-55.202
670.15	-55.199
670.2	-55.196
670.25	-55.193
670.3	-55.189
670.35	-55.184
670.4	-55.179
670.45	-55.174
670.5	-55.167
670.55	-55.159
670.6	-55.15
670.65	-55.14
670.7	-55.129
670.75	-55.116
670.8	-55.102
670.85	-55.086
670.9	-55.069
670.95	-55.051
671.0	-55.031
671.05	-55.009
671.1	-54.987
671.15	-54.963
671.2	-54.938
671.25	-54.911
671.3	-54.883
671.35	-54.853
671.4	-54.822
671.45	-54.79
671.5	-54.757
671.55	-54.723
671.6	-54.689
671.65	-54.654
671.7	-54.619
671.75	-54.583
671.8	-54.548
671.85	-54.512
671.9	-54.476
671.95	-54.44
672.0	-54.404
672.05	-54.368
672.1	-54.332
672.15	-54.296
672.2	-54.261
672.25	-54.226
672.3	-54.191
672.35	-54.157
672.4	-54.124
672.45	-54.09
672.5	-54.058
672.55	-54.026
672.6	-53.994
672.65	-53.962
672.7	-53.93
672.75	-53.898
672.8	-53.866
672.85	-53.833
672.9	-53.801
672.95	-53.769
673.0	-53.735
673.05	-53.702
673.1	-53.667
673.15	-53.633
673.2	-53.597
673.25	-53.561
673.3	-53.524
673.35	-53.487
673.4	-53.45
673.45	-53.413
673.5	-53.376
673.55	-53.339
673.6	-53.302
673.65	-53.264
673.7	-53.227
673.75	-53.191
673.8	-53.155
673.85	-53.12
673.9	-53.087
673.95	-53.054
674.0	-53.024
674.05	-52.994
674.1	-52.967
674.15	-52.941
674.2	-52.917
674.25	-52.895
674.3	-52.874
674.35	-52.855
674.4	-52.837
674.45	-52.82
674.5	-52.805
674.55	-52.79
674.6	-52.776
674.65	-52.762
674.7	-52.747
674.75	-52.733
674.8	-52.718
674.85	-52.702
674.9	-52.685
674.95	-52.667
675.0	-52.648
675.05	-52.627
675.1	-52.605
675.15	-52.581
675.2	-52.555
675.25	-52.528
675.3	-52.498
675.35	-52.466
675.4	-52.431
675.45	-52.395
675.5	-52.357
675.55	-52.316
675.6	-52.273
675.65	-52.227
675.7	-52.18
675.75	-52.13
675.8	-52.077
675.85	-52.021
675.9	-51.962
675.95	-51.9
676.0	-51.834
676.05	-51.766
676.1	-51.696
676.15	-51.624
676.2	-51.549
676.25	-51.471
676.3	-51.389
676.35	-51.305
676.4	-51.217
676.45	-51.128
676.5	-51.037
676.55	-50.945
676.6	-50.851
676.65	-50.753
676.7	-50.653
676.75	-50.552
676.8	-50.448
676.85	-50.344
676.9	-50.238
676.95	-50.13
677.0	-50.018
677.05	-49.903
677.1	-49.784
677.15	-49.66
677.2	-49.53
677.25	-49.395
677.3	-49.255
677.35	-49.111
677.4	-48.964
677.45	-48.816
677.5	-48.665
677.55	-48.511
677.6	-48.353
677.65	-48.191
677.7	-48.024
677.75	-47.849
677.8	-47.665
677.85	-47.469
677.9	-47.26
677.95	-47.038
678.0	-46.802
678.05	-46.55
678.1	-46.281
678.15	-45.998
678.2	-45.702
678.25	-45.396
678.3	-45.075
678.35	-44.738
678.4	-44.384
678.45	-44.015
678.5	-43.63
678.55	-43.228
678.6	-42.805
678.65	-42.361
678.7	-41.895
678.75	-41.405
678.8	-40.882
678.85	-40.319
678.9	-39.72
678.95	-39.084
679.0	-38.398
679.05	-37.674
679.1	-36.906
679.15	-36.092
679.2	-35.246
679.25	-34.371
679.3	-33.445
679.35	-32.422
679.4	-31.324
679.45	-30.216
679.5	-29.088
679.55	-27.922
679.6	-26.724
679.65	-25.52
679.7	-24.342
679.75	-23.132
679.8	-21.838
679.85	-20.521
679.9	-19.23
679.95	-18.005
680.0	-16.825
680.05	-15.678
680.1	-14.589
680.15	-13.566
680.2	-12.608
680.25	-11.671
680.3	-10.683
680.35	-9.673
680.4	-8.743
680.45	-7.909
680.5	-7.155
680.55	-6.457
680.6	-5.814
680.65	-5.216
680.7	-4.645
680.75	-4.1
680.8	-3.591
680.85	-3.114
680.9	-2.663
680.95	-2.231
681.0	-1.822
681.05	-1.434
681.1	-1.065
681.15	-0.714
681.2	-0.38
681.25	-0.062
681.3	0.241
681.35	0.53
681.4	0.803
681.45	1.061
681.5	1.307
681.55	1.54
681.6	1.759
681.65	1.968
681.7	2.168
681.75	2.363
681.8	2.55
681.85	2.729
681.9	2.9
681.95	3.063
682.0	3.219
682.05	3.37
682.1	3.515
682.15	3.654
682.2	3.79
682.25	3.92
682.3	4.044
682.35	4.163
682.4	4.277
682.45	4.386
682.5	4.49
682.55	4.591
682.6	4.688
682.65	4.781
682.7	4.872
682.75	4.959
682.8	5.041
682.85	5.119
682.9	5.193
682.95	5.262
683.0	5.328
683.05	5.39
683.1	5.447
683.15	5.501
683.2	5.551
683.25	5.597
683.3	5.639
683.35	5.677
683.4	5.712
683.45	5.743
683.5	5.771
683.55	5.795
683.6	5.816
683.65	5.833
683.7	5.848
683.75	5.86
683.8	5.871
683.85	5.88
683.9	5.887
683.95	5.893
684.0	5.899
684.05	5.904
684.1	5.909
684.15	5.914
684.2	5.919
684.25	5.925
684.3	5.931
684.35	5.94
684.4	5.949
684.45	5.96
684.5	5.972
684.55	5.986
684.6	6.001
684.65	6.018
684.7	6.036
684.75	6.055
684.8	6.075
684.85	6.095
684.9	6.115
684.95	6.136
685.0	6.155
685.05	6.174
685.1	6.192
685.15	6.207
685.2	6.221
685.25	6.233
685.3	6.243
685.35	6.251
685.4	6.257
685.45	6.261
685.5	6.263
685.55	6.263
685.6	6.262
685.65	6.259
685.7	6.254
685.75	6.248
685.8	6.24
685.85	6.232
685.9	6.222
685.95	6.211
686.0	6.2
686.05	6.187
686.1	6.173
686.15	6.159
686.2	6.144
686.25	6.128
686.3	6.111
686.35	6.093
686.4	6.074
686.45	6.055
686.5	6.034
686.55	6.012
686.6	5.989
686.65	5.965
686.7	5.94
686.75	5.914
686.8	5.887
686.85	5.858
686.9	5.829
686.95	5.798
687.0	5.766
687.05	5.733
687.1	5.699
687.15	5.664
687.2	5.629
687.25	5.592
687.3	5.555
687.35	5.516
687.4	5.476
687.45	5.436
687.5	5.394
687.55	5.352
687.6	5.309
687.65	5.264
687.7	5.218
687.75	5.171
687.8	5.123
687.85	5.072
687.9	5.019
687.95	4.963
688.0	4.905
688.05	4.845
688.1	4.782
688.15	4.718
688.2	4.653
688.25	4.589
688.3	4.524
688.35	4.46
688.4	4.398
688.45	4.336
688.5	4.277
688.55	4.219
688.6	4.163
688.65	4.109
688.7	4.058
688.75	4.01
688.8	3.964
688.85	3.92
688.9	3.879
688.95	3.841
689.0	3.805
689.05	3.773
689.1	3.743
689.15	3.715
689.2	3.689
689.25	3.665
689.3	3.643
689.35	3.622
689.4	3.602
689.45	3.584
689.5	3.566
689.55	3.549
689.6	3.532
689.65	3.515
689.7	3.498
689.75	3.481
689.8	3.463
689.85	3.444
689.9	3.425
689.95	3.404
690.0	3.381
690.05	3.358
690.1	3.333
690.15	3.306
690.2	3.278
690.25	3.248
690.3	3.217
690.35	3.184
690.4	3.15
690.45	3.114
690.5	3.078
690.55	3.04
690.6	3.002
690.65	2.963
690.7	2.925
690.75	2.886
690.8	2.847
690.85	2.809
690.9	2.771
690.95	2.733
691.0	2.696
691.05	2.659
691.1	2.622
691.15	2.585
691.2	2.549
691.25	2.512
691.3	2.475
691.35	2.437
691.4	2.399
691.45	2.361
691.5	2.322
691.55	2.283
691.6	2.242
691.65	2.202
691.7	2.16
691.75	2.117
691.8	2.074
691.85	2.03
691.9	1.985
691.95	1.938
692.0	1.89
692.05	1.841
692.1	1.789
692.15	1.735
692.2	1.679
692.25	1.622
692.3	1.561
692.35	1.498
692.4	1.433
692.45	1.366
692.5	1.297
692.55	1.227
692.6	1.155
692.65	1.082
692.7	1.007
692.75	0.932
692.8	0.857
692.85	0.783
692.9	0.709
692.95	0.636
693.0	0.565
693.05	0.495
693.1	0.427
693.15	0.361
693.2	0.296
693.25	0.234
693.3	0.173
693.35	0.114
693.4	0.057
693.45	0.002
693.5	-0.051
693.55	-0.101
693.6	-0.15
693.65	-0.198
693.7	-0.243
693.75	-0.287
693.8	-0.328
693.85	-0.368
693.9	-0.406
693.95	-0.443
694.0	-0.478
694.05	-0.513
694.1	-0.547
694.15	-0.581
694.2	-0.615
694.25	-0.65
694.3	-0.685
694.35	-0.721
694.4	-0.758
694.45	-0.796
694.5	-0.835
694.55	-0.876
694.6	-0.918
694.65	-0.962
694.7	-1.008
694.75	-1.056
694.8	-1.106
694.85	-1.159
694.9	-1.215
694.95	-1.274
695.0	-1.336
695.05	-1.402
695.1	-1.47
695.15	-1.541
695.2	-1.613
695.25	-1.688
695.3	-1.764
695.35	-1.843
695.4	-1.923
695.45	-2.003
695.5	-2.083
695.55	-2.16
695.6	-2.237
695.65	-2.311
695.7	-2.384
695.75	-2.455
695.8	-2.523
695.85	-2.587
695.9	-2.648
695.95	-2.706
696.0	-2.76
696.05	-2.811
696.1	-2.858
696.15	-2.902
696.2	-2.942
696.25	-2.98
696.3	-3.014
696.35	-3.046
696.4	-3.075
696.45	-3.103
696.5	-3.129
696.55	-3.154
696.6	-3.178
696.65	-3.202
696.7	-3.226
696.75	-3.25
696.8	-3.274
696.85	-3.3
696.9	-3.327
696.95	-3.355
697.0	-3.384
697.05	-3.415
697.1	-3.449
697.15	-3.485
697.2	-3.524
697.25	-3.566
697.3	-3.61
697.35	-3.656
697.4	-3.702
697.45	-3.75
697.5	-3.799
697.55	-3.849
697.6	-3.899
697.65	-3.948
697.7	-3.998
697.75	-4.046
697.8	-4.093
697.85	-4.138
697.9	-4.182
697.95	-4.225
698.0	-4.267
698.05	-4.308
698.1	-4.349
698.15	-4.389
698.2	-4.428
698.25	-4.466
698.3	-4.505
698.35	-4.543
698.4	-4.581
698.45	-4.619
698.5	-4.658
698.55	-4.696
698.6	-4.735
698.65	-4.774
698.7	-4.815
698.75	-4.857
698.8	-4.901
698.85	-4.947
698.9	-4.994
698.95	-5.044
699.0	-5.096
699.05	-5.151
699.1	-5.207
699.15	-5.264
699.2	-5.322
699.25	-5.38
699.3	-5.439
699.35	-5.497
699.4	-5.555
699.45	-5.614
699.5	-5.674
699.55	-5.734
699.6	-5.794
699.65	-5.855
699.7	-5.916
699.75	-5.977
699.8	-6.039
699.85	-6.101
699.9	-6.164
699.95	-6.228
700.0	-6.293
700.05	-6.358
700.1	-6.424
700.15	-6.491
700.2	-6.557
700.25	-6.623
700.3	-6.689
700.35	-6.753
700.4	-6.818
700.45	-6.882
700.5	-6.946
700.55	-7.008
700.6	-7.069
700.65	-7.129
700.7	-7.188
700.75	-7.247
700.8	-7.304
700.85	-7.361
700.9	-7.417
700.95	-7.474
701.0	-7.531
701.05	-7.589
701.1	-7.648
701.15	-7.708
701.2	-7.769
701.25	-7.83
701.3	-7.892
701.35	-7.954
701.4	-8.018
701.45	-8.083
701.5	-8.149
701.55	-8.217
701.6	-8.287
701.65	-8.36
701.7	-8.435
701.75	-8.512
701.8	-8.588
701.85	-8.663
701.9	-8.736
701.95	-8.807
702.0	-8.876
702.05	-8.942
702.1	-9.006
702.15	-9.069
702.2	-9.129
702.25	-9.187
702.3	-9.242
702.35	-9.296
702.4	-9.347
702.45	-9.397
702.5	-9.444
702.55	-9.489
702.6	-9.532
702.65	-9.574
702.7	-9.615
702.75	-9.655
702.8	-9.693
702.85	-9.73
702.9	-9.767
702.95	-9.803
703.0	-9.84
703.05	-9.876
703.1	-9.913
703.15	-9.95
703.2	-9.988
703.25	-10.028
703.3	-10.069
703.35	-10.111
703.4	-10.156
703.45	-10.202
703.5	-10.25
703.55	-10.3
703.6	-10.352
703.65	-10.406
703.7	-10.462
703.75	-10.521
703.8	-10.581
703.85	-10.643
703.9	-10.706
703.95	-10.77
704.0	-10.836
704.05	-10.903
704.1	-10.97
704.15	-11.038
704.2	-11.105
704.25	-11.173
704.3	-11.24
704.35	-11.307
704.4	-11.373
704.45	-11.44
704.5	-11.505
704.55	-11.569
704.6	-11.632
704.65	-11.693
704.7	-11.753
704.75	-11.812
704.8	-11.87
704.85	-11.927
704.9	-11.983
704.95	-12.039
705.0	-12.095
705.05	-12.151
705.1	-12.206
705.15	-12.26
705.2	-12.316
705.25	-12.371
705.3	-12.428
705.35	-12.484
705.4	-12.542
705.45	-12.601
705.5	-12.661
705.55	-12.723
705.6	-12.785
705.65	-12.85
705.7	-12.917
705.75	-12.986
705.8	-13.058
705.85	-13.131
705.9	-13.205
705.95	-13.282
706.0	-13.36
706.05	-13.44
706.1	-13.522
706.15	-13.605
706.2	-13.691
706.25	-13.778
706.3	-13.865
706.35	-13.954
706.4	-14.042
706.45	-14.128
706.5	-14.214
706.55	-14.298
706.6	-14.381
706.65	-14.464
706.7	-14.546
706.75	-14.628
706.8	-14.71
706.85	-14.793
706.9	-14.875
706.95	-14.956
707.0	-15.035
707.05	-15.112
707.1	-15.187
707.15	-15.259
707.2	-15.33
707.25	-15.399
707.3	-15.465
707.35	-15.53
707.4	-15.592
707.45	-15.652
707.5	-15.71
707.55	-15.765
707.6	-15.819
707.65	-15.871
707.7	-15.922
707.75	-15.972
707.8	-16.021
707.85	-16.071
707.9	-16.121
707.95	-16.171
708.0	-16.222
708.05	-16.274
708.1	-16.327
708.15	-16.38
708.2	-16.435
708.25	-16.49
708.3	-16.546
708.35	-16.603
708.4	-16.661
708.45	-16.721
708.5	-16.78
708.55	-16.841
708.6	-16.901
708.65	-16.963
708.7	-17.026
708.75	-17.09
708.8	-17.155
708.85	-17.222
708.9	-17.289
708.95	-17.358
709.0	-17.428
709.05	-17.499
709.1	-17.57
709.15	-17.642
709.2	-17.713
709.25	-17.784
709.3	-17.856
709.35	-17.928
709.4	-18.0
709.45	-18.074
709.5	-18.148
709.55	-18.223
709.6	-18.298
709.65	-18.372
709.7	-18.446
709.75	-18.519
709.8	-18.591
709.85	-18.662
709.9	-18.733
709.95	-18.804
710.0	-18.875
710.05	-18.947
710.1	-19.02
710.15	-19.094
710.2	-19.17
710.25	-19.246
710.3	-19.323
710.35	-19.401
710.4	-19.48
710.45	-19.561
710.5	-19.643
710.55	-19.727
710.6	-19.812
710.65	-19.899
710.7	-19.989
710.75	-20.08
710.8	-20.173
710.85	-20.268
710.9	-20.366
710.95	-20.466
711.0	-20.567
711.05	-20.669
711.1	-20.771
711.15	-20.871
711.2	-20.969
711.25	-21.065
711.3	-21.159
711.35	-21.251
711.4	-21.343
711.45	-21.434
711.5	-21.525
711.55	-21.614
711.6	-21.701
711.65	-21.787
711.7	-21.872
711.75	-21.957
711.8	-22.04
711.85	-22.123
711.9	-22.204
711.95	-22.286
712.0	-22.367
712.05	-22.447
712.1	-22.528
712.15	-22.607
712.2	-22.686
712.25	-22.763
712.3	-22.84
712.35	-22.915
712.4	-22.991
712.45	-23.066
712.5	-23.141
712.55	-23.218
712.6	-23.295
712.65	-23.372
712.7	-23.45
712.75	-23.528
712.8	-23.607
712.85	-23.686
712.9	-23.765
712.95	-23.844
713.0	-23.923
713.05	-24.001
713.1	-24.077
713.15	-24.153
713.2	-24.227
713.25	-24.3
713.3	-24.373
713.35	-24.445
713.4	-24.516
713.45	-24.586
713.5	-24.655
713.55	-24.723
713.6	-24.791
713.65	-24.857
713.7	-24.924
713.75	-24.991
713.8	-25.059
713.85	-25.127
713.9	-25.195
713.95	-25.264
714.0	-25.333
714.05	-25.403
714.1	-25.474
714.15	-25.546
714.2	-25.62
714.25	-25.695
714.3	-25.771
714.35	-25.848
714.4	-25.926
714.45	-26.006
714.5	-26.087
714.55	-26.17
714.6	-26.254
714.65	-26.34
714.7	-26.427
714.75	-26.515
714.8	-26.606
714.85	-26.7
714.9	-26.794
714.95	-26.891
715.0	-26.99
715.05	-27.09
715.1	-27.194
715.15	-27.299
715.2	-27.409
715.25	-27.522
715.3	-27.638
715.35	-27.758
715.4	-27.878
715.45	-27.998
715.5	-28.116
715.55	-28.233
715.6	-28.349
715.65	-28.463
715.7	-28.574
715.75	-28.68
715.8	-28.779
715.85	-28.871
715.9	-28.958
715.95	-29.04
716.0	-29.119
716.05	-29.193
716.1	-29.263
716.15	-29.329
716.2	-29.394
716.25	-29.456
716.3	-29.516
716.35	-29.576
716.4	-29.635
716.45	-29.694
716.5	-29.755
716.55	-29.817
716.6	-29.88
716.65	-29.945
716.7	-30.012
716.75	-30.081
716.8	-30.153
716.85	-30.228
716.9	-30.307
716.95	-30.39
717.0	-30.476
717.05	-30.566
717.1	-30.659
717.15	-30.756
717.2	-30.855
717.25	-30.957
717.3	-31.06
717.35	-31.164
717.4	-31.269
717.45	-31.375
717.5	-31.483
717.55	-31.59
717.6	-31.697
717.65	-31.804
717.7	-31.908
717.75	-32.011
717.8	-32.111
717.85	-32.208
717.9	-32.303
717.95	-32.397
718.0	-32.49
718.05	-32.582
718.1	-32.673
718.15	-32.764
718.2	-32.855
718.25	-32.946
718.3	-33.038
718.35	-33.131
718.4	-33.223
718.45	-33.316
718.5	-33.408
718.55	-33.499
718.6	-33.59
718.65	-33.682
718.7	-33.775
718.75	-33.869
718.8	-33.963
718.85	-34.058
718.9	-34.153
718.95	-34.249
719.0	-34.347
719.05	-34.447
719.1	-34.548
719.15	-34.651
719.2	-34.757
719.25	-34.865
719.3	-34.975
719.35	-35.088
719.4	-35.204
719.45	-35.321
719.5	-35.44
719.55	-35.56
719.6	-35.682
719.65	-35.804
719.7	-35.928
719.75	-36.054
719.8	-36.18
719.85	-36.306
719.9	-36.433
719.95	-36.559
720.0	-36.682
720.05	-36.801
720.1	-36.915
720.15	-37.025
720.2	-37.133
720.25	-37.24
720.3	-37.346
720.35	-37.451
720.4	-37.555
720.45	-37.659
720.5	-37.764
720.55	-37.868
720.6	-37.972
720.65	-38.077
720.7	-38.182
720.75	-38.287
720.8	-38.391
720.85	-38.493
720.9	-38.594
720.95	-38.693
721.0	-38.79
721.05	-38.885
721.1	-38.977
721.15	-39.068
721.2	-39.156
721.25	-39.244
721.3	-39.331
721.35	-39.418
721.4	-39.506
721.45	-39.596
721.5	-39.686
721.55	-39.778
721.6	-39.869
721.65	-39.961
721.7	-40.054
721.75	-40.148
721.8	-40.243
721.85	-40.339
721.9	-40.435
721.95	-40.532
722.0	-40.63
722.05	-40.729
722.1	-40.829
722.15	-40.93
722.2	-41.032
722.25	-41.133
722.3	-41.234
722.35	-41.335
722.4	-41.436
722.45	-41.537
722.5	-41.637
722.55	-41.737
722.6	-41.835
722.65	-41.932
722.7	-42.028
722.75	-42.124
722.8	-42.22
722.85	-42.315
722.9	-42.409
722.95	-42.503
723.0	-42.597
723.05	-42.69
723.1	-42.783
723.15	-42.875
723.2	-42.968
723.25	-43.061
723.3	-43.154
723.35	-43.249
723.4	-43.344
723.45	-43.44
723.5	-43.536
723.55	-43.631
723.6	-43.726
723.65	-43.822
723.7	-43.918
723.75	-44.015
723.8	-44.111
723.85	-44.208
723.9	-44.304
723.95	-44.401
724.0	-44.498
724.05	-44.596
724.1	-44.696
724.15	-44.797
724.2	-44.898
724.25	-45.002
724.3	-45.107
724.35	-45.214
724.4	-45.323
724.45	-45.433
724.5	-45.544
724.55	-45.653
724.6	-45.759
724.65	-45.862
724.7	-45.963
724.75	-46.062
724.8	-46.159
724.85	-46.254
724.9	-46.348
724.95	-46.441
725.0	-46.533
725.05	-46.624
725.1	-46.714
725.15	-46.801
725.2	-46.888
725.25	-46.973
725.3	-47.056
725.35	-47.138
725.4	-47.219
725.45	-47.298
725.5	-47.375
725.55	-47.45
725.6	-47.524
725.65	-47.597
725.7	-47.668
725.75	-47.739
725.8	-47.808
725.85	-47.877
725.9	-47.944
725.95	-48.012
726.0	-48.08
726.05	-48.149
726.1	-48.219
726.15	-48.288
726.2	-48.358
726.25	-48.429
726.3	-48.502
726.35	-48.575
726.4	-48.65
726.45	-48.727
726.5	-48.806
726.55	-48.886
726.6	-48.968
726.65	-49.052
726.7	-49.136
726.75	-49.222
726.8	-49.308
726.85	-49.395
726.9	-49.481
726.95	-49.566
727.0	-49.65
727.05	-49.734
727.1	-49.817
727.15	-49.899
727.2	-49.979
727.25	-50.058
727.3	-50.136
727.35	-50.212
727.4	-50.289
727.45	-50.365
727.5	-50.441
727.55	-50.517
727.6	-50.593
727.65	-50.668
727.7	-50.744
727.75	-50.82
727.8	-50.896
727.85	-50.973
727.9	-51.05
727.95	-51.128
728.0	-51.208
728.05	-51.289
728.1	-51.371
728.15	-51.454
728.2	-51.538
728.25	-51.623
728.3	-51.709
728.35	-51.797
728.4	-51.886
728.45	-51.978
728.5	-52.071
728.55	-52.167
728.6	-52.266
728.65	-52.369
728.7	-52.475
728.75	-52.584
728.8	-52.696
728.85	-52.81
728.9	-52.925
728.95	-53.041
729.0	-53.156
729.05	-53.268
729.1	-53.376
729.15	-53.48
729.2	-53.58
729.25	-53.676
729.3	-53.768
729.35	-53.857
729.4	-53.944
729.45	-54.026
729.5	-54.105
729.55	-54.179
729.6	-54.248
729.65	-54.314
729.7	-54.375
729.75	-54.432
729.8	-54.485
729.85	-54.534
729.9	-54.579
729.95	-54.621
730.0	-54.658
730.05	-54.692
730.1	-54.724
730.15	-54.753
730.2	-54.78
730.25	-54.805
730.3	-54.83
730.35	-54.853
730.4	-54.876
730.45	-54.898
730.5	-54.922
730.55	-54.946
730.6	-54.971
730.65	-54.997
730.7	-55.024
730.75	-55.053
730.8	-55.083
730.85	-55.115
730.9	-55.149
730.95	-55.183
731.0	-55.219
731.05	-55.256
731.1	-55.294
731.15	-55.334
731.2	-55.374
731.25	-55.415
731.3	-55.456
731.35	-55.499
731.4	-55.543
731.45	-55.588
731.5	-55.633
731.55	-55.68
731.6	-55.728
731.65	-55.776
731.7	-55.825
731.75	-55.876
731.8	-55.927
731.85	-55.98
731.9	-56.032
731.95	-56.086
732.0	-56.139
732.05	-56.194
732.1	-56.249
732.15	-56.304
732.2	-56.359
732.25	-56.415
732.3	-56.471
732.35	-56.527
732.4	-56.583
732.45	-56.639
732.5	-56.696
732.55	-56.754
732.6	-56.812
732.65	-56.87
732.7	-56.929
732.75	-56.988
732.8	-57.049
732.85	-57.11
732.9	-57.173
732.95	-57.237
733.0	-57.303
733.05	-57.369
733.1	-57.437
733.15	-57.506
733.2	-57.577
733.25	-57.65
733.3	-57.725
733.35	-57.803
733.4	-57.881
733.45	-57.962
733.5	-58.044
733.55	-58.125
733.6	-58.206
733.65	-58.284
733.7	-58.361
733.75	-58.435
733.8	-58.508
733.85	-58.579
733.9	-58.647
733.95	-58.711
734.0	-58.773
734.05	-58.833
734.1	-58.89
734.15	-58.946
734.2	-58.999
734.25	-59.049
734.3	-59.097
734.35	-59.143
734.4	-59.186
734.45	-59.226
734.5	-59.265
734.55	-59.302
734.6	-59.337
734.65	-59.37
734.7	-59.401
734.75	-59.431
734.8	-59.46
734.85	-59.488
734.9	-59.515
734.95	-59.541
735.0	-59.568
735.05	-59.595
735.1	-59.623
735.15	-59.65
735.2	-59.679
735.25	-59.709
735.3	-59.739
735.35	-59.771
735.4	-59.804
735.45	-59.837
735.5	-59.872
735.55	-59.907
735.6	-59.942
735.65	-59.978
735.7	-60.014
735.75	-60.05
735.8	-60.085
735.85	-60.121
735.9	-60.156
735.95	-60.191
736.0	-60.225
736.05	-60.258
736.1	-60.29
736.15	-60.322
736.2	-60.354
736.25	-60.385
736.3	-60.416
736.35	-60.446
736.4	-60.477
736.45	-60.507
736.5	-60.537
736.55	-60.567
736.6	-60.596
736.65	-60.626
736.7	-60.656
736.75	-60.686
736.8	-60.717
736.85	-60.749
736.9	-60.781
736.95	-60.815
737.0	-60.849
737.05	-60.885
737.1	-60.922
737.15	-60.961
737.2	-61.001
737.25	-61.044
737.3	-61.088
737.35	-61.134
737.4	-61.182
737.45	-61.232
737.5	-61.284
737.55	-61.338
737.6	-61.393
737.65	-61.45
737.7	-61.507
737.75	-61.566
737.8	-61.626
737.85	-61.687
737.9	-61.748
737.95	-61.811
738.0	-61.874
738.05	-61.936
738.1	-61.998
738.15	-62.059
738.2	-62.119
738.25	-62.177
738.3	-62.234
738.35	-62.29
738.4	-62.345
738.45	-62.398
738.5	-62.45
738.55	-62.5
738.6	-62.547
738.65	-62.592
738.7	-62.634
738.75	-62.673
738.8	-62.709
738.85	-62.742
738.9	-62.772
738.95	-62.8
739.0	-62.826
739.05	-62.85
739.1	-62.871
739.15	-62.891
739.2	-62.909
739.25	-62.926
739.3	-62.942
739.35	-62.957
739.4	-62.971
739.45	-62.985
739.5	-62.998
739.55	-63.012
739.6	-63.026
739.65	-63.04
739.7	-63.055
739.75	-63.07
739.8	-63.086
739.85	-63.103
739.9	-63.121
739.95	-63.14
740.0	-63.16
740.05	-63.18
740.1	-63.202
740.15	-63.224
740.2	-63.247
740.25	-63.271
740.3	-63.295
740.35	-63.32
740.4	-63.345
740.45	-63.37
740.5	-63.395
740.55	-63.421
740.6	-63.447
740.65	-63.474
740.7	-63.502
740.75	-63.53
740.8	-63.559
740.85	-63.589
740.9	-63.619
740.95	-63.651
741.0	-63.682
741.05	-63.715
741.1	-63.748
741.15	-63.782
741.2	-63.815
741.25	-63.849
741.3	-63.883
741.35	-63.917
741.4	-63.951
741.45	-63.985
741.5	-64.019
741.55	-64.052
741.6	-64.085
741.65	-64.119
741.7	-64.153
741.75	-64.186
741.8	-64.22
741.85	-64.254
741.9	-64.288
741.95	-64.322
742.0	-64.357
742.05	-64.392
742.1	-64.427
742.15	-64.464
742.2	-64.501
742.25	-64.54
742.3	-64.579
742.35	-64.618
742.4	-64.659
742.45	-64.7
742.5	-64.742
742.55	-64.784
742.6	-64.827
742.65	-64.869
742.7	-64.91
742.75	-64.95
742.8	-64.989
742.85	-65.027
742.9	-65.064
742.95	-65.099
743.0	-65.133
743.05	-65.166
743.1	-65.196
743.15	-65.224
743.2	-65.25
743.25	-65.274
743.3	-65.295
743.35	-65.314
743.4	-65.329
743.45	-65.343
743.5	-65.354
743.55	-65.362
743.6	-65.368
743.65	-65.373
743.7	-65.376
743.75	-65.377
743.8	-65.377
743.85	-65.377
743.9	-65.376
743.95	-65.374
744.0	-65.373
744.05	-65.372
744.1	-65.372
744.15	-65.373
744.2	-65.375
744.25	-65.379
744.3	-65.384
744.35	-65.391
744.4	-65.401
744.45	-65.413
744.5	-65.427
744.55	-65.444
744.6	-65.463
744.65	-65.484
744.7	-65.508
744.75	-65.535
744.8	-65.563
744.85	-65.594
744.9	-65.627
744.95	-65.662
745.0	-65.699
745.05	-65.737
745.1	-65.775
745.15	-65.815
745.2	-65.855
745.25	-65.896
745.3	-65.937
745.35	-65.978
745.4	-66.02
745.45	-66.062
745.5	-66.103
745.55	-66.143
745.6	-66.183
745.65	-66.221
745.7	-66.258
745.75	-66.294
745.8	-66.329
745.85	-66.363
745.9	-66.396
745.95	-66.428
746.0	-66.46
746.05	-66.49
746.1	-66.519
746.15	-66.548
746.2	-66.575
746.25	-66.601
746.3	-66.627
746.35	-66.652
746.4	-66.675
746.45	-66.698
746.5	-66.72
746.55	-66.742
746.6	-66.762
746.65	-66.782
746.7	-66.802
746.75	-66.821
746.8	-66.84
746.85	-66.859
746.9	-66.877
746.95	-66.896
747.0	-66.913
747.05	-66.931
747.1	-66.948
747.15	-66.964
747.2	-66.98
747.25	-66.995
747.3	-67.009
747.35	-67.022
747.4	-67.034
747.45	-67.045
747.5	-67.055
747.55	-67.063
747.6	-67.071
747.65	-67.077
747.7	-67.082
747.75	-67.085
747.8	-67.087
747.85	-67.087
747.9	-67.087
747.95	-67.085
748.0	-67.083
748.05	-67.079
748.1	-67.074
748.15	-67.068
748.2	-67.062
748.25	-67.054
748.3	-67.046
748.35	-67.038
748.4	-67.03
748.45	-67.022
748.5	-67.014
748.55	-67.007
748.6	-67.002
748.65	-66.997
748.7	-66.994
748.75	-66.992
748.8	-66.992
748.85	-66.994
748.9	-66.997
748.95	-67.002
749.0	-67.008
749.05	-67.017
749.1	-67.027
749.15	-67.038
749.2	-67.05
749.25	-67.063
749.3	-67.077
749.35	-67.091
749.4	-67.105
749.45	-67.119
749.5	-67.131
749.55	-67.143
749.6	-67.154
749.65	-67.164
749.7	-67.173
749.75	-67.18
749.8	-67.186
749.85	-67.19
749.9	-67.194
749.95	-67.195
750.0	-67.197
750.05	-67.196
750.1	-67.196
750.15	-67.194
750.2	-67.192
750.25	-67.189
750.3	-67.186
750.35	-67.183
750.4	-67.181
750.45	-67.178
750.5	-67.176
750.55	-67.173
750.6	-67.172
750.65	-67.171
750.7	-67.172
750.75	-67.173
750.8	-67.175
750.85	-67.177
750.9	-67.181
750.95	-67.185
751.0	-67.191
751.05	-67.197
751.1	-67.204
751.15	-67.212
751.2	-67.221
751.25	-67.23
751.3	-67.24
751.35	-67.251
751.4	-67.263
751.45	-67.274
751.5	-67.287
751.55	-67.299
751.6	-67.312
751.65	-67.324
751.7	-67.337
751.75	-67.35
751.8	-67.362
751.85	-67.374
751.9	-67.386
751.95	-67.397
752.0	-67.407
752.05	-67.416
752.1	-67.424
752.15	-67.431
752.2	-67.438
752.25	-67.443
752.3	-67.447
752.35	-67.451
752.4	-67.453
752.45	-67.454
752.5	-67.454
752.55	-67.453
752.6	-67.45
752.65	-67.446
752.7	-67.442
752.75	-67.436
752.8	-67.429
752.85	-67.421
752.9	-67.412
752.95	-67.402
753.0	-67.392
753.05	-67.382
753.1	-67.371
753.15	-67.36
753.2	-67.35
753.25	-67.34
753.3	-67.331
753.35	-67.322
753.4	-67.315
753.45	-67.309
753.5	-67.305
753.55	-67.301
753.6	-67.299
753.65	-67.298
753.7	-67.299
753.75	-67.3
753.8	-67.303
753.85	-67.306
753.9	-67.31
753.95	-67.315
754.0	-67.32
754.05	-67.326
754.1	-67.332
754.15	-67.338
754.2	-67.344
754.25	-67.349
754.3	-67.355
754.35	-67.36
754.4	-67.364
754.45	-67.368
754.5	-67.371
754.55	-67.374
754.6	-67.376
754.65	-67.377
754.7	-67.378
754.75	-67.378
754.8	-67.378
754.85	-67.378
754.9	-67.377
754.95	-67.376
755.0	-67.375
755.05	-67.373
755.1	-67.372
755.15	-67.371
755.2	-67.371
755.25	-67.371
755.3	-67.371
755.35	-67.372
755.4	-67.375
755.45	-67.377
755.5	-67.382
755.55	-67.387
755.6	-67.393
755.65	-67.401
755.7	-67.41
755.75	-67.42
755.8	-67.432
755.85	-67.445
755.9	-67.458
755.95	-67.473
756.0	-67.488
756.05	-67.504
756.1	-67.52
756.15	-67.536
756.2	-67.551
756.25	-67.565
756.3	-67.577
756.35	-67.588
756.4	-67.598
756.45	-67.605
756.5	-67.611
756.55	-67.615
756.6	-67.618
756.65	-67.618
756.7	-67.617
756.75	-67.614
756.8	-67.609
756.85	-67.602
756.9	-67.595
756.95	-67.585
757.0	-67.574
757.05	-67.562
757.1	-67.549
757.15	-67.535
757.2	-67.52
757.25	-67.504
757.3	-67.488
757.35	-67.472
757.4	-67.455
757.45	-67.439
757.5	-67.422
757.55	-67.405
757.6	-67.389
757.65	-67.374
757.7	-67.359
757.75	-67.345
757.8	-67.333
757.85	-67.321
757.9	-67.31
757.95	-67.301
758.0	-67.292
758.05	-67.284
758.1	-67.278
758.15	-67.272
758.2	-67.267
758.25	-67.263
758.3	-67.26
758.35	-67.257
758.4	-67.255
758.45	-67.253
758.5	-67.252
758.55	-67.251
758.6	-67.25
758.65	-67.25
758.7	-67.25
758.75	-67.25
758.8	-67.25
758.85	-67.251
758.9	-67.251
758.95	-67.252
759.0	-67.252
759.05	-67.253
759.1	-67.254
759.15	-67.256
759.2	-67.256
759.25	-67.258
759.3	-67.259
759.35	-67.262
759.4	-67.264
759.45	-67.267
759.5	-67.27
759.55	-67.274
759.6	-67.278
759.65	-67.284
759.7	-67.29
759.75	-67.297
759.8	-67.305
759.85	-67.314
759.9	-67.325
759.95	-67.336
760.0	-67.349
760.05	-67.364
760.1	-67.38
760.15	-67.397
760.2	-67.415
760.25	-67.434
760.3	-67.454
760.35	-67.476
760.4	-67.498
760.45	-67.521
760.5	-67.545
760.55	-67.57
760.6	-67.595
760.65	-67.621
760.7	-67.647
760.75	-67.673
760.8	-67.698
760.85	-67.722
760.9	-67.745
760.95	-67.767
761.0	-67.788
761.05	-67.807
761.1	-67.825
761.15	-67.84
761.2	-67.855
761.25	-67.867
761.3	-67.878
761.35	-67.888
761.4	-67.896
761.45	-67.903
761.5	-67.908
761.55	-67.912
761.6	-67.915
761.65	-67.917
