126.55	-66.068
126.6	-66.067
126.65	-66.062
126.7	-66.055
126.75	-66.044
126.8	-66.03
126.85	-66.012
126.9	-65.993
126.95	-65.97
127.0	-65.946
127.05	-65.919
127.1	-65.892
127.15	-65.863
127.2	-65.835
127.25	-65.806
127.3	-65.778
127.35	-65.75
127.4	-65.723
127.45	-65.696
127.5	-65.67
127.55	-65.645
127.6	-65.62
127.65	-65.597
127.7	-65.575
127.75	-65.554
127.8	-65.534
127.85	-65.516
127.9	-65.498
127.95	-65.482
128.0	-65.466
128.05	-65.451
128.1	-65.437
128.15	-65.424
128.2	-65.411
128.25	-65.4
128.3	-65.389
128.35	-65.379
128.4	-65.37
128.45	-65.362
128.5	-65.354
128.55	-65.348
128.6	-65.342
128.65	-65.337
128.7	-65.332
128.75	-65.329
128.8	-65.326
128.85	-65.323
128.9	-65.322
128.95	-65.32
129.0	-65.319
129.05	-65.319
129.1	-65.319
129.15	-65.319
129.2	-65.32
129.25	-65.321
129.3	-65.322
129.35	-65.324
129.4	-65.326
129.45	-65.328
129.5	-65.332
129.55	-65.335
129.6	-65.339
129.65	-65.344
129.7	-65.349
129.75	-65.355
129.8	-65.362
129.85	-65.37
129.9	-65.379
129.95	-65.389
130.0	-65.4
130.05	-65.412
130.1	-65.424
130.15	-65.438
130.2	-65.452
130.25	-65.466
130.3	-65.48
130.35	-65.495
130.4	-65.509
130.45	-65.523
130.5	-65.536
130.55	-65.548
130.6	-65.559
130.65	-65.569
130.7	-65.578
130.75	-65.585
130.8	-65.591
130.85	-65.595
130.9	-65.597
130.95	-65.598
131.0	-65.596
131.05	-65.593
131.1	-65.587
131.15	-65.58
131.2	-65.571
131.25	-65.56
131.3	-65.547
131.35	-65.533
131.4	-65.517
131.45	-65.499
131.5	-65.48
131.55	-65.461
131.6	-65.441
131.65	-65.421
131.7	-65.401
131.75	-65.382
131.8	-65.363
131.85	-65.345
131.9	-65.328
131.95	-65.312
132.0	-65.297
132.05	-65.282
132.1	-65.269
132.15	-65.256
132.2	-65.244
132.25	-65.233
132.3	-65.222
132.35	-65.212
132.4	-65.202
132.45	-65.193
132.5	-65.183
132.55	-65.174
132.6	-65.166
132.65	-65.158
132.7	-65.15
132.75	-65.143
132.8	-65.136
132.85	-65.13
132.9	-65.124
132.95	-65.12
133.0	-65.116
133.05	-65.114
133.1	-65.113
133.15	-65.113
133.2	-65.114
133.25	-65.117
133.3	-65.122
133.35	-65.127
133.4	-65.135
133.45	-65.143
133.5	-65.153
133.55	-65.164
133.6	-65.176
133.65	-65.188
133.7	-65.201
133.75	-65.215
133.8	-65.228
133.85	-65.241
133.9	-65.253
133.95	-65.265
134.0	-65.275
134.05	-65.285
134.1	-65.294
134.15	-65.302
134.2	-65.309
134.25	-65.315
134.3	-65.32
134.35	-65.325
134.4	-65.328
134.45	-65.332
134.5	-65.335
134.55	-65.337
134.6	-65.339
134.65	-65.341
134.7	-65.342
134.75	-65.344
134.8	-65.344
134.85	-65.345
134.9	-65.345
134.95	-65.344
135.0	-65.343
135.05	-65.341
135.1	-65.338
135.15	-65.334
135.2	-65.329
135.25	-65.324
135.3	-65.317
135.35	-65.309
135.4	-65.3
135.45	-65.29
135.5	-65.279
135.55	-65.266
135.6	-65.252
135.65	-65.237
135.7	-65.221
135.75	-65.203
135.8	-65.185
135.85	-65.165
135.9	-65.144
135.95	-65.122
136.0	-65.099
136.05	-65.075
136.1	-65.05
136.15	-65.025
136.2	-64.999
136.25	-64.973
136.3	-64.947
136.35	-64.921
136.4	-64.894
136.45	-64.868
136.5	-64.841
136.55	-64.815
136.6	-64.789
136.65	-64.763
136.7	-64.738
136.75	-64.714
136.8	-64.69
136.85	-64.666
136.9	-64.643
136.95	-64.621
137.0	-64.6
137.05	-64.58
137.1	-64.56
137.15	-64.541
137.2	-64.523
137.25	-64.506
137.3	-64.49
137.35	-64.474
137.4	-64.459
137.45	-64.444
137.5	-64.43
137.55	-64.416
137.6	-64.403
137.65	-64.39
137.7	-64.377
137.75	-64.365
137.8	-64.352
137.85	-64.34
137.9	-64.328
137.95	-64.315
138.0	-64.303
138.05	-64.291
138.1	-64.278
138.15	-64.266
138.2	-64.254
138.25	-64.242
138.3	-64.23
138.35	-64.219
138.4	-64.209
138.45	-64.199
138.5	-64.19
138.55	-64.182
138.6	-64.175
138.65	-64.169
138.7	-64.165
138.75	-64.162
138.8	-64.161
138.85	-64.161
138.9	-64.163
138.95	-64.166
139.0	-64.17
139.05	-64.176
139.1	-64.184
139.15	-64.192
139.2	-64.202
139.25	-64.213
139.3	-64.225
139.35	-64.237
139.4	-64.249
139.45	-64.261
139.5	-64.272
139.55	-64.283
139.6	-64.293
139.65	-64.303
139.7	-64.311
139.75	-64.318
139.8	-64.324
139.85	-64.328
139.9	-64.331
139.95	-64.332
140.0	-64.331
140.05	-64.328
140.1	-64.324
140.15	-64.317
140.2	-64.309
140.25	-64.299
140.3	-64.286
140.35	-64.271
140.4	-64.255
140.45	-64.237
140.5	-64.216
140.55	-64.194
140.6	-64.171
140.65	-64.145
140.7	-64.119
140.75	-64.091
140.8	-64.063
140.85	-64.035
140.9	-64.007
140.95	-63.98
141.0	-63.953
141.05	-63.927
141.1	-63.903
141.15	-63.88
141.2	-63.858
141.25	-63.838
141.3	-63.82
141.35	-63.803
141.4	-63.788
141.45	-63.774
141.5	-63.762
141.55	-63.752
141.6	-63.742
141.65	-63.734
141.7	-63.727
141.75	-63.722
141.8	-63.716
141.85	-63.713
141.9	-63.709
141.95	-63.706
142.0	-63.703
142.05	-63.701
142.1	-63.699
142.15	-63.698
142.2	-63.696
142.25	-63.696
142.3	-63.695
142.35	-63.695
142.4	-63.695
142.45	-63.696
142.5	-63.696
142.55	-63.697
142.6	-63.697
142.65	-63.698
142.7	-63.699
142.75	-63.7
142.8	-63.7
142.85	-63.701
142.9	-63.702
142.95	-63.703
143.0	-63.704
143.05	-63.706
143.1	-63.708
143.15	-63.71
143.2	-63.713
143.25	-63.716
143.3	-63.719
143.35	-63.723
143.4	-63.727
143.45	-63.731
143.5	-63.735
143.55	-63.739
143.6	-63.743
143.65	-63.748
143.7	-63.752
143.75	-63.755
143.8	-63.758
143.85	-63.761
143.9	-63.762
143.95	-63.763
144.0	-63.762
144.05	-63.76
144.1	-63.758
144.15	-63.753
144.2	-63.748
144.25	-63.741
144.3	-63.732
144.35	-63.723
144.4	-63.712
144.45	-63.7
144.5	-63.686
144.55	-63.672
144.6	-63.656
144.65	-63.64
144.7	-63.622
144.75	-63.603
144.8	-63.584
144.85	-63.563
144.9	-63.542
144.95	-63.52
145.0	-63.497
145.05	-63.474
145.1	-63.449
145.15	-63.424
145.2	-63.399
145.25	-63.374
145.3	-63.349
145.35	-63.324
145.4	-63.299
145.45	-63.275
145.5	-63.252
145.55	-63.229
145.6	-63.208
145.65	-63.187
145.7	-63.168
145.75	-63.15
145.8	-63.133
145.85	-63.118
145.9	-63.103
145.95	-63.091
146.0	-63.079
146.05	-63.069
146.1	-63.059
146.15	-63.051
146.2	-63.044
146.25	-63.038
146.3	-63.033
146.35	-63.029
146.4	-63.025
146.45	-63.022
146.5	-63.019
146.55	-63.017
146.6	-63.014
146.65	-63.013
146.7	-63.011
146.75	-63.009
146.8	-63.007
146.85	-63.006
146.9	-63.004
146.95	-63.002
147.0	-62.999
147.05	-62.997
147.1	-62.995
147.15	-62.993
147.2	-62.99
147.25	-62.989
147.3	-62.987
147.35	-62.986
147.4	-62.985
147.45	-62.985
147.5	-62.985
147.55	-62.987
147.6	-62.989
147.65	-62.992
147.7	-62.995
147.75	-63.0
147.8	-63.005
147.85	-63.012
147.9	-63.019
147.95	-63.028
148.0	-63.038
148.05	-63.05
148.1	-63.063
148.15	-63.076
148.2	-63.092
148.25	-63.108
148.3	-63.125
148.35	-63.143
148.4	-63.161
148.45	-63.18
148.5	-63.199
148.55	-63.217
148.6	-63.235
148.65	-63.253
148.7	-63.271
148.75	-63.287
148.8	-63.303
148.85	-63.318
148.9	-63.331
148.95	-63.343
149.0	-63.353
149.05	-63.361
149.1	-63.368
149.15	-63.373
149.2	-63.375
149.25	-63.377
149.3	-63.376
149.35	-63.373
149.4	-63.369
149.45	-63.362
149.5	-63.354
149.55	-63.344
149.6	-63.333
149.65	-63.32
149.7	-63.305
149.75	-63.289
149.8	-63.273
149.85	-63.255
149.9	-63.238
149.95	-63.219
150.0	-63.201
150.05	-63.182
150.1	-63.163
150.15	-63.144
150.2	-63.126
150.25	-63.108
150.3	-63.09
150.35	-63.073
150.4	-63.055
150.45	-63.038
150.5	-63.021
150.55	-63.004
150.6	-62.986
150.65	-62.969
150.7	-62.951
150.75	-62.933
150.8	-62.915
150.85	-62.896
150.9	-62.877
150.95	-62.857
151.0	-62.837
151.05	-62.817
151.1	-62.796
151.15	-62.776
151.2	-62.755
151.25	-62.735
151.3	-62.714
151.35	-62.694
151.4	-62.674
151.45	-62.654
151.5	-62.635
151.55	-62.618
151.6	-62.601
151.65	-62.585
151.7	-62.571
151.75	-62.559
151.8	-62.548
151.85	-62.539
151.9	-62.531
151.95	-62.525
152.0	-62.522
152.05	-62.52
152.1	-62.519
152.15	-62.521
152.2	-62.525
152.25	-62.53
152.3	-62.537
152.35	-62.546
152.4	-62.556
152.45	-62.568
152.5	-62.581
152.55	-62.595
152.6	-62.611
152.65	-62.626
152.7	-62.642
152.75	-62.658
152.8	-62.674
152.85	-62.69
152.9	-62.704
152.95	-62.717
153.0	-62.729
153.05	-62.738
153.1	-62.746
153.15	-62.751
153.2	-62.754
153.25	-62.755
153.3	-62.754
153.35	-62.75
153.4	-62.744
153.45	-62.736
153.5	-62.725
153.55	-62.712
153.6	-62.698
153.65	-62.681
153.7	-62.663
153.75	-62.643
153.8	-62.623
153.85	-62.6
153.9	-62.577
153.95	-62.553
154.0	-62.529
154.05	-62.503
154.1	-62.477
154.15	-62.451
154.2	-62.423
154.25	-62.395
154.3	-62.367
154.35	-62.339
154.4	-62.311
154.45	-62.284
154.5	-62.257
154.55	-62.232
154.6	-62.207
154.65	-62.182
154.7	-62.158
154.75	-62.135
154.8	-62.112
154.85	-62.089
154.9	-62.067
154.95	-62.046
155.0	-62.025
155.05	-62.004
155.1	-61.985
155.15	-61.965
155.2	-61.946
155.25	-61.927
155.3	-61.909
155.35	-61.891
155.4	-61.873
155.45	-61.855
155.5	-61.837
155.55	-61.819
155.6	-61.8
155.65	-61.782
155.7	-61.763
155.75	-61.745
155.8	-61.726
155.85	-61.706
155.9	-61.687
155.95	-61.667
156.0	-61.648
156.05	-61.628
156.1	-61.608
156.15	-61.589
156.2	-61.569
156.25	-61.55
156.3	-61.53
156.35	-61.511
156.4	-61.492
156.45	-61.474
156.5	-61.456
156.55	-61.439
156.6	-61.423
156.65	-61.408
156.7	-61.394
156.75	-61.381
156.8	-61.369
156.85	-61.359
156.9	-61.35
156.95	-61.342
157.0	-61.336
157.05	-61.331
157.1	-61.327
157.15	-61.325
157.2	-61.323
157.25	-61.323
157.3	-61.323
157.35	-61.324
157.4	-61.326
157.45	-61.329
157.5	-61.331
157.55	-61.334
157.6	-61.337
157.65	-61.34
157.7	-61.343
157.75	-61.345
157.8	-61.346
157.85	-61.347
157.9	-61.347
157.95	-61.347
158.0	-61.345
158.05	-61.342
158.1	-61.339
158.15	-61.334
158.2	-61.329
158.25	-61.323
158.3	-61.316
158.35	-61.308
158.4	-61.3
158.45	-61.292
158.5	-61.283
158.55	-61.274
158.6	-61.265
158.65	-61.256
158.7	-61.247
158.75	-61.239
158.8	-61.232
158.85	-61.225
158.9	-61.219
158.95	-61.214
159.0	-61.21
159.05	-61.207
159.1	-61.205
159.15	-61.204
159.2	-61.203
159.25	-61.204
159.3	-61.205
159.35	-61.207
159.4	-61.21
159.45	-61.212
159.5	-61.215
159.55	-61.218
159.6	-61.221
159.65	-61.223
159.7	-61.225
159.75	-61.227
159.8	-61.228
159.85	-61.228
159.9	-61.227
159.95	-61.225
160.0	-61.221
160.05	-61.217
160.1	-61.212
160.15	-61.205
160.2	-61.196
160.25	-61.187
160.3	-61.175
160.35	-61.163
160.4	-61.148
160.45	-61.133
160.5	-61.115
160.55	-61.097
160.6	-61.077
160.65	-61.056
160.7	-61.034
160.75	-61.012
160.8	-60.988
160.85	-60.965
160.9	-60.941
160.95	-60.918
161.0	-60.895
161.05	-60.873
161.1	-60.852
161.15	-60.832
161.2	-60.814
161.25	-60.798
161.3	-60.784
161.35	-60.771
161.4	-60.76
161.45	-60.751
161.5	-60.743
161.55	-60.737
161.6	-60.732
161.65	-60.728
161.7	-60.725
161.75	-60.724
161.8	-60.723
161.85	-60.722
161.9	-60.722
161.95	-60.722
162.0	-60.721
162.05	-60.721
162.1	-60.719
162.15	-60.717
162.2	-60.713
162.25	-60.709
162.3	-60.703
162.35	-60.696
162.4	-60.687
162.45	-60.676
162.5	-60.664
162.55	-60.651
162.6	-60.636
162.65	-60.619
162.7	-60.602
162.75	-60.582
162.8	-60.562
162.85	-60.542
162.9	-60.52
162.95	-60.498
163.0	-60.475
163.05	-60.453
163.1	-60.429
163.15	-60.406
163.2	-60.384
163.25	-60.362
163.3	-60.34
163.35	-60.318
163.4	-60.297
163.45	-60.277
163.5	-60.256
163.55	-60.237
163.6	-60.217
163.65	-60.199
163.7	-60.18
163.75	-60.162
163.8	-60.145
163.85	-60.129
163.9	-60.113
163.95	-60.097
164.0	-60.083
164.05	-60.069
164.1	-60.056
164.15	-60.043
164.2	-60.031
164.25	-60.02
164.3	-60.009
164.35	-60.0
164.4	-59.992
164.45	-59.984
164.5	-59.977
164.55	-59.971
164.6	-59.966
164.65	-59.962
164.7	-59.958
164.75	-59.956
164.8	-59.953
164.85	-59.952
164.9	-59.951
164.95	-59.951
165.0	-59.95
165.05	-59.95
165.1	-59.95
165.15	-59.95
165.2	-59.95
165.25	-59.951
165.3	-59.951
165.35	-59.952
165.4	-59.952
165.45	-59.953
165.5	-59.954
165.55	-59.957
165.6	-59.959
165.65	-59.962
165.7	-59.965
165.75	-59.97
165.8	-59.974
165.85	-59.98
165.9	-59.986
165.95	-59.993
166.0	-60.0
166.05	-60.009
166.1	-60.019
166.15	-60.029
166.2	-60.041
166.25	-60.053
166.3	-60.066
166.35	-60.08
166.4	-60.094
166.45	-60.109
166.5	-60.125
166.55	-60.14
166.6	-60.156
166.65	-60.171
166.7	-60.186
166.75	-60.2
166.8	-60.214
166.85	-60.226
166.9	-60.237
166.95	-60.247
167.0	-60.255
167.05	-60.262
167.1	-60.267
167.15	-60.27
167.2	-60.271
167.25	-60.271
167.3	-60.268
167.35	-60.263
167.4	-60.257
167.45	-60.248
167.5	-60.237
167.55	-60.225
167.6	-60.21
167.65	-60.194
167.7	-60.176
167.75	-60.157
167.8	-60.135
167.85	-60.113
167.9	-60.089
167.95	-60.065
168.0	-60.04
168.05	-60.015
168.1	-59.991
168.15	-59.966
168.2	-59.943
168.25	-59.92
168.3	-59.898
168.35	-59.876
168.4	-59.855
168.45	-59.835
168.5	-59.816
168.55	-59.798
168.6	-59.782
168.65	-59.766
168.7	-59.751
168.75	-59.737
168.8	-59.724
168.85	-59.712
168.9	-59.702
168.95	-59.692
169.0	-59.683
169.05	-59.675
169.1	-59.667
169.15	-59.66
169.2	-59.654
169.25	-59.648
169.3	-59.642
169.35	-59.636
169.4	-59.63
169.45	-59.625
169.5	-59.619
169.55	-59.613
169.6	-59.606
169.65	-59.6
169.7	-59.593
169.75	-59.585
169.8	-59.577
169.85	-59.569
169.9	-59.56
169.95	-59.551
170.0	-59.542
170.05	-59.533
170.1	-59.524
170.15	-59.515
170.2	-59.507
170.25	-59.499
170.3	-59.492
170.35	-59.485
170.4	-59.48
170.45	-59.475
170.5	-59.472
170.55	-59.47
170.6	-59.47
170.65	-59.471
170.7	-59.472
170.75	-59.476
170.8	-59.48
170.85	-59.485
170.9	-59.492
170.95	-59.499
171.0	-59.507
171.05	-59.515
171.1	-59.523
171.15	-59.531
171.2	-59.539
171.25	-59.545
171.3	-59.551
171.35	-59.556
171.4	-59.56
171.45	-59.563
171.5	-59.564
171.55	-59.564
171.6	-59.562
171.65	-59.559
171.7	-59.554
171.75	-59.548
171.8	-59.54
171.85	-59.53
171.9	-59.519
171.95	-59.506
172.0	-59.492
172.05	-59.477
172.1	-59.461
172.15	-59.443
172.2	-59.424
172.25	-59.405
172.3	-59.384
172.35	-59.363
172.4	-59.341
172.45	-59.318
172.5	-59.295
172.55	-59.272
172.6	-59.25
172.65	-59.227
172.7	-59.205
172.75	-59.182
172.8	-59.16
172.85	-59.138
172.9	-59.116
172.95	-59.094
173.0	-59.072
173.05	-59.05
173.1	-59.028
173.15	-59.006
173.2	-58.984
173.25	-58.961
173.3	-58.939
173.35	-58.916
173.4	-58.894
173.45	-58.873
173.5	-58.851
173.55	-58.831
173.6	-58.811
173.65	-58.792
173.7	-58.774
173.75	-58.756
173.8	-58.739
173.85	-58.722
173.9	-58.707
173.95	-58.691
174.0	-58.677
174.05	-58.663
174.1	-58.649
174.15	-58.635
174.2	-58.623
174.25	-58.609
174.3	-58.596
174.35	-58.582
174.4	-58.567
174.45	-58.552
174.5	-58.535
174.55	-58.518
174.6	-58.501
174.65	-58.483
174.7	-58.466
174.75	-58.449
174.8	-58.434
174.85	-58.419
174.9	-58.406
174.95	-58.394
175.0	-58.385
175.05	-58.379
175.1	-58.375
175.15	-58.375
175.2	-58.377
175.25	-58.382
175.3	-58.39
175.35	-58.402
175.4	-58.416
175.45	-58.434
175.5	-58.455
175.55	-58.479
175.6	-58.505
175.65	-58.534
175.7	-58.563
175.75	-58.593
175.8	-58.624
175.85	-58.655
175.9	-58.685
175.95	-58.715
176.0	-58.743
176.05	-58.769
176.1	-58.793
176.15	-58.815
176.2	-58.834
176.25	-58.85
176.3	-58.863
176.35	-58.874
176.4	-58.881
176.45	-58.885
176.5	-58.887
176.55	-58.885
176.6	-58.88
176.65	-58.871
176.7	-58.86
176.75	-58.845
176.8	-58.827
176.85	-58.805
176.9	-58.781
176.95	-58.753
177.0	-58.723
177.05	-58.69
177.1	-58.656
177.15	-58.619
177.2	-58.582
177.25	-58.544
177.3	-58.505
177.35	-58.467
177.4	-58.428
177.45	-58.391
177.5	-58.354
177.55	-58.319
177.6	-58.286
177.65	-58.255
177.7	-58.225
177.75	-58.197
177.8	-58.17
177.85	-58.145
177.9	-58.121
177.95	-58.098
178.0	-58.077
178.05	-58.057
178.1	-58.038
178.15	-58.019
178.2	-58.002
178.25	-57.986
178.3	-57.97
178.35	-57.954
178.4	-57.939
178.45	-57.924
178.5	-57.909
178.55	-57.894
178.6	-57.879
178.65	-57.865
178.7	-57.85
178.75	-57.835
178.8	-57.821
178.85	-57.806
178.9	-57.791
178.95	-57.777
179.0	-57.762
179.05	-57.747
179.1	-57.733
179.15	-57.718
179.2	-57.705
179.25	-57.691
179.3	-57.678
179.35	-57.666
179.4	-57.655
179.45	-57.645
179.5	-57.636
179.55	-57.628
179.6	-57.621
179.65	-57.616
179.7	-57.612
179.75	-57.61
179.8	-57.609
179.85	-57.61
179.9	-57.611
179.95	-57.614
180.0	-57.618
180.05	-57.623
180.1	-57.629
180.15	-57.636
180.2	-57.643
180.25	-57.651
180.3	-57.658
180.35	-57.665
180.4	-57.671
180.45	-57.678
180.5	-57.683
180.55	-57.688
180.6	-57.69
180.65	-57.693
180.7	-57.692
180.75	-57.692
180.8	-57.689
180.85	-57.685
180.9	-57.679
180.95	-57.671
181.0	-57.662
181.05	-57.651
181.1	-57.638
181.15	-57.623
181.2	-57.607
181.25	-57.59
181.3	-57.571
181.35	-57.551
181.4	-57.529
181.45	-57.506
181.5	-57.482
181.55	-57.458
181.6	-57.433
181.65	-57.408
181.7	-57.382
181.75	-57.357
181.8	-57.332
181.85	-57.306
181.9	-57.281
181.95	-57.256
182.0	-57.232
182.05	-57.208
182.1	-57.185
182.15	-57.162
182.2	-57.14
182.25	-57.118
182.3	-57.096
182.35	-57.074
182.4	-57.053
182.45	-57.032
182.5	-57.011
182.55	-56.991
182.6	-56.971
182.65	-56.951
182.7	-56.931
182.75	-56.911
182.8	-56.893
182.85	-56.874
182.9	-56.857
182.95	-56.84
183.0	-56.824
183.05	-56.809
183.1	-56.794
183.15	-56.781
183.2	-56.768
183.25	-56.756
183.3	-56.746
183.35	-56.735
183.4	-56.726
183.45	-56.717
183.5	-56.709
183.55	-56.702
183.6	-56.696
183.65	-56.691
183.7	-56.686
183.75	-56.682
183.8	-56.679
183.85	-56.677
183.9	-56.675
183.95	-56.675
184.0	-56.675
184.05	-56.677
184.1	-56.679
184.15	-56.682
184.2	-56.687
184.25	-56.692
184.3	-56.698
184.35	-56.705
184.4	-56.713
184.45	-56.722
184.5	-56.732
184.55	-56.742
184.6	-56.753
184.65	-56.764
184.7	-56.775
184.75	-56.787
184.8	-56.798
184.85	-56.809
184.9	-56.82
184.95	-56.83
185.0	-56.84
185.05	-56.849
185.1	-56.857
185.15	-56.865
185.2	-56.872
185.25	-56.878
185.3	-56.883
185.35	-56.886
185.4	-56.889
185.45	-56.89
185.5	-56.89
185.55	-56.889
185.6	-56.887
185.65	-56.884
185.7	-56.879
185.75	-56.874
185.8	-56.867
185.85	-56.859
185.9	-56.85
185.95	-56.841
186.0	-56.83
186.05	-56.819
186.1	-56.807
186.15	-56.795
186.2	-56.782
186.25	-56.769
186.3	-56.756
186.35	-56.743
186.4	-56.73
186.45	-56.717
186.5	-56.703
186.55	-56.69
186.6	-56.677
186.65	-56.663
186.7	-56.65
186.75	-56.637
186.8	-56.624
186.85	-56.611
186.9	-56.598
186.95	-56.585
187.0	-56.573
187.05	-56.56
187.1	-56.548
187.15	-56.535
187.2	-56.523
187.25	-56.511
187.3	-56.499
187.35	-56.488
187.4	-56.476
187.45	-56.465
187.5	-56.454
187.55	-56.443
187.6	-56.433
187.65	-56.424
187.7	-56.415
187.75	-56.406
187.8	-56.398
187.85	-56.39
187.9	-56.383
187.95	-56.376
188.0	-56.371
188.05	-56.366
188.1	-56.362
188.15	-56.359
188.2	-56.357
188.25	-56.356
188.3	-56.356
188.35	-56.357
188.4	-56.358
188.45	-56.362
188.5	-56.366
188.55	-56.372
188.6	-56.379
188.65	-56.387
188.7	-56.395
188.75	-56.405
188.8	-56.416
188.85	-56.428
188.9	-56.44
188.95	-56.453
189.0	-56.466
189.05	-56.48
189.1	-56.494
189.15	-56.507
189.2	-56.52
189.25	-56.532
189.3	-56.544
189.35	-56.554
189.4	-56.562
189.45	-56.57
189.5	-56.576
189.55	-56.58
189.6	-56.582
189.65	-56.583
189.7	-56.583
189.75	-56.581
189.8	-56.577
189.85	-56.571
189.9	-56.564
189.95	-56.555
190.0	-56.544
190.05	-56.532
190.1	-56.518
190.15	-56.503
190.2	-56.487
190.25	-56.469
190.3	-56.451
190.35	-56.431
190.4	-56.411
190.45	-56.39
190.5	-56.369
190.55	-56.346
190.6	-56.324
190.65	-56.302
190.7	-56.279
190.75	-56.256
190.8	-56.234
190.85	-56.211
190.9	-56.189
190.95	-56.167
191.0	-56.146
191.05	-56.125
191.1	-56.104
191.15	-56.084
191.2	-56.065
191.25	-56.046
191.3	-56.028
191.35	-56.01
191.4	-55.993
191.45	-55.978
191.5	-55.963
191.55	-55.949
191.6	-55.937
191.65	-55.926
191.7	-55.916
191.75	-55.908
191.8	-55.901
191.85	-55.895
191.9	-55.89
191.95	-55.887
192.0	-55.886
192.05	-55.886
192.1	-55.888
192.15	-55.891
192.2	-55.896
192.25	-55.902
192.3	-55.909
192.35	-55.917
192.4	-55.926
192.45	-55.935
192.5	-55.945
192.55	-55.956
192.6	-55.967
192.65	-55.978
192.7	-55.988
192.75	-55.998
192.8	-56.008
192.85	-56.016
192.9	-56.024
192.95	-56.03
193.0	-56.036
193.05	-56.04
193.1	-56.043
193.15	-56.045
193.2	-56.046
193.25	-56.045
193.3	-56.044
193.35	-56.041
193.4	-56.037
193.45	-56.032
193.5	-56.026
193.55	-56.019
193.6	-56.011
193.65	-56.002
193.7	-55.993
193.75	-55.982
193.8	-55.971
193.85	-55.958
193.9	-55.945
193.95	-55.931
194.0	-55.916
194.05	-55.9
194.1	-55.883
194.15	-55.864
194.2	-55.845
194.25	-55.824
194.3	-55.802
194.35	-55.778
194.4	-55.754
194.45	-55.728
194.5	-55.701
194.55	-55.673
194.6	-55.643
194.65	-55.611
194.7	-55.578
194.75	-55.543
194.8	-55.506
194.85	-55.467
194.9	-55.428
194.95	-55.386
195.0	-55.344
195.05	-55.301
195.1	-55.258
195.15	-55.215
195.2	-55.173
195.25	-55.133
195.3	-55.094
195.35	-55.057
195.4	-55.021
195.45	-54.988
195.5	-54.957
195.55	-54.929
195.6	-54.903
195.65	-54.879
195.7	-54.858
195.75	-54.838
195.8	-54.82
195.85	-54.803
195.9	-54.787
195.95	-54.772
196.0	-54.758
196.05	-54.746
196.1	-54.733
196.15	-54.72
196.2	-54.707
196.25	-54.694
196.3	-54.68
196.35	-54.665
196.4	-54.649
196.45	-54.632
196.5	-54.615
196.55	-54.596
196.6	-54.577
196.65	-54.558
196.7	-54.538
196.75	-54.518
196.8	-54.498
196.85	-54.478
196.9	-54.459
196.95	-54.44
197.0	-54.422
197.05	-54.404
197.1	-54.387
197.15	-54.371
197.2	-54.355
197.25	-54.339
197.3	-54.325
197.35	-54.311
197.4	-54.298
197.45	-54.287
197.5	-54.277
197.55	-54.267
197.6	-54.259
197.65	-54.253
197.7	-54.247
197.75	-54.243
197.8	-54.24
197.85	-54.238
197.9	-54.238
197.95	-54.239
198.0	-54.241
198.05	-54.244
198.1	-54.248
198.15	-54.253
198.2	-54.259
198.25	-54.265
198.3	-54.272
198.35	-54.278
198.4	-54.285
198.45	-54.29
198.5	-54.295
198.55	-54.3
198.6	-54.303
198.65	-54.304
198.7	-54.304
198.75	-54.303
198.8	-54.299
198.85	-54.294
198.9	-54.287
198.95	-54.277
199.0	-54.264
199.05	-54.25
199.1	-54.232
199.15	-54.212
199.2	-54.189
199.25	-54.163
199.3	-54.135
199.35	-54.104
199.4	-54.07
199.45	-54.034
199.5	-53.995
199.55	-53.953
199.6	-53.909
199.65	-53.864
199.7	-53.817
199.75	-53.769
199.8	-53.72
199.85	-53.671
199.9	-53.622
199.95	-53.573
200.0	-53.525
200.05	-53.478
200.1	-53.431
200.15	-53.387
200.2	-53.344
200.25	-53.304
200.3	-53.267
200.35	-53.231
200.4	-53.197
200.45	-53.166
200.5	-53.136
200.55	-53.109
200.6	-53.084
200.65	-53.061
200.7	-53.04
200.75	-53.021
200.8	-53.004
200.85	-52.988
200.9	-52.974
200.95	-52.962
201.0	-52.95
201.05	-52.939
201.1	-52.93
201.15	-52.92
201.2	-52.912
201.25	-52.903
201.3	-52.896
201.35	-52.887
201.4	-52.88
201.45	-52.871
201.5	-52.863
201.55	-52.854
201.6	-52.846
201.65	-52.837
201.7	-52.827
201.75	-52.817
201.8	-52.806
201.85	-52.795
201.9	-52.783
201.95	-52.771
202.0	-52.759
202.05	-52.746
202.1	-52.732
202.15	-52.718
202.2	-52.704
202.25	-52.689
202.3	-52.673
202.35	-52.656
202.4	-52.638
202.45	-52.619
202.5	-52.599
202.55	-52.577
202.6	-52.555
202.65	-52.531
202.7	-52.505
202.75	-52.478
202.8	-52.449
202.85	-52.417
202.9	-52.382
202.95	-52.345
203.0	-52.305
203.05	-52.261
203.1	-52.214
203.15	-52.163
203.2	-52.108
203.25	-52.049
203.3	-51.985
203.35	-51.917
203.4	-51.844
203.45	-51.766
203.5	-51.683
203.55	-51.595
203.6	-51.501
203.65	-51.401
203.7	-51.293
203.75	-51.179
203.8	-51.057
203.85	-50.928
203.9	-50.792
203.95	-50.648
204.0	-50.495
204.05	-50.332
204.1	-50.159
204.15	-49.979
204.2	-49.792
204.25	-49.598
204.3	-49.396
204.35	-49.184
204.4	-48.962
204.45	-48.729
204.5	-48.487
204.55	-48.235
204.6	-47.971
204.65	-47.693
204.7	-47.4
204.75	-47.092
204.8	-46.768
204.85	-46.423
204.9	-46.06
204.95	-45.687
205.0	-45.307
205.05	-44.906
205.1	-44.477
205.15	-44.022
205.2	-43.54
205.25	-43.03
205.3	-42.485
205.35	-41.9
205.4	-41.288
205.45	-40.649
205.5	-39.964
205.55	-39.215
205.6	-38.404
205.65	-37.559
205.7	-36.679
205.75	-35.739
205.8	-34.699
205.85	-33.537
205.9	-32.286
205.95	-30.995
206.0	-29.669
206.05	-28.328
206.1	-26.907
206.15	-25.325
206.2	-23.755
206.25	-22.265
206.3	-20.749
206.35	-19.215
206.4	-17.696
206.45	-16.21
206.5	-14.807
206.55	-13.452
206.6	-12.114
206.65	-10.823
206.7	-9.659
206.75	-8.581
206.8	-7.53
206.85	-6.54
206.9	-5.64
206.95	-4.821
207.0	-4.08
207.05	-3.395
207.1	-2.753
207.15	-2.161
207.2	-1.623
207.25	-1.132
207.3	-0.67
207.35	-0.226
207.4	0.2
207.45	0.61
207.5	0.998
207.55	1.369
207.6	1.728
207.65	2.072
207.7	2.4
207.75	2.71
207.8	3.004
207.85	3.286
207.9	3.556
207.95	3.811
208.0	4.051
208.05	4.28
208.1	4.501
208.15	4.713
208.2	4.916
208.25	5.113
208.3	5.304
208.35	5.489
208.4	5.668
208.45	5.839
208.5	6.004
208.55	6.162
208.6	6.315
208.65	6.462
208.7	6.601
208.75	6.733
208.8	6.855
208.85	6.97
208.9	7.076
208.95	7.175
209.0	7.267
209.05	7.353
209.1	7.435
209.15	7.513
209.2	7.586
209.25	7.655
209.3	7.719
209.35	7.779
209.4	7.837
209.45	7.892
209.5	7.944
209.55	7.994
209.6	8.042
209.65	8.088
209.7	8.133
209.75	8.176
209.8	8.218
209.85	8.258
209.9	8.297
209.95	8.335
210.0	8.371
210.05	8.407
210.1	8.442
210.15	8.475
210.2	8.508
210.25	8.539
210.3	8.57
210.35	8.6
210.4	8.629
210.45	8.657
210.5	8.684
210.55	8.71
210.6	8.735
210.65	8.759
210.7	8.782
210.75	8.803
210.8	8.823
210.85	8.841
210.9	8.857
210.95	8.871
211.0	8.883
211.05	8.892
211.1	8.899
211.15	8.904
211.2	8.906
211.25	8.906
211.3	8.903
211.35	8.898
211.4	8.891
211.45	8.881
211.5	8.868
211.55	8.853
211.6	8.835
211.65	8.815
211.7	8.792
211.75	8.768
211.8	8.742
211.85	8.714
211.9	8.685
211.95	8.654
212.0	8.623
212.05	8.591
212.1	8.559
212.15	8.526
212.2	8.493
212.25	8.46
212.3	8.428
212.35	8.397
212.4	8.366
212.45	8.336
212.5	8.307
212.55	8.279
212.6	8.252
212.65	8.226
212.7	8.201
212.75	8.178
212.8	8.156
212.85	8.135
212.9	8.115
212.95	8.096
213.0	8.079
213.05	8.061
213.1	8.045
213.15	8.029
213.2	8.014
213.25	7.999
213.3	7.984
213.35	7.969
213.4	7.953
213.45	7.937
213.5	7.921
213.55	7.904
213.6	7.885
213.65	7.866
213.7	7.846
213.75	7.825
213.8	7.802
213.85	7.778
213.9	7.754
213.95	7.728
214.0	7.7
214.05	7.672
214.1	7.642
214.15	7.61
214.2	7.578
214.25	7.544
214.3	7.51
214.35	7.474
214.4	7.438
214.45	7.402
214.5	7.365
214.55	7.328
214.6	7.291
214.65	7.253
214.7	7.216
214.75	7.179
214.8	7.142
214.85	7.105
214.9	7.068
214.95	7.031
215.0	6.993
215.05	6.955
215.1	6.917
215.15	6.879
215.2	6.841
215.25	6.803
215.3	6.764
215.35	6.726
215.4	6.687
215.45	6.647
215.5	6.605
215.55	6.563
215.6	6.519
215.65	6.474
215.7	6.427
215.75	6.38
215.8	6.331
215.85	6.281
215.9	6.231
215.95	6.179
216.0	6.125
216.05	6.071
216.1	6.015
216.15	5.958
216.2	5.901
216.25	5.841
216.3	5.781
216.35	5.719
216.4	5.657
216.45	5.595
216.5	5.534
216.55	5.473
216.6	5.414
216.65	5.354
216.7	5.296
216.75	5.238
216.8	5.182
216.85	5.128
216.9	5.075
216.95	5.023
217.0	4.972
217.05	4.923
217.1	4.875
217.15	4.83
217.2	4.785
217.25	4.742
217.3	4.7
217.35	4.659
217.4	4.618
217.45	4.579
217.5	4.541
217.55	4.504
217.6	4.467
217.65	4.43
217.7	4.393
217.75	4.356
217.8	4.318
217.85	4.28
217.9	4.241
217.95	4.2
218.0	4.157
218.05	4.113
218.1	4.068
218.15	4.021
218.2	3.972
218.25	3.923
218.3	3.872
218.35	3.82
218.4	3.767
218.45	3.713
218.5	3.658
218.55	3.603
218.6	3.547
218.65	3.49
218.7	3.433
218.75	3.376
218.8	3.319
218.85	3.261
218.9	3.202
218.95	3.142
219.0	3.082
219.05	3.022
219.1	2.963
219.15	2.904
219.2	2.844
219.25	2.784
219.3	2.724
219.35	2.664
219.4	2.603
219.45	2.542
219.5	2.481
219.55	2.419
219.6	2.356
219.65	2.291
219.7	2.225
219.75	2.156
219.8	2.086
219.85	2.013
219.9	1.939
219.95	1.861
220.0	1.781
220.05	1.699
220.1	1.616
220.15	1.532
220.2	1.447
220.25	1.361
220.3	1.275
220.35	1.189
220.4	1.102
220.45	1.014
220.5	0.925
220.55	0.834
220.6	0.741
220.65	0.647
220.7	0.551
220.75	0.455
220.8	0.358
220.85	0.26
220.9	0.161
220.95	0.062
221.0	-0.036
221.05	-0.135
221.1	-0.232
221.15	-0.328
221.2	-0.424
221.25	-0.52
221.3	-0.616
221.35	-0.711
221.4	-0.806
221.45	-0.9
221.5	-0.993
221.55	-1.085
221.6	-1.177
221.65	-1.266
221.7	-1.353
221.75	-1.438
221.8	-1.521
221.85	-1.6
221.9	-1.676
221.95	-1.75
222.0	-1.821
222.05	-1.89
222.1	-1.957
222.15	-2.021
222.2	-2.083
222.25	-2.143
222.3	-2.202
222.35	-2.262
222.4	-2.32
222.45	-2.379
222.5	-2.439
222.55	-2.499
222.6	-2.56
222.65	-2.623
222.7	-2.688
222.75	-2.754
222.8	-2.823
222.85	-2.894
222.9	-2.967
222.95	-3.044
223.0	-3.123
223.05	-3.206
223.1	-3.292
223.15	-3.379
223.2	-3.467
223.25	-3.557
223.3	-3.648
223.35	-3.74
223.4	-3.831
223.45	-3.924
223.5	-4.016
223.55	-4.106
223.6	-4.195
223.65	-4.28
223.7	-4.364
223.75	-4.446
223.8	-4.527
223.85	-4.605
223.9	-4.681
223.95	-4.755
224.0	-4.825
224.05	-4.891
224.1	-4.953
224.15	-5.011
224.2	-5.064
224.25	-5.113
224.3	-5.158
224.35	-5.2
224.4	-5.237
224.45	-5.271
224.5	-5.302
224.55	-5.331
224.6	-5.357
224.65	-5.381
224.7	-5.404
224.75	-5.426
224.8	-5.446
224.85	-5.467
224.9	-5.488
224.95	-5.509
225.0	-5.532
225.05	-5.556
225.1	-5.583
225.15	-5.611
225.2	-5.642
225.25	-5.675
225.3	-5.712
225.35	-5.752
225.4	-5.795
225.45	-5.84
225.5	-5.888
225.55	-5.938
225.6	-5.989
225.65	-6.042
225.7	-6.097
225.75	-6.153
225.8	-6.21
225.85	-6.268
225.9	-6.326
225.95	-6.384
226.0	-6.441
226.05	-6.498
226.1	-6.552
226.15	-6.604
226.2	-6.654
226.25	-6.702
226.3	-6.747
226.35	-6.79
226.4	-6.83
226.45	-6.867
226.5	-6.901
226.55	-6.933
226.6	-6.964
226.65	-6.995
226.7	-7.025
226.75	-7.055
226.8	-7.085
226.85	-7.117
226.9	-7.15
226.95	-7.184
227.0	-7.22
227.05	-7.258
227.1	-7.297
227.15	-7.337
227.2	-7.379
227.25	-7.424
227.3	-7.469
227.35	-7.516
227.4	-7.564
227.45	-7.613
227.5	-7.663
227.55	-7.714
227.6	-7.766
227.65	-7.82
227.7	-7.875
227.75	-7.932
227.8	-7.989
227.85	-8.048
227.9	-8.107
227.95	-8.167
228.0	-8.227
228.05	-8.288
228.1	-8.349
228.15	-8.409
228.2	-8.47
228.25	-8.529
228.3	-8.589
228.35	-8.649
228.4	-8.709
228.45	-8.768
228.5	-8.827
228.55	-8.887
228.6	-8.946
228.65	-9.005
228.7	-9.064
228.75	-9.124
228.8	-9.185
228.85	-9.247
228.9	-9.311
228.95	-9.375
229.0	-9.441
229.05	-9.509
229.1	-9.577
229.15	-9.646
229.2	-9.717
229.25	-9.788
229.3	-9.861
229.35	-9.935
229.4	-10.01
229.45	-10.087
229.5	-10.165
229.55	-10.246
229.6	-10.33
229.65	-10.415
229.7	-10.501
229.75	-10.589
229.8	-10.678
229.85	-10.769
229.9	-10.863
229.95	-10.957
230.0	-11.053
230.05	-11.15
230.1	-11.246
230.15	-11.341
230.2	-11.435
230.25	-11.53
230.3	-11.626
230.35	-11.721
230.4	-11.815
230.45	-11.906
230.5	-11.997
230.55	-12.085
230.6	-12.172
230.65	-12.257
230.7	-12.342
230.75	-12.425
230.8	-12.507
230.85	-12.586
230.9	-12.662
230.95	-12.735
231.0	-12.805
231.05	-12.872
231.1	-12.936
231.15	-12.997
231.2	-13.055
231.25	-13.11
231.3	-13.164
231.35	-13.215
231.4	-13.265
231.45	-13.314
231.5	-13.363
231.55	-13.41
231.6	-13.458
231.65	-13.505
231.7	-13.552
231.75	-13.599
231.8	-13.646
231.85	-13.694
231.9	-13.743
231.95	-13.792
232.0	-13.843
232.05	-13.895
232.1	-13.948
232.15	-14.002
232.2	-14.058
232.25	-14.115
232.3	-14.174
232.35	-14.234
232.4	-14.294
232.45	-14.355
232.5	-14.416
232.55	-14.477
232.6	-14.541
232.65	-14.605
232.7	-14.67
232.75	-14.736
232.8	-14.801
232.85	-14.866
232.9	-14.93
232.95	-14.994
233.0	-15.058
233.05	-15.121
233.1	-15.184
233.15	-15.245
233.2	-15.307
233.25	-15.368
233.3	-15.43
233.35	-15.493
233.4	-15.556
233.45	-15.621
233.5	-15.687
233.55	-15.755
233.6	-15.825
233.65	-15.896
233.7	-15.969
233.75	-16.043
233.8	-16.118
233.85	-16.194
233.9	-16.272
233.95	-16.353
234.0	-16.435
234.05	-16.518
234.1	-16.603
234.15	-16.688
234.2	-16.774
234.25	-16.86
234.3	-16.948
234.35	-17.038
234.4	-17.129
234.45	-17.221
234.5	-17.314
234.55	-17.407
234.6	-17.498
234.65	-17.587
234.7	-17.673
234.75	-17.757
234.8	-17.839
234.85	-17.92
234.9	-18.0
234.95	-18.078
235.0	-18.155
235.05	-18.232
235.1	-18.307
235.15	-18.381
235.2	-18.455
235.25	-18.528
235.3	-18.601
235.35	-18.672
235.4	-18.743
235.45	-18.812
235.5	-18.88
235.55	-18.947
235.6	-19.013
235.65	-19.078
235.7	-19.142
235.75	-19.203
235.8	-19.263
235.85	-19.321
235.9	-19.379
235.95	-19.435
236.0	-19.492
236.05	-19.549
236.1	-19.606
236.15	-19.663
236.2	-19.72
236.25	-19.777
236.3	-19.833
236.35	-19.889
236.4	-19.945
236.45	-20.001
236.5	-20.056
236.55	-20.112
236.6	-20.169
236.65	-20.225
236.7	-20.281
236.75	-20.337
236.8	-20.391
236.85	-20.445
236.9	-20.498
236.95	-20.55
237.0	-20.602
237.05	-20.654
237.1	-20.706
237.15	-20.757
237.2	-20.808
237.25	-20.859
237.3	-20.91
237.35	-20.961
237.4	-21.014
237.45	-21.066
237.5	-21.12
237.55	-21.175
237.6	-21.23
237.65	-21.287
237.7	-21.344
237.75	-21.403
237.8	-21.462
237.85	-21.523
237.9	-21.584
237.95	-21.647
238.0	-21.712
238.05	-21.779
238.1	-21.849
238.15	-21.92
238.2	-21.993
238.25	-22.067
238.3	-22.143
238.35	-22.221
238.4	-22.301
238.45	-22.382
238.5	-22.464
238.55	-22.547
238.6	-22.632
238.65	-22.719
238.7	-22.806
238.75	-22.894
238.8	-22.982
238.85	-23.072
238.9	-23.163
238.95	-23.256
239.0	-23.351
239.05	-23.446
239.1	-23.541
239.15	-23.636
239.2	-23.731
239.25	-23.825
239.3	-23.918
239.35	-24.01
239.4	-24.102
239.45	-24.194
239.5	-24.284
239.55	-24.374
239.6	-24.463
239.65	-24.551
239.7	-24.638
239.75	-24.723
239.8	-24.807
239.85	-24.89
239.9	-24.971
239.95	-25.051
240.0	-25.129
240.05	-25.207
240.1	-25.283
240.15	-25.357
240.2	-25.43
240.25	-25.502
240.3	-25.573
240.35	-25.643
240.4	-25.713
240.45	-25.781
240.5	-25.85
240.55	-25.919
240.6	-25.99
240.65	-26.061
240.7	-26.134
240.75	-26.208
240.8	-26.284
240.85	-26.36
240.9	-26.438
240.95	-26.516
241.0	-26.596
241.05	-26.677
241.1	-26.759
241.15	-26.841
241.2	-26.926
241.25	-27.012
241.3	-27.099
241.35	-27.188
241.4	-27.278
241.45	-27.369
241.5	-27.459
241.55	-27.55
241.6	-27.64
241.65	-27.733
241.7	-27.826
241.75	-27.921
241.8	-28.016
241.85	-28.111
241.9	-28.207
241.95	-28.302
242.0	-28.399
242.05	-28.497
242.1	-28.598
242.15	-28.7
242.2	-28.805
242.25	-28.911
242.3	-29.018
242.35	-29.127
242.4	-29.237
242.45	-29.349
242.5	-29.462
242.55	-29.576
242.6	-29.69
242.65	-29.802
242.7	-29.913
242.75	-30.024
242.8	-30.133
242.85	-30.241
242.9	-30.348
242.95	-30.455
243.0	-30.562
243.05	-30.668
243.1	-30.774
243.15	-30.88
243.2	-30.986
243.25	-31.091
243.3	-31.198
243.35	-31.304
243.4	-31.411
243.45	-31.519
243.5	-31.628
243.55	-31.737
243.6	-31.845
243.65	-31.951
243.7	-32.056
243.75	-32.158
243.8	-32.258
243.85	-32.355
243.9	-32.449
243.95	-32.54
244.0	-32.629
244.05	-32.716
244.1	-32.801
244.15	-32.885
244.2	-32.967
244.25	-33.048
244.3	-33.128
244.35	-33.207
244.4	-33.284
244.45	-33.36
244.5	-33.433
244.55	-33.504
244.6	-33.574
244.65	-33.643
244.7	-33.709
244.75	-33.775
244.8	-33.839
244.85	-33.902
244.9	-33.965
244.95	-34.028
245.0	-34.091
245.05	-34.156
245.1	-34.221
245.15	-34.287
245.2	-34.355
245.25	-34.424
245.3	-34.495
245.35	-34.567
245.4	-34.64
245.45	-34.715
245.5	-34.791
245.55	-34.87
245.6	-34.951
245.65	-35.035
245.7	-35.12
245.75	-35.207
245.8	-35.295
245.85	-35.384
245.9	-35.473
245.95	-35.564
246.0	-35.655
246.05	-35.748
246.1	-35.842
246.15	-35.937
246.2	-36.032
246.25	-36.128
246.3	-36.224
246.35	-36.32
246.4	-36.417
246.45	-36.513
246.5	-36.609
246.55	-36.707
246.6	-36.805
246.65	-36.903
246.7	-37.0
246.75	-37.096
246.8	-37.191
246.85	-37.286
246.9	-37.382
246.95	-37.478
247.0	-37.575
247.05	-37.672
247.1	-37.769
247.15	-37.868
247.2	-37.967
247.25	-38.068
247.3	-38.17
247.35	-38.273
247.4	-38.376
247.45	-38.478
247.5	-38.58
247.55	-38.682
247.6	-38.786
247.65	-38.891
247.7	-38.998
247.75	-39.104
247.8	-39.212
247.85	-39.321
247.9	-39.433
247.95	-39.548
248.0	-39.665
248.05	-39.784
248.1	-39.904
248.15	-40.024
248.2	-40.144
248.25	-40.261
248.3	-40.377
248.35	-40.49
248.4	-40.601
248.45	-40.709
248.5	-40.815
248.55	-40.919
248.6	-41.021
248.65	-41.12
248.7	-41.218
248.75	-41.315
248.8	-41.41
248.85	-41.504
248.9	-41.597
248.95	-41.69
249.0	-41.782
249.05	-41.873
249.1	-41.961
249.15	-42.047
249.2	-42.132
249.25	-42.215
249.3	-42.297
249.35	-42.376
249.4	-42.453
249.45	-42.528
249.5	-42.602
249.55	-42.675
249.6	-42.747
249.65	-42.818
249.7	-42.887
249.75	-42.956
249.8	-43.024
249.85	-43.092
249.9	-43.16
249.95	-43.228
250.0	-43.295
250.05	-43.361
250.1	-43.427
250.15	-43.494
250.2	-43.56
250.25	-43.627
250.3	-43.695
250.35	-43.762
250.4	-43.83
250.45	-43.898
250.5	-43.966
250.55	-44.035
250.6	-44.104
250.65	-44.175
250.7	-44.247
250.75	-44.319
250.8	-44.393
250.85	-44.467
250.9	-44.542
250.95	-44.617
251.0	-44.693
251.05	-44.77
251.1	-44.848
251.15	-44.927
251.2	-45.006
251.25	-45.086
251.3	-45.166
251.35	-45.247
251.4	-45.329
251.45	-45.413
251.5	-45.497
251.55	-45.582
251.6	-45.668
251.65	-45.756
251.7	-45.846
251.75	-45.935
251.8	-46.025
251.85	-46.115
251.9	-46.206
251.95	-46.299
252.0	-46.393
252.05	-46.487
252.1	-46.584
252.15	-46.683
252.2	-46.783
252.25	-46.884
252.3	-46.988
252.35	-47.094
252.4	-47.203
252.45	-47.313
252.5	-47.423
252.55	-47.532
252.6	-47.642
252.65	-47.75
252.7	-47.856
252.75	-47.958
252.8	-48.057
252.85	-48.152
252.9	-48.243
252.95	-48.333
253.0	-48.419
253.05	-48.5
253.1	-48.577
253.15	-48.649
253.2	-48.718
253.25	-48.783
253.3	-48.844
253.35	-48.901
253.4	-48.955
253.45	-49.006
253.5	-49.055
253.55	-49.102
253.6	-49.147
253.65	-49.19
253.7	-49.232
253.75	-49.273
253.8	-49.313
253.85	-49.352
253.9	-49.391
253.95	-49.429
254.0	-49.468
254.05	-49.508
254.1	-49.549
254.15	-49.592
254.2	-49.636
254.25	-49.683
254.3	-49.731
254.35	-49.782
254.4	-49.834
254.45	-49.888
254.5	-49.943
254.55	-50.001
254.6	-50.06
254.65	-50.121
254.7	-50.183
254.75	-50.245
254.8	-50.308
254.85	-50.372
254.9	-50.436
254.95	-50.5
255.0	-50.565
255.05	-50.629
255.1	-50.693
255.15	-50.757
255.2	-50.821
255.25	-50.885
255.3	-50.948
255.35	-51.011
255.4	-51.073
255.45	-51.133
255.5	-51.193
255.55	-51.252
255.6	-51.309
255.65	-51.367
255.7	-51.424
255.75	-51.48
255.8	-51.537
255.85	-51.593
255.9	-51.65
255.95	-51.708
256.0	-51.768
256.05	-51.829
256.1	-51.891
256.15	-51.955
256.2	-52.021
256.25	-52.089
256.3	-52.158
256.35	-52.229
256.4	-52.302
256.45	-52.377
256.5	-52.453
256.55	-52.532
256.6	-52.612
256.65	-52.695
256.7	-52.779
256.75	-52.863
256.8	-52.948
256.85	-53.034
256.9	-53.119
256.95	-53.204
257.0	-53.288
257.05	-53.372
257.1	-53.456
257.15	-53.538
257.2	-53.618
257.25	-53.696
257.3	-53.771
257.35	-53.844
257.4	-53.913
257.45	-53.98
257.5	-54.044
257.55	-54.106
257.6	-54.166
257.65	-54.223
257.7	-54.279
257.75	-54.334
257.8	-54.386
257.85	-54.437
257.9	-54.487
257.95	-54.536
258.0	-54.583
258.05	-54.629
258.1	-54.674
258.15	-54.719
258.2	-54.762
258.25	-54.805
258.3	-54.847
258.35	-54.889
258.4	-54.93
258.45	-54.971
258.5	-55.012
258.55	-55.052
258.6	-55.094
258.65	-55.137
258.7	-55.18
258.75	-55.225
258.8	-55.271
258.85	-55.319
258.9	-55.369
258.95	-55.421
259.0	-55.474
259.05	-55.529
259.1	-55.586
259.15	-55.645
259.2	-55.707
259.25	-55.771
259.3	-55.836
259.35	-55.902
259.4	-55.968
259.45	-56.033
259.5	-56.098
259.55	-56.161
259.6	-56.223
259.65	-56.284
259.7	-56.343
259.75	-56.401
259.8	-56.458
259.85	-56.516
259.9	-56.573
259.95	-56.629
260.0	-56.685
260.05	-56.739
260.1	-56.791
260.15	-56.842
260.2	-56.891
260.25	-56.939
260.3	-56.986
260.35	-57.032
260.4	-57.077
260.45	-57.121
260.5	-57.164
260.55	-57.206
260.6	-57.248
260.65	-57.291
260.7	-57.334
260.75	-57.378
260.8	-57.422
260.85	-57.467
260.9	-57.513
260.95	-57.562
261.0	-57.612
261.05	-57.665
261.1	-57.721
261.15	-57.779
261.2	-57.839
261.25	-57.901
261.3	-57.963
261.35	-58.026
261.4	-58.088
261.45	-58.15
261.5	-58.211
261.55	-58.272
261.6	-58.331
261.65	-58.389
261.7	-58.444
261.75	-58.498
261.8	-58.549
261.85	-58.598
261.9	-58.645
261.95	-58.689
262.0	-58.73
262.05	-58.77
262.1	-58.807
262.15	-58.842
262.2	-58.875
262.25	-58.906
262.3	-58.935
262.35	-58.963
262.4	-58.989
262.45	-59.014
262.5	-59.038
262.55	-59.061
262.6	-59.084
262.65	-59.106
262.7	-59.127
262.75	-59.148
262.8	-59.169
262.85	-59.19
262.9	-59.211
262.95	-59.233
263.0	-59.255
263.05	-59.279
263.1	-59.304
263.15	-59.33
263.2	-59.358
263.25	-59.387
263.3	-59.417
263.35	-59.449
263.4	-59.482
263.45	-59.516
263.5	-59.552
263.55	-59.588
263.6	-59.626
263.65	-59.664
263.7	-59.703
263.75	-59.743
263.8	-59.782
263.85	-59.822
263.9	-59.863
263.95	-59.903
264.0	-59.944
264.05	-59.985
264.1	-60.026
264.15	-60.067
264.2	-60.109
264.25	-60.151
264.3	-60.193
264.35	-60.235
264.4	-60.277
264.45	-60.319
264.5	-60.361
264.55	-60.402
264.6	-60.443
264.65	-60.483
264.7	-60.523
264.75	-60.561
264.8	-60.599
264.85	-60.636
264.9	-60.672
264.95	-60.707
265.0	-60.743
265.05	-60.777
265.1	-60.811
265.15	-60.845
265.2	-60.879
265.25	-60.913
265.3	-60.948
265.35	-60.982
265.4	-61.017
265.45	-61.053
265.5	-61.089
265.55	-61.125
265.6	-61.162
265.65	-61.201
265.7	-61.24
265.75	-61.28
265.8	-61.322
265.85	-61.366
265.9	-61.412
265.95	-61.46
266.0	-61.51
266.05	-61.561
266.1	-61.615
266.15	-61.669
266.2	-61.725
266.25	-61.779
266.3	-61.833
266.35	-61.886
266.4	-61.937
266.45	-61.986
266.5	-62.034
266.55	-62.08
266.6	-62.124
266.65	-62.166
266.7	-62.205
266.75	-62.241
266.8	-62.276
266.85	-62.308
266.9	-62.339
266.95	-62.368
267.0	-62.395
267.05	-62.42
267.1	-62.443
267.15	-62.464
267.2	-62.484
267.25	-62.502
267.3	-62.519
267.35	-62.535
267.4	-62.55
267.45	-62.564
267.5	-62.577
267.55	-62.59
267.6	-62.602
267.65	-62.614
267.7	-62.626
267.75	-62.638
267.8	-62.65
267.85	-62.663
267.9	-62.675
267.95	-62.688
268.0	-62.701
268.05	-62.715
268.1	-62.729
268.15	-62.743
268.2	-62.758
268.25	-62.773
268.3	-62.789
268.35	-62.806
268.4	-62.823
268.45	-62.841
268.5	-62.86
268.55	-62.879
268.6	-62.9
268.65	-62.921
268.7	-62.944
268.75	-62.967
268.8	-62.992
268.85	-63.017
268.9	-63.043
268.95	-63.07
269.0	-63.098
269.05	-63.125
269.1	-63.153
269.15	-63.181
269.2	-63.208
269.25	-63.235
269.3	-63.261
269.35	-63.287
269.4	-63.311
269.45	-63.335
269.5	-63.359
269.55	-63.381
269.6	-63.403
269.65	-63.424
269.7	-63.444
269.75	-63.464
269.8	-63.483
269.85	-63.502
269.9	-63.52
269.95	-63.539
270.0	-63.557
270.05	-63.576
270.1	-63.595
270.15	-63.615
270.2	-63.635
270.25	-63.657
270.3	-63.679
270.35	-63.703
270.4	-63.729
270.45	-63.756
270.5	-63.784
270.55	-63.814
270.6	-63.845
270.65	-63.878
270.7	-63.912
270.75	-63.947
270.8	-63.982
270.85	-64.016
270.9	-64.05
270.95	-64.082
271.0	-64.113
271.05	-64.142
271.1	-64.169
271.15	-64.194
271.2	-64.217
271.25	-64.238
271.3	-64.257
271.35	-64.273
271.4	-64.288
271.45	-64.3
271.5	-64.31
271.55	-64.319
271.6	-64.325
271.65	-64.33
271.7	-64.333
271.75	-64.334
271.8	-64.334
271.85	-64.332
271.9	-64.33
271.95	-64.326
272.0	-64.322
272.05	-64.318
272.1	-64.313
272.15	-64.309
272.2	-64.305
272.25	-64.301
272.3	-64.299
272.35	-64.297
272.4	-64.297
272.45	-64.297
272.5	-64.298
272.55	-64.3
272.6	-64.304
272.65	-64.308
272.7	-64.314
272.75	-64.32
272.8	-64.327
272.85	-64.335
272.9	-64.344
272.95	-64.354
273.0	-64.364
273.05	-64.374
273.1	-64.385
273.15	-64.395
273.2	-64.406
273.25	-64.416
273.3	-64.427
273.35	-64.437
273.4	-64.447
273.45	-64.458
273.5	-64.468
273.55	-64.479
273.6	-64.489
273.65	-64.5
273.7	-64.511
273.75	-64.522
273.8	-64.534
273.85	-64.545
273.9	-64.558
273.95	-64.57
274.0	-64.583
274.05	-64.597
274.1	-64.611
274.15	-64.626
274.2	-64.641
274.25	-64.658
274.3	-64.675
274.35	-64.693
274.4	-64.712
274.45	-64.731
274.5	-64.752
274.55	-64.773
274.6	-64.796
274.65	-64.819
274.7	-64.844
274.75	-64.87
274.8	-64.897
274.85	-64.925
274.9	-64.954
274.95	-64.984
275.0	-65.015
275.05	-65.047
275.1	-65.08
275.15	-65.114
275.2	-65.149
275.25	-65.184
275.3	-65.22
275.35	-65.256
275.4	-65.291
275.45	-65.326
275.5	-65.36
275.55	-65.392
275.6	-65.424
275.65	-65.454
275.7	-65.483
275.75	-65.511
275.8	-65.537
275.85	-65.562
275.9	-65.585
275.95	-65.606
276.0	-65.625
276.05	-65.641
276.1	-65.656
276.15	-65.668
276.2	-65.678
276.25	-65.686
276.3	-65.692
276.35	-65.696
276.4	-65.698
276.45	-65.698
276.5	-65.696
276.55	-65.692
276.6	-65.687
276.65	-65.679
276.7	-65.669
276.75	-65.658
276.8	-65.646
276.85	-65.632
276.9	-65.616
276.95	-65.599
277.0	-65.581
277.05	-65.562
277.1	-65.542
277.15	-65.521
277.2	-65.5
277.25	-65.479
277.3	-65.457
277.35	-65.436
277.4	-65.414
277.45	-65.393
277.5	-65.372
277.55	-65.353
277.6	-65.334
277.65	-65.317
277.7	-65.301
277.75	-65.287
277.8	-65.274
277.85	-65.264
277.9	-65.254
277.95	-65.246
278.0	-65.239
278.05	-65.234
278.1	-65.23
278.15	-65.227
278.2	-65.224
278.25	-65.223
278.3	-65.223
278.35	-65.223
278.4	-65.223
278.45	-65.224
278.5	-65.225
278.55	-65.227
278.6	-65.228
278.65	-65.23
278.7	-65.232
278.75	-65.234
278.8	-65.236
278.85	-65.238
278.9	-65.241
278.95	-65.243
279.0	-65.247
279.05	-65.25
279.1	-65.254
279.15	-65.258
279.2	-65.264
279.25	-65.27
279.3	-65.277
279.35	-65.284
279.4	-65.292
279.45	-65.301
279.5	-65.311
279.55	-65.322
279.6	-65.334
279.65	-65.347
279.7	-65.361
279.75	-65.375
279.8	-65.39
279.85	-65.405
279.9	-65.42
279.95	-65.435
280.0	-65.45
280.05	-65.465
280.1	-65.479
280.15	-65.492
280.2	-65.505
280.25	-65.516
280.3	-65.527
280.35	-65.536
280.4	-65.544
280.45	-65.55
280.5	-65.555
280.55	-65.558
280.6	-65.56
280.65	-65.561
280.7	-65.559
280.75	-65.556
280.8	-65.552
280.85	-65.546
280.9	-65.539
280.95	-65.53
281.0	-65.52
281.05	-65.509
281.1	-65.497
281.15	-65.483
281.2	-65.469
281.25	-65.455
281.3	-65.441
281.35	-65.427
281.4	-65.413
281.45	-65.399
281.5	-65.387
281.55	-65.375
281.6	-65.365
281.65	-65.355
281.7	-65.346
281.75	-65.338
281.8	-65.331
281.85	-65.325
281.9	-65.319
281.95	-65.314
282.0	-65.309
282.05	-65.303
282.1	-65.298
282.15	-65.293
282.2	-65.287
282.25	-65.28
282.3	-65.273
282.35	-65.266
282.4	-65.258
282.45	-65.249
282.5	-65.24
282.55	-65.23
282.6	-65.22
282.65	-65.21
282.7	-65.2
282.75	-65.19
282.8	-65.18
282.85	-65.171
282.9	-65.163
282.95	-65.156
283.0	-65.15
283.05	-65.146
283.1	-65.143
283.15	-65.142
283.2	-65.142
283.25	-65.144
283.3	-65.147
283.35	-65.153
283.4	-65.16
283.45	-65.169
283.5	-65.179
283.55	-65.192
283.6	-65.206
283.65	-65.221
283.7	-65.238
283.75	-65.256
283.8	-65.275
283.85	-65.296
283.9	-65.317
283.95	-65.339
284.0	-65.363
284.05	-65.386
284.1	-65.411
284.15	-65.436
284.2	-65.461
284.25	-65.486
284.3	-65.511
284.35	-65.536
284.4	-65.559
284.45	-65.582
284.5	-65.603
284.55	-65.623
284.6	-65.641
284.65	-65.657
284.7	-65.672
284.75	-65.685
284.8	-65.697
284.85	-65.706
284.9	-65.715
284.95	-65.722
285.0	-65.727
285.05	-65.73
285.1	-65.733
285.15	-65.733
285.2	-65.733
285.25	-65.732
285.3	-65.73
285.35	-65.727
285.4	-65.723
285.45	-65.719
285.5	-65.713
285.55	-65.707
285.6	-65.701
285.65	-65.693
285.7	-65.686
285.75	-65.678
285.8	-65.67
285.85	-65.662
285.9	-65.653
285.95	-65.645
286.0	-65.636
286.05	-65.627
286.1	-65.618
286.15	-65.609
286.2	-65.6
286.25	-65.591
286.3	-65.581
286.35	-65.572
286.4	-65.562
286.45	-65.552
286.5	-65.542
286.55	-65.531
286.6	-65.52
286.65	-65.508
286.7	-65.496
286.75	-65.484
286.8	-65.471
286.85	-65.458
286.9	-65.445
286.95	-65.432
287.0	-65.419
287.05	-65.406
287.1	-65.394
287.15	-65.382
287.2	-65.37
287.25	-65.359
287.3	-65.349
287.35	-65.339
287.4	-65.331
287.45	-65.324
287.5	-65.317
287.55	-65.312
287.6	-65.308
287.65	-65.305
287.7	-65.304
287.75	-65.304
287.8	-65.306
287.85	-65.308
287.9	-65.312
287.95	-65.317
288.0	-65.323
288.05	-65.331
288.1	-65.339
288.15	-65.349
288.2	-65.36
288.25	-65.373
288.3	-65.386
288.35	-65.401
288.4	-65.417
288.45	-65.434
288.5	-65.452
288.55	-65.471
288.6	-65.49
288.65	-65.511
288.7	-65.532
288.75	-65.553
288.8	-65.576
288.85	-65.599
288.9	-65.622
288.95	-65.645
289.0	-65.669
289.05	-65.692
289.1	-65.714
289.15	-65.736
289.2	-65.758
289.25	-65.779
289.3	-65.799
289.35	-65.819
289.4	-65.839
289.45	-65.857
289.5	-65.874
289.55	-65.889
289.6	-65.903
289.65	-65.915
289.7	-65.925
289.75	-65.933
289.8	-65.938
289.85	-65.941
289.9	-65.942
289.95	-65.94
290.0	-65.935
290.05	-65.928
290.1	-65.918
290.15	-65.906
290.2	-65.891
290.25	-65.873
290.3	-65.854
290.35	-65.832
290.4	-65.809
290.45	-65.785
290.5	-65.76
290.55	-65.735
290.6	-65.71
290.65	-65.685
290.7	-65.661
290.75	-65.638
290.8	-65.615
290.85	-65.593
290.9	-65.572
290.95	-65.552
291.0	-65.534
291.05	-65.516
291.1	-65.5
291.15	-65.485
291.2	-65.471
291.25	-65.458
291.3	-65.447
291.35	-65.436
291.4	-65.427
291.45	-65.419
291.5	-65.411
291.55	-65.405
291.6	-65.4
291.65	-65.396
291.7	-65.393
291.75	-65.391
291.8	-65.39
291.85	-65.391
291.9	-65.393
291.95	-65.397
292.0	-65.402
292.05	-65.409
292.1	-65.418
292.15	-65.429
292.2	-65.441
292.25	-65.455
292.3	-65.471
292.35	-65.489
292.4	-65.509
292.45	-65.531
292.5	-65.554
292.55	-65.579
292.6	-65.606
292.65	-65.633
292.7	-65.661
292.75	-65.69
292.8	-65.718
292.85	-65.746
292.9	-65.773
292.95	-65.8
293.0	-65.825
293.05	-65.848
293.1	-65.87
293.15	-65.89
293.2	-65.908
293.25	-65.924
293.3	-65.938
293.35	-65.95
293.4	-65.96
293.45	-65.968
293.5	-65.974
293.55	-65.977
