293.6	-65.978
293.65	-65.978
293.7	-65.975
293.75	-65.97
293.8	-65.963
293.85	-65.953
293.9	-65.942
293.95	-65.928
294.0	-65.912
294.05	-65.895
294.1	-65.875
294.15	-65.853
294.2	-65.829
294.25	-65.803
294.3	-65.776
294.35	-65.748
294.4	-65.718
294.45	-65.686
294.5	-65.654
294.55	-65.62
294.6	-65.585
294.65	-65.549
294.7	-65.512
294.75	-65.475
294.8	-65.437
294.85	-65.399
294.9	-65.361
294.95	-65.324
295.0	-65.287
295.05	-65.251
295.1	-65.217
295.15	-65.184
295.2	-65.153
295.25	-65.124
295.3	-65.096
295.35	-65.07
295.4	-65.046
295.45	-65.023
295.5	-65.0
295.55	-64.979
295.6	-64.96
295.65	-64.941
295.7	-64.923
295.75	-64.906
295.8	-64.889
295.85	-64.873
295.9	-64.858
295.95	-64.843
296.0	-64.829
296.05	-64.815
296.1	-64.802
296.15	-64.789
296.2	-64.776
296.25	-64.764
296.3	-64.753
296.35	-64.742
296.4	-64.732
296.45	-64.723
296.5	-64.715
296.55	-64.707
296.6	-64.701
296.65	-64.695
296.7	-64.69
296.75	-64.686
296.8	-64.683
296.85	-64.681
296.9	-64.679
296.95	-64.678
297.0	-64.678
297.05	-64.678
297.1	-64.68
297.15	-64.682
297.2	-64.685
297.25	-64.689
297.3	-64.694
297.35	-64.699
297.4	-64.706
297.45	-64.714
297.5	-64.722
297.55	-64.732
297.6	-64.743
297.65	-64.755
297.7	-64.768
297.75	-64.782
297.8	-64.798
297.85	-64.814
297.9	-64.832
297.95	-64.85
298.0	-64.868
298.05	-64.887
298.1	-64.905
298.15	-64.923
298.2	-64.939
298.25	-64.955
298.3	-64.969
298.35	-64.982
298.4	-64.993
298.45	-65.003
298.5	-65.011
298.55	-65.017
298.6	-65.021
298.65	-65.024
298.7	-65.024
298.75	-65.023
298.8	-65.019
298.85	-65.014
298.9	-65.006
298.95	-64.997
299.0	-64.986
299.05	-64.973
299.1	-64.958
299.15	-64.942
299.2	-64.925
299.25	-64.906
299.3	-64.887
299.35	-64.868
299.4	-64.847
299.45	-64.827
299.5	-64.806
299.55	-64.786
299.6	-64.765
299.65	-64.745
299.7	-64.725
299.75	-64.706
299.8	-64.688
299.85	-64.67
299.9	-64.652
299.95	-64.635
300.0	-64.619
300.05	-64.603
300.1	-64.588
300.15	-64.573
300.2	-64.559
300.25	-64.545
300.3	-64.532
300.35	-64.519
300.4	-64.506
300.45	-64.494
300.5	-64.482
300.55	-64.47
300.6	-64.459
300.65	-64.449
300.7	-64.438
300.75	-64.429
300.8	-64.42
300.85	-64.411
300.9	-64.403
300.95	-64.396
301.0	-64.389
301.05	-64.383
301.1	-64.377
301.15	-64.372
301.2	-64.367
301.25	-64.363
301.3	-64.359
301.35	-64.356
301.4	-64.353
301.45	-64.351
301.5	-64.349
301.55	-64.347
301.6	-64.345
301.65	-64.344
301.7	-64.342
301.75	-64.342
301.8	-64.341
301.85	-64.34
301.9	-64.34
301.95	-64.34
302.0	-64.34
302.05	-64.341
302.1	-64.342
302.15	-64.344
302.2	-64.345
302.25	-64.347
302.3	-64.348
302.35	-64.35
302.4	-64.352
302.45	-64.354
302.5	-64.355
302.55	-64.356
302.6	-64.357
302.65	-64.357
302.7	-64.357
302.75	-64.356
302.8	-64.354
302.85	-64.352
302.9	-64.349
302.95	-64.344
303.0	-64.339
303.05	-64.333
303.1	-64.325
303.15	-64.317
303.2	-64.307
303.25	-64.296
303.3	-64.284
303.35	-64.271
303.4	-64.256
303.45	-64.24
303.5	-64.222
303.55	-64.202
303.6	-64.181
303.65	-64.158
303.7	-64.134
303.75	-64.109
303.8	-64.082
303.85	-64.055
303.9	-64.026
303.95	-63.998
304.0	-63.97
304.05	-63.942
304.1	-63.915
304.15	-63.89
304.2	-63.866
304.25	-63.843
304.3	-63.822
304.35	-63.802
304.4	-63.785
304.45	-63.769
304.5	-63.755
304.55	-63.743
304.6	-63.732
304.65	-63.724
304.7	-63.717
304.75	-63.712
304.8	-63.708
304.85	-63.706
304.9	-63.705
304.95	-63.705
305.0	-63.706
305.05	-63.708
305.1	-63.711
305.15	-63.714
305.2	-63.718
305.25	-63.722
305.3	-63.727
305.35	-63.731
305.4	-63.736
305.45	-63.74
305.5	-63.745
305.55	-63.749
305.6	-63.753
305.65	-63.756
305.7	-63.76
305.75	-63.763
305.8	-63.766
305.85	-63.768
305.9	-63.771
305.95	-63.773
306.0	-63.776
306.05	-63.778
306.1	-63.78
306.15	-63.783
306.2	-63.786
306.25	-63.789
306.3	-63.791
306.35	-63.795
306.4	-63.798
306.45	-63.803
306.5	-63.807
306.55	-63.812
306.6	-63.817
306.65	-63.824
306.7	-63.83
306.75	-63.837
306.8	-63.845
306.85	-63.853
306.9	-63.861
306.95	-63.87
307.0	-63.879
307.05	-63.888
307.1	-63.898
307.15	-63.907
307.2	-63.917
307.25	-63.926
307.3	-63.934
307.35	-63.943
307.4	-63.95
307.45	-63.958
307.5	-63.964
307.55	-63.97
307.6	-63.974
307.65	-63.978
307.7	-63.981
307.75	-63.983
307.8	-63.983
307.85	-63.982
307.9	-63.98
307.95	-63.976
308.0	-63.972
308.05	-63.966
308.1	-63.959
308.15	-63.951
308.2	-63.942
308.25	-63.933
308.3	-63.922
308.35	-63.911
308.4	-63.899
308.45	-63.887
308.5	-63.876
308.55	-63.865
308.6	-63.855
308.65	-63.846
308.7	-63.838
308.75	-63.831
308.8	-63.825
308.85	-63.822
308.9	-63.819
308.95	-63.818
309.0	-63.818
309.05	-63.82
309.1	-63.823
309.15	-63.827
309.2	-63.832
309.25	-63.837
309.3	-63.843
309.35	-63.849
309.4	-63.855
309.45	-63.861
309.5	-63.866
309.55	-63.871
309.6	-63.874
309.65	-63.877
309.7	-63.878
309.75	-63.878
309.8	-63.877
309.85	-63.875
309.9	-63.872
309.95	-63.867
310.0	-63.861
310.05	-63.854
310.1	-63.846
310.15	-63.837
310.2	-63.827
310.25	-63.816
310.3	-63.804
310.35	-63.792
310.4	-63.78
310.45	-63.767
310.5	-63.754
310.55	-63.741
310.6	-63.728
310.65	-63.715
310.7	-63.703
310.75	-63.691
310.8	-63.679
310.85	-63.669
310.9	-63.66
310.95	-63.652
311.0	-63.645
311.05	-63.64
311.1	-63.636
311.15	-63.633
311.2	-63.631
311.25	-63.63
311.3	-63.631
311.35	-63.632
311.4	-63.635
311.45	-63.638
311.5	-63.642
311.55	-63.646
311.6	-63.65
311.65	-63.655
311.7	-63.66
311.75	-63.664
311.8	-63.668
311.85	-63.671
311.9	-63.673
311.95	-63.675
312.0	-63.675
312.05	-63.674
312.1	-63.672
312.15	-63.669
312.2	-63.664
312.25	-63.658
312.3	-63.65
312.35	-63.641
312.4	-63.63
312.45	-63.618
312.5	-63.604
312.55	-63.588
312.6	-63.571
312.65	-63.552
312.7	-63.531
312.75	-63.509
312.8	-63.486
312.85	-63.462
312.9	-63.436
312.95	-63.41
313.0	-63.384
313.05	-63.357
313.1	-63.329
313.15	-63.302
313.2	-63.274
313.25	-63.247
313.3	-63.22
313.35	-63.193
313.4	-63.167
313.45	-63.142
313.5	-63.117
313.55	-63.092
313.6	-63.068
313.65	-63.045
313.7	-63.022
313.75	-63.0
313.8	-62.979
313.85	-62.958
313.9	-62.937
313.95	-62.917
314.0	-62.898
314.05	-62.879
314.1	-62.86
314.15	-62.842
314.2	-62.824
314.25	-62.807
314.3	-62.79
314.35	-62.774
314.4	-62.758
314.45	-62.742
314.5	-62.726
314.55	-62.711
314.6	-62.696
314.65	-62.682
314.7	-62.667
314.75	-62.653
314.8	-62.64
314.85	-62.627
314.9	-62.614
314.95	-62.602
315.0	-62.59
315.05	-62.579
315.1	-62.569
315.15	-62.559
315.2	-62.55
315.25	-62.542
315.3	-62.534
315.35	-62.527
315.4	-62.521
315.45	-62.516
315.5	-62.512
315.55	-62.509
315.6	-62.506
315.65	-62.505
315.7	-62.504
315.75	-62.504
315.8	-62.505
315.85	-62.507
315.9	-62.509
315.95	-62.512
316.0	-62.515
316.05	-62.518
316.1	-62.521
316.15	-62.525
316.2	-62.528
316.25	-62.53
316.3	-62.533
316.35	-62.533
316.4	-62.533
316.45	-62.531
316.5	-62.529
316.55	-62.525
316.6	-62.52
316.65	-62.512
316.7	-62.505
316.75	-62.495
316.8	-62.486
316.85	-62.474
316.9	-62.462
316.95	-62.449
317.0	-62.434
317.05	-62.419
317.1	-62.403
317.15	-62.386
317.2	-62.368
317.25	-62.349
317.3	-62.329
317.35	-62.308
317.4	-62.286
317.45	-62.264
317.5	-62.242
317.55	-62.22
317.6	-62.198
317.65	-62.177
317.7	-62.156
317.75	-62.136
317.8	-62.117
317.85	-62.099
317.9	-62.082
317.95	-62.066
318.0	-62.051
318.05	-62.038
318.1	-62.025
318.15	-62.014
318.2	-62.004
318.25	-61.995
318.3	-61.987
318.35	-61.98
318.4	-61.974
318.45	-61.969
318.5	-61.965
318.55	-61.961
318.6	-61.958
318.65	-61.956
318.7	-61.954
318.75	-61.951
318.8	-61.949
318.85	-61.947
318.9	-61.945
318.95	-61.942
319.0	-61.939
319.05	-61.935
319.1	-61.931
319.15	-61.927
319.2	-61.922
319.25	-61.916
319.3	-61.91
319.35	-61.903
319.4	-61.895
319.45	-61.887
319.5	-61.878
319.55	-61.869
319.6	-61.859
319.65	-61.849
319.7	-61.839
319.75	-61.829
319.8	-61.819
319.85	-61.809
319.9	-61.8
319.95	-61.79
320.0	-61.782
320.05	-61.774
320.1	-61.767
320.15	-61.761
320.2	-61.757
320.25	-61.753
320.3	-61.75
320.35	-61.748
320.4	-61.748
320.45	-61.748
320.5	-61.75
320.55	-61.752
320.6	-61.755
320.65	-61.759
320.7	-61.763
320.75	-61.768
320.8	-61.772
320.85	-61.777
320.9	-61.782
320.95	-61.785
321.0	-61.789
321.05	-61.791
321.1	-61.793
321.15	-61.793
321.2	-61.792
321.25	-61.789
321.3	-61.784
321.35	-61.778
321.4	-61.771
321.45	-61.761
321.5	-61.75
321.55	-61.737
321.6	-61.723
321.65	-61.706
321.7	-61.688
321.75	-61.669
321.8	-61.649
321.85	-61.627
321.9	-61.604
321.95	-61.58
322.0	-61.555
322.05	-61.53
322.1	-61.504
322.15	-61.478
322.2	-61.451
322.25	-61.424
322.3	-61.396
322.35	-61.369
322.4	-61.342
322.45	-61.315
322.5	-61.288
322.55	-61.262
322.6	-61.236
322.65	-61.21
322.7	-61.185
322.75	-61.159
322.8	-61.135
322.85	-61.111
322.9	-61.088
322.95	-61.066
323.0	-61.045
323.05	-61.025
323.1	-61.006
323.15	-60.988
323.2	-60.971
323.25	-60.954
323.3	-60.938
323.35	-60.923
323.4	-60.909
323.45	-60.895
323.5	-60.883
323.55	-60.871
323.6	-60.86
323.65	-60.85
323.7	-60.841
323.75	-60.833
323.8	-60.826
323.85	-60.82
323.9	-60.815
323.95	-60.811
324.0	-60.808
324.05	-60.806
324.1	-60.805
324.15	-60.806
324.2	-60.807
324.25	-60.809
324.3	-60.813
324.35	-60.817
324.4	-60.823
324.45	-60.83
324.5	-60.839
324.55	-60.848
324.6	-60.859
324.65	-60.871
324.7	-60.884
324.75	-60.898
324.8	-60.913
324.85	-60.929
324.9	-60.946
324.95	-60.964
325.0	-60.983
325.05	-61.003
325.1	-61.024
325.15	-61.045
325.2	-61.067
325.25	-61.089
325.3	-61.111
325.35	-61.132
325.4	-61.153
325.45	-61.173
325.5	-61.192
325.55	-61.212
325.6	-61.231
325.65	-61.249
325.7	-61.266
325.75	-61.283
325.8	-61.299
325.85	-61.313
325.9	-61.326
325.95	-61.337
326.0	-61.347
326.05	-61.355
326.1	-61.361
326.15	-61.366
326.2	-61.368
326.25	-61.369
326.3	-61.367
326.35	-61.364
326.4	-61.358
326.45	-61.351
326.5	-61.341
326.55	-61.33
326.6	-61.316
326.65	-61.301
326.7	-61.284
326.75	-61.266
326.8	-61.246
326.85	-61.225
326.9	-61.202
326.95	-61.179
327.0	-61.155
327.05	-61.13
327.1	-61.105
327.15	-61.08
327.2	-61.054
327.25	-61.029
327.3	-61.003
327.35	-60.977
327.4	-60.951
327.45	-60.924
327.5	-60.899
327.55	-60.874
327.6	-60.85
327.65	-60.827
327.7	-60.805
327.75	-60.784
327.8	-60.764
327.85	-60.746
327.9	-60.728
327.95	-60.711
328.0	-60.695
328.05	-60.68
328.1	-60.664
328.15	-60.649
328.2	-60.635
328.25	-60.62
328.3	-60.605
328.35	-60.59
328.4	-60.574
328.45	-60.558
328.5	-60.541
328.55	-60.523
328.6	-60.505
328.65	-60.487
328.7	-60.469
328.75	-60.451
328.8	-60.435
328.85	-60.42
328.9	-60.407
328.95	-60.396
329.0	-60.388
329.05	-60.382
329.1	-60.38
329.15	-60.38
329.2	-60.382
329.25	-60.388
329.3	-60.396
329.35	-60.408
329.4	-60.422
329.45	-60.439
329.5	-60.458
329.55	-60.478
329.6	-60.5
329.65	-60.523
329.7	-60.546
329.75	-60.568
329.8	-60.59
329.85	-60.61
329.9	-60.628
329.95	-60.644
330.0	-60.658
330.05	-60.67
330.1	-60.679
330.15	-60.686
330.2	-60.691
330.25	-60.693
330.3	-60.692
330.35	-60.689
330.4	-60.684
330.45	-60.676
330.5	-60.665
330.55	-60.653
330.6	-60.638
330.65	-60.621
330.7	-60.602
330.75	-60.581
330.8	-60.558
330.85	-60.534
330.9	-60.508
330.95	-60.481
331.0	-60.453
331.05	-60.424
331.1	-60.395
331.15	-60.366
331.2	-60.337
331.25	-60.307
331.3	-60.278
331.35	-60.25
331.4	-60.222
331.45	-60.195
331.5	-60.169
331.55	-60.144
331.6	-60.12
331.65	-60.097
331.7	-60.076
331.75	-60.056
331.8	-60.038
331.85	-60.021
331.9	-60.005
331.95	-59.991
332.0	-59.979
332.05	-59.967
332.1	-59.958
332.15	-59.95
332.2	-59.943
332.25	-59.937
332.3	-59.933
332.35	-59.93
332.4	-59.928
332.45	-59.927
332.5	-59.927
332.55	-59.927
332.6	-59.928
332.65	-59.93
332.7	-59.932
332.75	-59.934
332.8	-59.937
332.85	-59.939
332.9	-59.94
332.95	-59.941
333.0	-59.941
333.05	-59.94
333.1	-59.939
333.15	-59.937
333.2	-59.934
333.25	-59.931
333.3	-59.927
333.35	-59.923
333.4	-59.919
333.45	-59.914
333.5	-59.91
333.55	-59.906
333.6	-59.903
333.65	-59.9
333.7	-59.898
333.75	-59.897
333.8	-59.896
333.85	-59.897
333.9	-59.899
333.95	-59.902
334.0	-59.906
334.05	-59.911
334.1	-59.916
334.15	-59.923
334.2	-59.93
334.25	-59.938
334.3	-59.945
334.35	-59.953
334.4	-59.96
334.45	-59.966
334.5	-59.972
334.55	-59.977
334.6	-59.982
334.65	-59.985
334.7	-59.987
334.75	-59.988
334.8	-59.988
334.85	-59.986
334.9	-59.983
334.95	-59.979
335.0	-59.974
335.05	-59.967
335.1	-59.959
335.15	-59.949
335.2	-59.939
335.25	-59.927
335.3	-59.914
335.35	-59.9
335.4	-59.885
335.45	-59.869
335.5	-59.853
335.55	-59.835
335.6	-59.817
335.65	-59.799
335.7	-59.78
335.75	-59.762
335.8	-59.744
335.85	-59.726
335.9	-59.708
335.95	-59.69
336.0	-59.672
336.05	-59.654
336.1	-59.636
336.15	-59.619
336.2	-59.601
336.25	-59.583
336.3	-59.565
336.35	-59.546
336.4	-59.526
336.45	-59.506
336.5	-59.486
336.55	-59.465
336.6	-59.443
336.65	-59.42
336.7	-59.398
336.75	-59.374
336.8	-59.351
336.85	-59.327
336.9	-59.303
336.95	-59.278
337.0	-59.254
337.05	-59.229
337.1	-59.205
337.15	-59.18
337.2	-59.155
337.25	-59.131
337.3	-59.107
337.35	-59.083
337.4	-59.06
337.45	-59.037
337.5	-59.014
337.55	-58.992
337.6	-58.97
337.65	-58.949
337.7	-58.928
337.75	-58.908
337.8	-58.889
337.85	-58.871
337.9	-58.854
337.95	-58.839
338.0	-58.825
338.05	-58.812
338.1	-58.801
338.15	-58.792
338.2	-58.784
338.25	-58.778
338.3	-58.773
338.35	-58.771
338.4	-58.769
338.45	-58.769
338.5	-58.77
338.55	-58.773
338.6	-58.777
338.65	-58.781
338.7	-58.786
338.75	-58.792
338.8	-58.798
338.85	-58.803
338.9	-58.809
338.95	-58.814
339.0	-58.818
339.05	-58.822
339.1	-58.824
339.15	-58.825
339.2	-58.826
339.25	-58.825
339.3	-58.822
339.35	-58.818
339.4	-58.813
339.45	-58.806
339.5	-58.797
339.55	-58.787
339.6	-58.775
339.65	-58.762
339.7	-58.747
339.75	-58.731
339.8	-58.713
339.85	-58.694
339.9	-58.674
339.95	-58.653
340.0	-58.632
340.05	-58.609
340.1	-58.586
340.15	-58.563
340.2	-58.54
340.25	-58.517
340.3	-58.494
340.35	-58.471
340.4	-58.449
340.45	-58.427
340.5	-58.406
340.55	-58.386
340.6	-58.366
340.65	-58.348
340.7	-58.33
340.75	-58.313
340.8	-58.297
340.85	-58.282
340.9	-58.268
340.95	-58.254
341.0	-58.242
341.05	-58.23
341.1	-58.219
341.15	-58.209
341.2	-58.199
341.25	-58.19
341.3	-58.182
341.35	-58.174
341.4	-58.167
341.45	-58.161
341.5	-58.155
341.55	-58.15
341.6	-58.146
341.65	-58.142
341.7	-58.139
341.75	-58.136
341.8	-58.133
341.85	-58.131
341.9	-58.129
341.95	-58.129
342.0	-58.128
342.05	-58.129
342.1	-58.129
342.15	-58.131
342.2	-58.132
342.25	-58.136
342.3	-58.138
342.35	-58.143
342.4	-58.146
342.45	-58.152
342.5	-58.158
342.55	-58.165
342.6	-58.173
342.65	-58.182
342.7	-58.191
342.75	-58.201
342.8	-58.212
342.85	-58.224
342.9	-58.236
342.95	-58.249
343.0	-58.263
343.05	-58.278
343.1	-58.293
343.15	-58.309
343.2	-58.325
343.25	-58.341
343.3	-58.357
343.35	-58.372
343.4	-58.386
343.45	-58.398
343.5	-58.408
343.55	-58.417
343.6	-58.423
343.65	-58.427
343.7	-58.428
343.75	-58.427
343.8	-58.423
343.85	-58.416
343.9	-58.406
343.95	-58.393
344.0	-58.378
344.05	-58.359
344.1	-58.337
344.15	-58.312
344.2	-58.285
344.25	-58.255
344.3	-58.224
344.35	-58.192
344.4	-58.158
344.45	-58.122
344.5	-58.086
344.55	-58.049
344.6	-58.012
344.65	-57.976
344.7	-57.94
344.75	-57.905
344.8	-57.872
344.85	-57.839
344.9	-57.808
344.95	-57.778
345.0	-57.749
345.05	-57.722
345.1	-57.696
345.15	-57.672
345.2	-57.649
345.25	-57.628
345.3	-57.608
345.35	-57.589
345.4	-57.571
345.45	-57.554
345.5	-57.538
345.55	-57.523
345.6	-57.509
345.65	-57.495
345.7	-57.483
345.75	-57.471
345.8	-57.459
345.85	-57.448
345.9	-57.438
345.95	-57.428
346.0	-57.419
346.05	-57.41
346.1	-57.402
346.15	-57.394
346.2	-57.386
346.25	-57.378
346.3	-57.371
346.35	-57.364
346.4	-57.357
346.45	-57.351
346.5	-57.345
346.55	-57.34
346.6	-57.335
346.65	-57.331
346.7	-57.327
346.75	-57.324
346.8	-57.322
346.85	-57.32
346.9	-57.32
346.95	-57.319
347.0	-57.32
347.05	-57.322
347.1	-57.325
347.15	-57.328
347.2	-57.333
347.25	-57.339
347.3	-57.345
347.35	-57.353
347.4	-57.362
347.45	-57.371
347.5	-57.382
347.55	-57.393
347.6	-57.405
347.65	-57.418
347.7	-57.431
347.75	-57.445
347.8	-57.459
347.85	-57.474
347.9	-57.488
347.95	-57.502
348.0	-57.515
348.05	-57.527
348.1	-57.539
348.15	-57.55
348.2	-57.559
348.25	-57.567
348.3	-57.573
348.35	-57.578
348.4	-57.581
348.45	-57.582
348.5	-57.582
348.55	-57.579
348.6	-57.575
348.65	-57.57
348.7	-57.562
348.75	-57.553
348.8	-57.541
348.85	-57.528
348.9	-57.514
348.95	-57.498
349.0	-57.481
349.05	-57.462
349.1	-57.443
349.15	-57.422
349.2	-57.401
349.25	-57.379
349.3	-57.357
349.35	-57.335
349.4	-57.313
349.45	-57.291
349.5	-57.269
349.55	-57.248
349.6	-57.227
349.65	-57.206
349.7	-57.186
349.75	-57.167
349.8	-57.148
349.85	-57.13
349.9	-57.113
349.95	-57.096
350.0	-57.079
350.05	-57.064
350.1	-57.049
350.15	-57.034
350.2	-57.02
350.25	-57.007
350.3	-56.993
350.35	-56.981
350.4	-56.968
350.45	-56.956
350.5	-56.945
350.55	-56.933
350.6	-56.921
350.65	-56.91
350.7	-56.899
350.75	-56.888
350.8	-56.876
350.85	-56.865
350.9	-56.854
350.95	-56.843
351.0	-56.833
351.05	-56.822
351.1	-56.812
351.15	-56.802
351.2	-56.794
351.25	-56.785
351.3	-56.778
351.35	-56.772
351.4	-56.767
351.45	-56.763
351.5	-56.762
351.55	-56.761
351.6	-56.763
351.65	-56.767
351.7	-56.772
351.75	-56.78
351.8	-56.79
351.85	-56.802
351.9	-56.816
351.95	-56.832
352.0	-56.85
352.05	-56.871
352.1	-56.893
352.15	-56.916
352.2	-56.94
352.25	-56.964
352.3	-56.988
352.35	-57.011
352.4	-57.033
352.45	-57.052
352.5	-57.07
352.55	-57.085
352.6	-57.097
352.65	-57.107
352.7	-57.114
352.75	-57.118
352.8	-57.119
352.85	-57.117
352.9	-57.111
352.95	-57.103
353.0	-57.091
353.05	-57.076
353.1	-57.057
353.15	-57.035
353.2	-57.01
353.25	-56.981
353.3	-56.95
353.35	-56.916
353.4	-56.88
353.45	-56.842
353.5	-56.802
353.55	-56.761
353.6	-56.719
353.65	-56.676
353.7	-56.633
353.75	-56.591
353.8	-56.55
353.85	-56.51
353.9	-56.472
353.95	-56.436
354.0	-56.402
354.05	-56.369
354.1	-56.339
354.15	-56.31
354.2	-56.283
354.25	-56.257
354.3	-56.233
354.35	-56.211
354.4	-56.189
354.45	-56.169
354.5	-56.15
354.55	-56.131
354.6	-56.112
354.65	-56.094
354.7	-56.075
354.75	-56.057
354.8	-56.038
354.85	-56.018
354.9	-55.999
354.95	-55.978
355.0	-55.958
355.05	-55.937
355.1	-55.915
355.15	-55.893
355.2	-55.87
355.25	-55.847
355.3	-55.824
355.35	-55.801
355.4	-55.778
355.45	-55.755
355.5	-55.733
355.55	-55.71
355.6	-55.687
355.65	-55.666
355.7	-55.645
355.75	-55.625
355.8	-55.605
355.85	-55.586
355.9	-55.569
355.95	-55.552
356.0	-55.536
356.05	-55.522
356.1	-55.509
356.15	-55.497
356.2	-55.486
356.25	-55.476
356.3	-55.467
356.35	-55.459
356.4	-55.452
356.45	-55.446
356.5	-55.441
356.55	-55.437
356.6	-55.433
356.65	-55.431
356.7	-55.429
356.75	-55.428
356.8	-55.426
356.85	-55.424
356.9	-55.422
356.95	-55.419
357.0	-55.416
357.05	-55.412
357.1	-55.406
357.15	-55.4
357.2	-55.392
357.25	-55.383
357.3	-55.373
357.35	-55.361
357.4	-55.348
357.45	-55.334
357.5	-55.318
357.55	-55.3
357.6	-55.282
357.65	-55.263
357.7	-55.243
357.75	-55.222
357.8	-55.201
357.85	-55.179
357.9	-55.157
357.95	-55.134
358.0	-55.112
358.05	-55.09
358.1	-55.069
358.15	-55.047
358.2	-55.027
358.25	-55.007
358.3	-54.988
358.35	-54.97
358.4	-54.953
358.45	-54.938
358.5	-54.925
358.55	-54.913
358.6	-54.903
358.65	-54.894
358.7	-54.886
358.75	-54.88
358.8	-54.875
358.85	-54.872
358.9	-54.869
358.95	-54.868
359.0	-54.867
359.05	-54.868
359.1	-54.869
359.15	-54.87
359.2	-54.872
359.25	-54.875
359.3	-54.877
359.35	-54.88
359.4	-54.882
359.45	-54.884
359.5	-54.885
359.55	-54.885
359.6	-54.885
359.65	-54.883
359.7	-54.882
359.75	-54.878
359.8	-54.874
359.85	-54.868
359.9	-54.862
359.95	-54.854
360.0	-54.847
360.05	-54.837
360.1	-54.828
360.15	-54.818
360.2	-54.807
360.25	-54.795
360.3	-54.782
360.35	-54.768
360.4	-54.754
360.45	-54.738
360.5	-54.722
360.55	-54.705
360.6	-54.687
360.65	-54.668
360.7	-54.649
360.75	-54.63
360.8	-54.611
360.85	-54.592
360.9	-54.573
360.95	-54.556
361.0	-54.539
361.05	-54.523
361.1	-54.508
361.15	-54.495
361.2	-54.482
361.25	-54.47
361.3	-54.46
361.35	-54.449
361.4	-54.441
361.45	-54.432
361.5	-54.425
361.55	-54.416
361.6	-54.408
361.65	-54.398
361.7	-54.388
361.75	-54.376
361.8	-54.364
361.85	-54.349
361.9	-54.334
361.95	-54.316
362.0	-54.296
362.05	-54.274
362.1	-54.249
362.15	-54.222
362.2	-54.192
362.25	-54.159
362.3	-54.123
362.35	-54.085
362.4	-54.044
362.45	-54.001
362.5	-53.957
362.55	-53.911
362.6	-53.864
362.65	-53.815
362.7	-53.765
362.75	-53.714
362.8	-53.664
362.85	-53.615
362.9	-53.568
362.95	-53.523
363.0	-53.48
363.05	-53.438
363.1	-53.4
363.15	-53.363
363.2	-53.329
363.25	-53.297
363.3	-53.266
363.35	-53.238
363.4	-53.212
363.45	-53.188
363.5	-53.166
363.55	-53.145
363.6	-53.126
363.65	-53.108
363.7	-53.092
363.75	-53.077
363.8	-53.063
363.85	-53.049
363.9	-53.037
363.95	-53.025
364.0	-53.013
364.05	-53.002
364.1	-52.992
364.15	-52.981
364.2	-52.97
364.25	-52.96
364.3	-52.949
364.35	-52.938
364.4	-52.926
364.45	-52.915
364.5	-52.903
364.55	-52.891
364.6	-52.878
364.65	-52.865
364.7	-52.852
364.75	-52.839
364.8	-52.826
364.85	-52.813
364.9	-52.8
364.95	-52.787
365.0	-52.774
365.05	-52.761
365.1	-52.749
365.15	-52.737
365.2	-52.726
365.25	-52.716
365.3	-52.706
365.35	-52.697
365.4	-52.689
365.45	-52.681
365.5	-52.674
365.55	-52.668
365.6	-52.661
365.65	-52.655
365.7	-52.648
365.75	-52.641
365.8	-52.633
365.85	-52.624
365.9	-52.614
365.95	-52.602
366.0	-52.588
366.05	-52.571
366.1	-52.551
366.15	-52.528
366.2	-52.502
366.25	-52.471
366.3	-52.437
366.35	-52.397
366.4	-52.354
366.45	-52.305
366.5	-52.252
366.55	-52.194
366.6	-52.132
366.65	-52.064
366.7	-51.991
366.75	-51.913
366.8	-51.83
366.85	-51.742
366.9	-51.648
366.95	-51.549
367.0	-51.445
367.05	-51.336
367.1	-51.221
367.15	-51.101
367.2	-50.973
367.25	-50.839
367.3	-50.697
367.35	-50.55
367.4	-50.398
367.45	-50.24
367.5	-50.073
367.55	-49.896
367.6	-49.71
367.65	-49.516
367.7	-49.314
367.75	-49.104
367.8	-48.886
367.85	-48.659
367.9	-48.421
367.95	-48.171
368.0	-47.91
368.05	-47.638
368.1	-47.35
368.15	-47.042
368.2	-46.712
368.25	-46.362
368.3	-45.99
368.35	-45.595
368.4	-45.177
368.45	-44.741
368.5	-44.289
368.55	-43.81
368.6	-43.287
368.65	-42.718
368.7	-42.116
368.75	-41.488
368.8	-40.837
368.85	-40.152
368.9	-39.425
368.95	-38.627
369.0	-37.722
369.05	-36.717
369.1	-35.626
369.15	-34.48
369.2	-33.303
369.25	-32.058
369.3	-30.755
369.35	-29.394
369.4	-27.988
369.45	-26.537
369.5	-25.006
369.55	-23.466
369.6	-21.926
369.65	-20.336
369.7	-18.775
369.75	-17.295
369.8	-15.877
369.85	-14.494
369.9	-13.131
369.95	-11.846
370.0	-10.677
370.05	-9.585
370.1	-8.561
370.15	-7.595
370.2	-6.7
370.25	-5.856
370.3	-5.059
370.35	-4.342
370.4	-3.707
370.45	-3.128
370.5	-2.584
370.55	-2.062
370.6	-1.567
370.65	-1.1
370.7	-0.658
370.75	-0.238
370.8	0.168
370.85	0.561
370.9	0.941
370.95	1.311
371.0	1.667
371.05	2.003
371.1	2.319
371.15	2.616
371.2	2.9
371.25	3.173
371.3	3.439
371.35	3.698
371.4	3.949
371.45	4.192
371.5	4.427
371.55	4.653
371.6	4.871
371.65	5.082
371.7	5.284
371.75	5.481
371.8	5.672
371.85	5.858
371.9	6.035
371.95	6.202
372.0	6.357
372.05	6.503
372.1	6.638
372.15	6.764
372.2	6.882
372.25	6.994
372.3	7.1
372.35	7.199
372.4	7.292
372.45	7.38
372.5	7.464
372.55	7.543
372.6	7.619
372.65	7.692
372.7	7.761
372.75	7.826
372.8	7.888
372.85	7.945
372.9	8.0
372.95	8.053
373.0	8.103
373.05	8.151
373.1	8.197
373.15	8.241
373.2	8.282
373.25	8.321
373.3	8.358
373.35	8.393
373.4	8.427
373.45	8.458
373.5	8.488
373.55	8.515
373.6	8.541
373.65	8.565
373.7	8.586
373.75	8.605
373.8	8.623
373.85	8.638
373.9	8.652
373.95	8.663
374.0	8.673
374.05	8.68
374.1	8.686
374.15	8.689
374.2	8.69
374.25	8.69
374.3	8.687
374.35	8.682
374.4	8.676
374.45	8.667
374.5	8.656
374.55	8.643
374.6	8.629
374.65	8.612
374.7	8.594
374.75	8.574
374.8	8.552
374.85	8.528
374.9	8.503
374.95	8.477
375.0	8.449
375.05	8.42
375.1	8.39
375.15	8.36
375.2	8.33
375.25	8.299
375.3	8.269
375.35	8.239
375.4	8.209
375.45	8.179
375.5	8.149
375.55	8.119
375.6	8.089
375.65	8.06
375.7	8.03
375.75	8.001
375.8	7.971
375.85	7.942
375.9	7.912
375.95	7.884
376.0	7.856
376.05	7.829
376.1	7.803
376.15	7.778
376.2	7.754
376.25	7.731
376.3	7.709
376.35	7.688
376.4	7.668
376.45	7.649
376.5	7.63
376.55	7.612
376.6	7.595
376.65	7.578
376.7	7.562
376.75	7.546
376.8	7.532
376.85	7.518
376.9	7.504
376.95	7.492
377.0	7.479
377.05	7.468
377.1	7.457
377.15	7.447
377.2	7.437
377.25	7.428
377.3	7.419
377.35	7.41
377.4	7.402
377.45	7.394
377.5	7.385
377.55	7.376
377.6	7.367
377.65	7.357
377.7	7.347
377.75	7.335
377.8	7.323
377.85	7.309
377.9	7.293
377.95	7.276
378.0	7.258
378.05	7.237
378.1	7.214
378.15	7.19
378.2	7.163
378.25	7.134
378.3	7.104
378.35	7.071
378.4	7.036
378.45	6.999
378.5	6.96
378.55	6.92
378.6	6.878
378.65	6.834
378.7	6.789
378.75	6.742
378.8	6.694
378.85	6.645
378.9	6.594
378.95	6.541
379.0	6.487
379.05	6.432
379.1	6.374
379.15	6.315
379.2	6.254
379.25	6.193
379.3	6.133
379.35	6.072
379.4	6.013
379.45	5.954
379.5	5.897
379.55	5.843
379.6	5.791
379.65	5.741
379.7	5.694
379.75	5.648
379.8	5.602
379.85	5.557
379.9	5.512
379.95	5.468
380.0	5.423
380.05	5.377
380.1	5.33
380.15	5.281
380.2	5.23
380.25	5.178
380.3	5.125
380.35	5.07
380.4	5.015
380.45	4.959
380.5	4.903
380.55	4.847
380.6	4.791
380.65	4.736
380.7	4.681
380.75	4.627
380.8	4.575
380.85	4.524
380.9	4.474
380.95	4.425
381.0	4.377
381.05	4.329
381.1	4.282
381.15	4.234
381.2	4.187
381.25	4.14
381.3	4.093
381.35	4.046
381.4	3.998
381.45	3.951
381.5	3.903
381.55	3.855
381.6	3.808
381.65	3.76
381.7	3.713
381.75	3.667
381.8	3.621
381.85	3.575
381.9	3.53
381.95	3.484
382.0	3.439
382.05	3.393
382.1	3.346
382.15	3.299
382.2	3.251
382.25	3.202
382.3	3.152
382.35	3.1
382.4	3.047
382.45	2.993
382.5	2.937
382.55	2.88
382.6	2.82
382.65	2.759
382.7	2.696
382.75	2.631
382.8	2.564
382.85	2.495
382.9	2.425
382.95	2.353
383.0	2.279
383.05	2.202
383.1	2.123
383.15	2.04
383.2	1.954
383.25	1.865
383.3	1.773
383.35	1.678
383.4	1.581
383.45	1.479
383.5	1.375
383.55	1.27
383.6	1.162
383.65	1.053
383.7	0.943
383.75	0.832
383.8	0.719
383.85	0.606
383.9	0.492
383.95	0.376
384.0	0.259
384.05	0.14
384.1	0.024
384.15	-0.089
384.2	-0.198
384.25	-0.303
384.3	-0.406
384.35	-0.506
384.4	-0.604
384.45	-0.698
384.5	-0.79
384.55	-0.879
384.6	-0.967
384.65	-1.053
384.7	-1.138
384.75	-1.222
384.8	-1.304
384.85	-1.382
384.9	-1.459
384.95	-1.534
385.0	-1.608
385.05	-1.681
385.1	-1.752
385.15	-1.821
385.2	-1.89
385.25	-1.957
385.3	-2.021
385.35	-2.085
385.4	-2.148
385.45	-2.212
385.5	-2.278
385.55	-2.347
385.6	-2.417
385.65	-2.491
385.7	-2.566
385.75	-2.645
385.8	-2.727
385.85	-2.812
385.9	-2.898
385.95	-2.986
386.0	-3.077
386.05	-3.17
386.1	-3.264
386.15	-3.358
386.2	-3.449
386.25	-3.539
386.3	-3.627
386.35	-3.713
386.4	-3.796
386.45	-3.879
386.5	-3.96
386.55	-4.04
386.6	-4.119
386.65	-4.195
386.7	-4.269
386.75	-4.342
386.8	-4.412
386.85	-4.48
386.9	-4.547
386.95	-4.611
387.0	-4.674
387.05	-4.734
387.1	-4.791
387.15	-4.844
387.2	-4.894
387.25	-4.94
387.3	-4.982
387.35	-5.021
387.4	-5.057
387.45	-5.09
387.5	-5.12
387.55	-5.148
387.6	-5.175
387.65	-5.199
387.7	-5.223
387.75	-5.246
387.8	-5.269
387.85	-5.292
387.9	-5.315
387.95	-5.338
388.0	-5.362
388.05	-5.388
388.1	-5.415
388.15	-5.443
388.2	-5.473
388.25	-5.505
388.3	-5.538
388.35	-5.574
388.4	-5.611
388.45	-5.651
388.5	-5.693
388.55	-5.737
388.6	-5.782
388.65	-5.827
388.7	-5.873
388.75	-5.92
388.8	-5.966
388.85	-6.013
388.9	-6.06
388.95	-6.106
389.0	-6.152
389.05	-6.198
389.1	-6.243
389.15	-6.287
389.2	-6.331
389.25	-6.374
389.3	-6.416
389.35	-6.457
389.4	-6.497
389.45	-6.536
389.5	-6.574
389.55	-6.61
389.6	-6.646
389.65	-6.68
389.7	-6.714
389.75	-6.747
389.8	-6.78
389.85	-6.813
389.9	-6.846
389.95	-6.879
390.0	-6.913
390.05	-6.947
390.1	-6.983
390.15	-7.02
390.2	-7.059
390.25	-7.099
390.3	-7.141
390.35	-7.184
390.4	-7.229
390.45	-7.275
390.5	-7.324
390.55	-7.375
390.6	-7.428
390.65	-7.482
390.7	-7.537
390.75	-7.594
390.8	-7.652
390.85	-7.712
390.9	-7.772
390.95	-7.833
391.0	-7.896
391.05	-7.959
391.1	-8.023
391.15	-8.086
391.2	-8.15
391.25	-8.213
391.3	-8.276
391.35	-8.338
391.4	-8.399
391.45	-8.458
391.5	-8.518
391.55	-8.577
391.6	-8.636
391.65	-8.695
391.7	-8.753
391.75	-8.813
391.8	-8.873
391.85	-8.935
391.9	-8.998
391.95	-9.063
392.0	-9.131
392.05	-9.2
392.1	-9.273
392.15	-9.349
392.2	-9.429
392.25	-9.514
392.3	-9.603
392.35	-9.696
392.4	-9.793
392.45	-9.895
392.5	-10.002
392.55	-10.115
392.6	-10.232
392.65	-10.351
392.7	-10.472
392.75	-10.593
392.8	-10.714
392.85	-10.834
392.9	-10.953
392.95	-11.072
393.0	-11.19
393.05	-11.307
393.1	-11.421
393.15	-11.532
393.2	-11.637
393.25	-11.737
393.3	-11.831
393.35	-11.92
393.4	-12.005
393.45	-12.087
393.5	-12.165
393.55	-12.241
393.6	-12.314
393.65	-12.383
393.7	-12.449
393.75	-12.51
393.8	-12.569
393.85	-12.625
393.9	-12.678
393.95	-12.728
394.0	-12.776
394.05	-12.821
394.1	-12.864
394.15	-12.905
394.2	-12.945
394.25	-12.985
394.3	-13.023
394.35	-13.059
394.4	-13.096
394.45	-13.131
394.5	-13.166
394.55	-13.2
394.6	-13.235
394.65	-13.269
394.7	-13.303
394.75	-13.338
394.8	-13.373
394.85	-13.409
394.9	-13.446
394.95	-13.483
395.0	-13.521
395.05	-13.561
395.1	-13.601
395.15	-13.643
395.2	-13.686
395.25	-13.73
395.3	-13.775
395.35	-13.821
395.4	-13.868
395.45	-13.916
395.5	-13.965
395.55	-14.016
395.6	-14.067
395.65	-14.119
395.7	-14.172
395.75	-14.226
395.8	-14.281
395.85	-14.337
395.9	-14.394
395.95	-14.452
396.0	-14.511
396.05	-14.573
396.1	-14.635
396.15	-14.699
396.2	-14.765
396.25	-14.833
396.3	-14.902
396.35	-14.973
396.4	-15.045
396.45	-15.119
396.5	-15.194
396.55	-15.271
396.6	-15.347
396.65	-15.424
396.7	-15.5
396.75	-15.575
396.8	-15.649
396.85	-15.724
396.9	-15.798
396.95	-15.873
397.0	-15.947
397.05	-16.023
397.1	-16.098
397.15	-16.175
397.2	-16.251
397.25	-16.329
397.3	-16.407
397.35	-16.488
397.4	-16.57
397.45	-16.654
397.5	-16.741
397.55	-16.831
397.6	-16.922
397.65	-17.015
397.7	-17.106
397.75	-17.196
397.8	-17.285
397.85	-17.371
397.9	-17.456
397.95	-17.538
398.0	-17.618
398.05	-17.697
398.1	-17.774
398.15	-17.85
398.2	-17.925
398.25	-17.997
398.3	-18.068
398.35	-18.136
398.4	-18.203
398.45	-18.269
398.5	-18.333
398.55	-18.396
398.6	-18.458
398.65	-18.52
398.7	-18.58
398.75	-18.64
398.8	-18.698
398.85	-18.755
398.9	-18.812
398.95	-18.867
399.0	-18.923
399.05	-18.979
399.1	-19.035
399.15	-19.092
399.2	-19.148
399.25	-19.205
399.3	-19.262
399.35	-19.32
399.4	-19.378
399.45	-19.435
399.5	-19.493
399.55	-19.551
399.6	-19.609
399.65	-19.666
399.7	-19.723
399.75	-19.78
399.8	-19.837
399.85	-19.895
399.9	-19.953
399.95	-20.012
400.0	-20.072
400.05	-20.133
400.1	-20.194
400.15	-20.256
400.2	-20.319
400.25	-20.383
400.3	-20.448
400.35	-20.514
400.4	-20.581
400.45	-20.649
400.5	-20.718
400.55	-20.789
400.6	-20.861
400.65	-20.933
400.7	-21.007
400.75	-21.082
400.8	-21.159
400.85	-21.237
400.9	-21.317
400.95	-21.398
401.0	-21.481
401.05	-21.566
401.1	-21.652
401.15	-21.74
401.2	-21.829
401.25	-21.918
401.3	-22.009
401.35	-22.1
401.4	-22.192
401.45	-22.286
401.5	-22.38
401.55	-22.475
401.6	-22.571
401.65	-22.667
401.7	-22.764
401.75	-22.861
401.8	-22.96
401.85	-23.059
401.9	-23.16
401.95	-23.262
402.0	-23.366
402.05	-23.471
402.1	-23.579
402.15	-23.688
402.2	-23.796
402.25	-23.904
402.3	-24.011
402.35	-24.116
402.4	-24.218
402.45	-24.319
402.5	-24.417
402.55	-24.513
402.6	-24.607
402.65	-24.697
402.7	-24.785
402.75	-24.871
402.8	-24.955
402.85	-25.037
402.9	-25.118
402.95	-25.197
403.0	-25.276
403.05	-25.353
403.1	-25.429
403.15	-25.503
403.2	-25.575
403.25	-25.645
403.3	-25.713
403.35	-25.78
403.4	-25.845
403.45	-25.908
403.5	-25.97
403.55	-26.031
403.6	-26.091
403.65	-26.152
403.7	-26.213
403.75	-26.276
403.8	-26.341
403.85	-26.408
403.9	-26.476
403.95	-26.547
404.0	-26.619
404.05	-26.693
404.1	-26.769
404.15	-26.848
404.2	-26.928
404.25	-27.01
404.3	-27.091
404.35	-27.173
404.4	-27.255
404.45	-27.338
404.5	-27.423
404.55	-27.509
404.6	-27.596
404.65	-27.683
404.7	-27.771
404.75	-27.858
404.8	-27.944
404.85	-28.029
404.9	-28.114
404.95	-28.199
405.0	-28.284
405.05	-28.37
405.1	-28.456
405.15	-28.542
405.2	-28.628
405.25	-28.715
405.3	-28.804
405.35	-28.895
405.4	-28.987
405.45	-29.08
405.5	-29.173
405.55	-29.268
405.6	-29.363
405.65	-29.46
405.7	-29.557
405.75	-29.655
405.8	-29.753
405.85	-29.852
405.9	-29.95
405.95	-30.049
406.0	-30.148
406.05	-30.25
406.1	-30.352
406.15	-30.455
406.2	-30.559
406.25	-30.664
406.3	-30.77
406.35	-30.877
406.4	-30.985
406.45	-31.094
406.5	-31.204
406.55	-31.315
406.6	-31.426
406.65	-31.539
406.7	-31.652
406.75	-31.765
406.8	-31.877
406.85	-31.987
406.9	-32.096
406.95	-32.202
407.0	-32.308
407.05	-32.413
407.1	-32.518
407.15	-32.621
407.2	-32.721
407.25	-32.818
407.3	-32.913
407.35	-33.006
407.4	-33.097
407.45	-33.186
407.5	-33.273
407.55	-33.358
407.6	-33.441
407.65	-33.524
407.7	-33.606
407.75	-33.687
407.8	-33.768
407.85	-33.846
407.9	-33.924
407.95	-34.0
408.0	-34.075
408.05	-34.149
408.1	-34.223
408.15	-34.297
408.2	-34.371
408.25	-34.445
408.3	-34.52
408.35	-34.597
408.4	-34.675
408.45	-34.754
408.5	-34.836
408.55	-34.919
408.6	-35.004
408.65	-35.091
408.7	-35.181
408.75	-35.272
408.8	-35.366
408.85	-35.462
408.9	-35.561
408.95	-35.662
409.0	-35.767
409.05	-35.875
409.1	-35.987
409.15	-36.101
409.2	-36.219
409.25	-36.338
409.3	-36.458
409.35	-36.576
409.4	-36.693
409.45	-36.807
409.5	-36.92
409.55	-37.031
409.6	-37.141
409.65	-37.247
409.7	-37.352
409.75	-37.453
409.8	-37.553
409.85	-37.652
409.9	-37.75
409.95	-37.847
410.0	-37.943
410.05	-38.039
410.1	-38.134
410.15	-38.228
410.2	-38.319
410.25	-38.407
410.3	-38.494
410.35	-38.577
410.4	-38.658
410.45	-38.738
410.5	-38.817
410.55	-38.895
410.6	-38.971
410.65	-39.046
410.7	-39.121
410.75	-39.195
410.8	-39.269
410.85	-39.345
410.9	-39.423
410.95	-39.504
411.0	-39.588
411.05	-39.675
411.1	-39.767
411.15	-39.862
411.2	-39.959
411.25	-40.057
411.3	-40.156
411.35	-40.255
411.4	-40.353
411.45	-40.452
411.5	-40.548
411.55	-40.644
411.6	-40.738
411.65	-40.83
411.7	-40.921
411.75	-41.011
411.8	-41.101
411.85	-41.191
411.9	-41.28
411.95	-41.367
412.0	-41.452
412.05	-41.536
412.1	-41.619
412.15	-41.701
412.2	-41.782
412.25	-41.862
412.3	-41.94
412.35	-42.016
412.4	-42.089
412.45	-42.16
412.5	-42.229
412.55	-42.296
412.6	-42.363
412.65	-42.429
412.7	-42.495
412.75	-42.562
412.8	-42.63
412.85	-42.7
412.9	-42.77
412.95	-42.841
413.0	-42.913
413.05	-42.986
413.1	-43.059
413.15	-43.134
413.2	-43.209
413.25	-43.285
413.3	-43.362
413.35	-43.439
413.4	-43.515
413.45	-43.592
413.5	-43.669
413.55	-43.746
413.6	-43.824
413.65	-43.903
413.7	-43.982
413.75	-44.061
413.8	-44.14
413.85	-44.219
413.9	-44.297
413.95	-44.375
414.0	-44.451
414.05	-44.528
414.1	-44.605
414.15	-44.682
414.2	-44.759
414.25	-44.835
414.3	-44.91
414.35	-44.984
414.4	-45.057
414.45	-45.129
414.5	-45.2
414.55	-45.271
414.6	-45.341
414.65	-45.411
414.7	-45.48
414.75	-45.55
414.8	-45.62
414.85	-45.69
414.9	-45.761
414.95	-45.831
415.0	-45.901
415.05	-45.972
415.1	-46.043
415.15	-46.115
415.2	-46.187
415.25	-46.26
415.3	-46.333
415.35	-46.406
415.4	-46.48
415.45	-46.555
415.5	-46.63
415.55	-46.706
415.6	-46.784
415.65	-46.861
415.7	-46.94
415.75	-47.018
415.8	-47.095
415.85	-47.172
415.9	-47.248
415.95	-47.323
416.0	-47.398
416.05	-47.473
416.1	-47.548
416.15	-47.623
416.2	-47.697
416.25	-47.77
416.3	-47.842
416.35	-47.912
416.4	-47.981
416.45	-48.05
416.5	-48.119
416.55	-48.188
416.6	-48.255
416.65	-48.321
416.7	-48.385
416.75	-48.449
416.8	-48.512
416.85	-48.573
416.9	-48.634
416.95	-48.693
417.0	-48.752
417.05	-48.809
417.1	-48.864
417.15	-48.919
417.2	-48.974
417.25	-49.029
417.3	-49.084
417.35	-49.139
417.4	-49.195
417.45	-49.252
417.5	-49.31
417.55	-49.369
417.6	-49.429
417.65	-49.49
417.7	-49.552
417.75	-49.614
417.8	-49.678
417.85	-49.743
417.9	-49.81
417.95	-49.878
418.0	-49.946
418.05	-50.014
418.1	-50.082
418.15	-50.149
418.2	-50.216
418.25	-50.282
418.3	-50.348
418.35	-50.415
418.4	-50.482
418.45	-50.55
418.5	-50.618
418.55	-50.686
418.6	-50.755
418.65	-50.824
418.7	-50.893
418.75	-50.962
418.8	-51.032
418.85	-51.102
418.9	-51.172
418.95	-51.242
419.0	-51.312
419.05	-51.382
419.1	-51.452
419.15	-51.523
419.2	-51.594
419.25	-51.665
419.3	-51.736
419.35	-51.807
419.4	-51.877
419.45	-51.947
419.5	-52.017
419.55	-52.086
419.6	-52.156
419.65	-52.226
419.7	-52.296
419.75	-52.368
419.8	-52.44
419.85	-52.513
419.9	-52.587
419.95	-52.66
420.0	-52.734
420.05	-52.808
420.1	-52.884
420.15	-52.961
420.2	-53.04
420.25	-53.12
420.3	-53.199
420.35	-53.279
420.4	-53.356
420.45	-53.433
420.5	-53.508
420.55	-53.582
420.6	-53.653
420.65	-53.723
420.7	-53.79
420.75	-53.855
420.8	-53.919
420.85	-53.981
420.9	-54.042
420.95	-54.102
421.0	-54.161
421.05	-54.219
421.1	-54.276
421.15	-54.333
421.2	-54.389
421.25	-54.443
421.3	-54.496
421.35	-54.548
421.4	-54.599
421.45	-54.648
421.5	-54.697
421.55	-54.744
421.6	-54.789
421.65	-54.834
421.7	-54.878
421.75	-54.921
421.8	-54.963
421.85	-55.005
421.9	-55.047
421.95	-55.089
422.0	-55.131
422.05	-55.172
422.1	-55.214
422.15	-55.257
422.2	-55.299
422.25	-55.343
422.3	-55.386
422.35	-55.429
422.4	-55.473
422.45	-55.517
422.5	-55.561
422.55	-55.606
422.6	-55.651
422.65	-55.698
422.7	-55.745
422.75	-55.792
422.8	-55.841
422.85	-55.89
422.9	-55.941
422.95	-55.993
423.0	-56.046
423.05	-56.101
423.1	-56.156
423.15	-56.212
423.2	-56.269
423.25	-56.326
423.3	-56.384
423.35	-56.443
423.4	-56.501
423.45	-56.559
423.5	-56.616
423.55	-56.673
423.6	-56.73
423.65	-56.786
423.7	-56.842
423.75	-56.897
423.8	-56.951
423.85	-57.006
423.9	-57.06
423.95	-57.113
424.0	-57.167
424.05	-57.22
424.1	-57.274
424.15	-57.327
424.2	-57.381
424.25	-57.436
424.3	-57.491
424.35	-57.548
424.4	-57.605
424.45	-57.663
424.5	-57.723
424.55	-57.785
424.6	-57.848
424.65	-57.914
424.7	-57.981
424.75	-58.051
424.8	-58.124
424.85	-58.198
424.9	-58.274
424.95	-58.35
425.0	-58.426
425.05	-58.5
425.1	-58.574
425.15	-58.647
425.2	-58.719
425.25	-58.792
425.3	-58.863
425.35	-58.933
425.4	-59.003
425.45	-59.073
425.5	-59.14
425.55	-59.207
425.6	-59.272
425.65	-59.337
425.7	-59.402
425.75	-59.465
425.8	-59.527
425.85	-59.587
425.9	-59.644
425.95	-59.698
426.0	-59.749
426.05	-59.798
426.1	-59.843
426.15	-59.886
426.2	-59.927
426.25	-59.966
426.3	-60.004
426.35	-60.04
426.4	-60.075
426.45	-60.109
426.5	-60.143
426.55	-60.175
426.6	-60.206
426.65	-60.236
426.7	-60.265
426.75	-60.292
426.8	-60.319
426.85	-60.344
426.9	-60.368
426.95	-60.391
427.0	-60.414
427.05	-60.435
427.1	-60.456
427.15	-60.476
427.2	-60.495
427.25	-60.514
427.3	-60.532
427.35	-60.55
427.4	-60.568
427.45	-60.586
427.5	-60.603
427.55	-60.621
427.6	-60.64
427.65	-60.659
427.7	-60.678
427.75	-60.699
427.8	-60.719
427.85	-60.741
427.9	-60.763
427.95	-60.786
428.0	-60.81
428.05	-60.834
428.1	-60.86
428.15	-60.886
428.2	-60.913
428.25	-60.94
428.3	-60.969
428.35	-60.998
428.4	-61.028
428.45	-61.06
428.5	-61.092
428.55	-61.126
428.6	-61.16
428.65	-61.195
428.7	-61.232
428.75	-61.27
428.8	-61.31
428.85	-61.351
428.9	-61.394
428.95	-61.438
429.0	-61.483
429.05	-61.53
429.1	-61.579
429.15	-61.63
429.2	-61.682
429.25	-61.735
429.3	-61.789
429.35	-61.844
429.4	-61.898
429.45	-61.951
429.5	-62.004
429.55	-62.055
429.6	-62.104
429.65	-62.152
429.7	-62.197
429.75	-62.24
429.8	-62.28
429.85	-62.317
429.9	-62.351
429.95	-62.382
430.0	-62.409
430.05	-62.434
430.1	-62.455
430.15	-62.472
430.2	-62.487
430.25	-62.498
430.3	-62.506
430.35	-62.512
430.4	-62.514
430.45	-62.514
430.5	-62.511
430.55	-62.506
430.6	-62.499
430.65	-62.491
430.7	-62.481
430.75	-62.47
430.8	-62.46
430.85	-62.449
430.9	-62.44
430.95	-62.431
431.0	-62.425
431.05	-62.42
431.1	-62.417
431.15	-62.416
431.2	-62.418
431.25	-62.422
431.3	-62.428
431.35	-62.437
431.4	-62.449
431.45	-62.463
431.5	-62.479
431.55	-62.497
431.6	-62.516
431.65	-62.538
431.7	-62.56
431.75	-62.584
431.8	-62.609
431.85	-62.634
431.9	-62.66
431.95	-62.687
432.0	-62.714
432.05	-62.741
432.1	-62.769
432.15	-62.797
432.2	-62.825
432.25	-62.854
432.3	-62.883
432.35	-62.912
432.4	-62.94
432.45	-62.969
432.5	-62.999
432.55	-63.028
432.6	-63.058
432.65	-63.088
432.7	-63.117
432.75	-63.147
432.8	-63.177
432.85	-63.206
432.9	-63.236
432.95	-63.266
433.0	-63.295
433.05	-63.324
433.1	-63.353
433.15	-63.381
433.2	-63.41
433.25	-63.439
433.3	-63.468
433.35	-63.497
433.4	-63.527
433.45	-63.557
433.5	-63.588
433.55	-63.619
433.6	-63.651
433.65	-63.684
433.7	-63.717
433.75	-63.75
433.8	-63.784
433.85	-63.819
433.9	-63.855
433.95	-63.891
434.0	-63.927
434.05	-63.963
434.1	-63.999
434.15	-64.033
434.2	-64.068
434.25	-64.101
434.3	-64.133
434.35	-64.164
434.4	-64.194
434.45	-64.223
434.5	-64.25
434.55	-64.276
434.6	-64.299
434.65	-64.321
434.7	-64.34
434.75	-64.357
434.8	-64.372
434.85	-64.385
434.9	-64.395
434.95	-64.404
435.0	-64.41
435.05	-64.415
435.1	-64.417
435.15	-64.418
435.2	-64.417
435.25	-64.415
435.3	-64.412
435.35	-64.407
435.4	-64.401
435.45	-64.395
435.5	-64.388
435.55	-64.381
435.6	-64.374
435.65	-64.366
435.7	-64.359
435.75	-64.351
435.8	-64.344
435.85	-64.337
435.9	-64.33
435.95	-64.324
436.0	-64.317
436.05	-64.312
436.1	-64.306
436.15	-64.301
436.2	-64.296
436.25	-64.292
436.3	-64.288
436.35	-64.286
436.4	-64.283
436.45	-64.281
436.5	-64.28
436.55	-64.28
436.6	-64.28
436.65	-64.281
436.7	-64.283
436.75	-64.287
436.8	-64.29
436.85	-64.295
436.9	-64.301
436.95	-64.307
437.0	-64.315
437.05	-64.323
437.1	-64.331
437.15	-64.341
437.2	-64.351
437.25	-64.362
437.3	-64.374
437.35	-64.386
437.4	-64.398
437.45	-64.411
437.5	-64.425
437.55	-64.439
437.6	-64.453
437.65	-64.468
437.7	-64.483
437.75	-64.499
437.8	-64.515
437.85	-64.531
437.9	-64.549
437.95	-64.567
438.0	-64.585
438.05	-64.605
438.1	-64.626
438.15	-64.647
438.2	-64.671
438.25	-64.695
438.3	-64.721
438.35	-64.747
438.4	-64.775
438.45	-64.803
438.5	-64.831
438.55	-64.858
438.6	-64.885
438.65	-64.91
438.7	-64.934
438.75	-64.957
438.8	-64.977
438.85	-64.995
438.9	-65.011
438.95	-65.025
439.0	-65.036
439.05	-65.045
439.1	-65.051
439.15	-65.056
439.2	-65.058
439.25	-65.058
439.3	-65.056
439.35	-65.052
439.4	-65.046
439.45	-65.038
439.5	-65.029
439.55	-65.019
439.6	-65.007
439.65	-64.995
439.7	-64.982
439.75	-64.968
439.8	-64.953
439.85	-64.939
439.9	-64.924
439.95	-64.91
440.0	-64.897
440.05	-64.884
440.1	-64.872
440.15	-64.861
440.2	-64.851
440.25	-64.843
440.3	-64.835
440.35	-64.829
440.4	-64.823
440.45	-64.819
440.5	-64.816
440.55	-64.814
440.6	-64.813
440.65	-64.813
440.7	-64.815
440.75	-64.817
440.8	-64.82
440.85	-64.824
440.9	-64.829
440.95	-64.835
441.0	-64.841
441.05	-64.849
441.1	-64.857
441.15	-64.865
441.2	-64.874
441.25	-64.883
441.3	-64.894
441.35	-64.904
441.4	-64.915
441.45	-64.926
441.5	-64.938
441.55	-64.95
441.6	-64.962
441.65	-64.974
441.7	-64.986
441.75	-64.999
441.8	-65.011
441.85	-65.025
441.9	-65.038
441.95	-65.052
442.0	-65.066
442.05	-65.081
442.1	-65.096
442.15	-65.111
442.2	-65.128
442.25	-65.144
442.3	-65.162
442.35	-65.181
442.4	-65.2
442.45	-65.22
442.5	-65.241
442.55	-65.263
442.6	-65.286
442.65	-65.309
442.7	-65.333
442.75	-65.357
442.8	-65.382
442.85	-65.407
442.9	-65.434
442.95	-65.46
443.0	-65.488
443.05	-65.515
443.1	-65.542
443.15	-65.568
443.2	-65.593
443.25	-65.616
443.3	-65.638
443.35	-65.657
443.4	-65.674
443.45	-65.689
443.5	-65.701
443.55	-65.71
443.6	-65.716
443.65	-65.718
443.7	-65.718
443.75	-65.715
443.8	-65.708
443.85	-65.698
443.9	-65.685
443.95	-65.669
444.0	-65.649
444.05	-65.627
444.1	-65.602
444.15	-65.574
444.2	-65.545
444.25	-65.515
444.3	-65.483
444.35	-65.45
444.4	-65.417
444.45	-65.384
444.5	-65.352
444.55	-65.321
444.6	-65.292
444.65	-65.264
444.7	-65.238
444.75	-65.214
444.8	-65.193
444.85	-65.174
444.9	-65.158
444.95	-65.144
445.0	-65.133
445.05	-65.125
445.1	-65.12
445.15	-65.118
445.2	-65.119
445.25	-65.122
445.3	-65.128
445.35	-65.137
445.4	-65.148
445.45	-65.162
445.5	-65.178
445.55	-65.196
445.6	-65.216
445.65	-65.237
445.7	-65.259
445.75	-65.282
445.8	-65.304
445.85	-65.326
445.9	-65.346
445.95	-65.366
446.0	-65.383
446.05	-65.399
446.1	-65.414
446.15	-65.427
446.2	-65.438
446.25	-65.448
446.3	-65.457
446.35	-65.464
446.4	-65.47
446.45	-65.475
446.5	-65.479
446.55	-65.482
446.6	-65.485
446.65	-65.487
446.7	-65.49
446.75	-65.492
446.8	-65.495
446.85	-65.498
446.9	-65.503
446.95	-65.507
447.0	-65.513
447.05	-65.52
447.1	-65.528
447.15	-65.537
447.2	-65.547
447.25	-65.558
447.3	-65.57
447.35	-65.584
447.4	-65.599
447.45	-65.615
447.5	-65.633
447.55	-65.65
447.6	-65.668
447.65	-65.687
447.7	-65.705
447.75	-65.724
447.8	-65.742
447.85	-65.76
447.9	-65.777
447.95	-65.795
448.0	-65.811
448.05	-65.828
448.1	-65.843
448.15	-65.857
448.2	-65.87
448.25	-65.882
448.3	-65.893
448.35	-65.902
448.4	-65.909
448.45	-65.915
448.5	-65.92
448.55	-65.923
448.6	-65.925
448.65	-65.926
448.7	-65.925
448.75	-65.923
448.8	-65.92
448.85	-65.916
448.9	-65.911
448.95	-65.905
449.0	-65.898
449.05	-65.891
449.1	-65.883
449.15	-65.875
449.2	-65.867
449.25	-65.858
449.3	-65.848
449.35	-65.839
449.4	-65.829
449.45	-65.819
449.5	-65.81
449.55	-65.8
449.6	-65.79
449.65	-65.78
449.7	-65.771
449.75	-65.761
449.8	-65.752
449.85	-65.743
449.9	-65.734
449.95	-65.726
450.0	-65.719
450.05	-65.712
450.1	-65.705
450.15	-65.699
450.2	-65.693
450.25	-65.688
450.3	-65.684
450.35	-65.681
450.4	-65.679
450.45	-65.679
450.5	-65.679
450.55	-65.681
450.6	-65.684
450.65	-65.689
450.7	-65.694
450.75	-65.701
450.8	-65.708
450.85	-65.716
450.9	-65.726
450.95	-65.736
451.0	-65.747
451.05	-65.76
451.1	-65.773
451.15	-65.787
451.2	-65.802
451.25	-65.817
451.3	-65.833
451.35	-65.85
451.4	-65.868
451.45	-65.886
451.5	-65.905
451.55	-65.924
451.6	-65.944
451.65	-65.964
451.7	-65.985
451.75	-66.007
451.8	-66.029
451.85	-66.051
451.9	-66.074
451.95	-66.097
452.0	-66.12
452.05	-66.143
452.1	-66.165
452.15	-66.187
452.2	-66.207
452.25	-66.227
452.3	-66.245
452.35	-66.262
452.4	-66.277
452.45	-66.291
452.5	-66.303
452.55	-66.313
452.6	-66.321
452.65	-66.326
452.7	-66.33
