452.75	-66.332
452.8	-66.331
452.85	-66.328
452.9	-66.323
452.95	-66.315
453.0	-66.305
453.05	-66.293
453.1	-66.279
453.15	-66.262
453.2	-66.244
453.25	-66.223
453.3	-66.201
453.35	-66.177
453.4	-66.15
453.45	-66.123
453.5	-66.094
453.55	-66.065
453.6	-66.036
453.65	-66.007
453.7	-65.978
453.75	-65.95
453.8	-65.922
453.85	-65.896
453.9	-65.87
453.95	-65.846
454.0	-65.824
454.05	-65.802
454.1	-65.782
454.15	-65.763
454.2	-65.745
454.25	-65.728
454.3	-65.712
454.35	-65.697
454.4	-65.683
454.45	-65.671
454.5	-65.658
454.55	-65.647
454.6	-65.636
454.65	-65.625
454.7	-65.614
454.75	-65.604
454.8	-65.594
454.85	-65.584
454.9	-65.574
454.95	-65.563
455.0	-65.553
455.05	-65.542
455.1	-65.531
455.15	-65.519
455.2	-65.508
455.25	-65.496
455.3	-65.484
455.35	-65.472
455.4	-65.461
455.45	-65.449
455.5	-65.439
455.55	-65.429
455.6	-65.42
455.65	-65.411
455.7	-65.405
455.75	-65.399
455.8	-65.395
455.85	-65.392
455.9	-65.392
455.95	-65.393
456.0	-65.396
456.05	-65.4
456.1	-65.407
456.15	-65.415
456.2	-65.425
456.25	-65.437
456.3	-65.45
456.35	-65.464
456.4	-65.48
456.45	-65.496
456.5	-65.513
456.55	-65.53
456.6	-65.546
456.65	-65.562
456.7	-65.577
456.75	-65.591
456.8	-65.602
456.85	-65.612
456.9	-65.62
456.95	-65.625
457.0	-65.628
457.05	-65.629
457.1	-65.628
457.15	-65.624
457.2	-65.617
457.25	-65.608
457.3	-65.596
457.35	-65.582
457.4	-65.565
457.45	-65.547
457.5	-65.526
457.55	-65.503
457.6	-65.479
457.65	-65.454
457.7	-65.427
457.75	-65.399
457.8	-65.371
457.85	-65.343
457.9	-65.315
457.95	-65.288
458.0	-65.261
458.05	-65.236
458.1	-65.212
458.15	-65.19
458.2	-65.17
458.25	-65.152
458.3	-65.136
458.35	-65.122
458.4	-65.11
458.45	-65.1
458.5	-65.092
458.55	-65.086
458.6	-65.083
458.65	-65.081
458.7	-65.081
458.75	-65.083
458.8	-65.087
458.85	-65.092
458.9	-65.099
458.95	-65.107
459.0	-65.117
459.05	-65.127
459.1	-65.139
459.15	-65.15
459.2	-65.163
459.25	-65.176
459.3	-65.189
459.35	-65.202
459.4	-65.215
459.45	-65.227
459.5	-65.239
459.55	-65.251
459.6	-65.262
459.65	-65.272
459.7	-65.281
459.75	-65.289
459.8	-65.295
459.85	-65.301
459.9	-65.305
459.95	-65.308
460.0	-65.31
460.05	-65.31
460.1	-65.309
460.15	-65.307
460.2	-65.303
460.25	-65.299
460.3	-65.293
460.35	-65.286
460.4	-65.278
460.45	-65.27
460.5	-65.261
460.55	-65.252
460.6	-65.242
460.65	-65.232
460.7	-65.223
460.75	-65.213
460.8	-65.204
460.85	-65.196
460.9	-65.188
460.95	-65.181
461.0	-65.175
461.05	-65.169
461.1	-65.164
461.15	-65.16
461.2	-65.156
461.25	-65.152
461.3	-65.149
461.35	-65.146
461.4	-65.143
461.45	-65.139
461.5	-65.136
461.55	-65.132
461.6	-65.128
461.65	-65.122
461.7	-65.117
461.75	-65.109
461.8	-65.101
461.85	-65.092
461.9	-65.081
461.95	-65.069
462.0	-65.055
462.05	-65.039
462.1	-65.022
462.15	-65.004
462.2	-64.983
462.25	-64.962
462.3	-64.938
462.35	-64.914
462.4	-64.888
462.45	-64.86
462.5	-64.832
462.55	-64.804
462.6	-64.776
462.65	-64.748
462.7	-64.721
462.75	-64.694
462.8	-64.668
462.85	-64.643
462.9	-64.619
462.95	-64.596
463.0	-64.575
463.05	-64.555
463.1	-64.536
463.15	-64.519
463.2	-64.503
463.25	-64.489
463.3	-64.476
463.35	-64.464
463.4	-64.453
463.45	-64.444
463.5	-64.435
463.55	-64.428
463.6	-64.421
463.65	-64.415
463.7	-64.409
463.75	-64.404
463.8	-64.4
463.85	-64.396
463.9	-64.392
463.95	-64.389
464.0	-64.386
464.05	-64.384
464.1	-64.381
464.15	-64.379
464.2	-64.376
464.25	-64.373
464.3	-64.37
464.35	-64.368
464.4	-64.365
464.45	-64.363
464.5	-64.361
464.55	-64.359
464.6	-64.358
464.65	-64.358
464.7	-64.359
464.75	-64.36
464.8	-64.362
464.85	-64.365
464.9	-64.368
464.95	-64.373
465.0	-64.379
465.05	-64.386
465.1	-64.394
465.15	-64.404
465.2	-64.414
465.25	-64.425
465.3	-64.438
465.35	-64.451
465.4	-64.465
465.45	-64.48
465.5	-64.496
465.55	-64.512
465.6	-64.529
465.65	-64.545
465.7	-64.561
465.75	-64.577
465.8	-64.592
465.85	-64.606
465.9	-64.618
465.95	-64.63
466.0	-64.64
466.05	-64.648
466.1	-64.655
466.15	-64.661
466.2	-64.664
466.25	-64.666
466.3	-64.666
466.35	-64.663
466.4	-64.659
466.45	-64.652
466.5	-64.644
466.55	-64.634
466.6	-64.622
466.65	-64.609
466.7	-64.594
466.75	-64.577
466.8	-64.559
466.85	-64.54
466.9	-64.521
466.95	-64.501
467.0	-64.481
467.05	-64.462
467.1	-64.443
467.15	-64.425
467.2	-64.408
467.25	-64.392
467.3	-64.378
467.35	-64.365
467.4	-64.353
467.45	-64.343
467.5	-64.334
467.55	-64.327
467.6	-64.32
467.65	-64.315
467.7	-64.31
467.75	-64.307
467.8	-64.304
467.85	-64.301
467.9	-64.299
467.95	-64.298
468.0	-64.296
468.05	-64.294
468.1	-64.292
468.15	-64.29
468.2	-64.288
468.25	-64.286
468.3	-64.283
468.35	-64.28
468.4	-64.276
468.45	-64.273
468.5	-64.269
468.55	-64.265
468.6	-64.261
468.65	-64.257
468.7	-64.254
468.75	-64.251
468.8	-64.248
468.85	-64.246
468.9	-64.244
468.95	-64.243
469.0	-64.243
469.05	-64.243
469.1	-64.244
469.15	-64.246
469.2	-64.248
469.25	-64.251
469.3	-64.254
469.35	-64.258
469.4	-64.262
469.45	-64.267
469.5	-64.273
469.55	-64.277
469.6	-64.283
469.65	-64.287
469.7	-64.293
469.75	-64.295
469.8	-64.299
469.85	-64.3
469.9	-64.302
469.95	-64.303
470.0	-64.305
470.05	-64.305
470.1	-64.308
470.15	-64.308
470.2	-64.308
470.25	-64.307
470.3	-64.306
470.35	-64.304
470.4	-64.302
470.45	-64.299
470.5	-64.296
470.55	-64.292
470.6	-64.287
470.65	-64.282
470.7	-64.277
470.75	-64.27
470.8	-64.263
470.85	-64.254
470.9	-64.245
470.95	-64.234
471.0	-64.222
471.05	-64.209
471.1	-64.195
471.15	-64.179
471.2	-64.161
471.25	-64.142
471.3	-64.121
471.35	-64.099
471.4	-64.076
471.45	-64.051
471.5	-64.024
471.55	-63.997
471.6	-63.969
471.65	-63.941
471.7	-63.914
471.75	-63.886
471.8	-63.859
471.85	-63.833
471.9	-63.808
471.95	-63.783
472.0	-63.76
472.05	-63.737
472.1	-63.717
472.15	-63.697
472.2	-63.679
472.25	-63.662
472.3	-63.647
472.35	-63.633
472.4	-63.62
472.45	-63.607
472.5	-63.596
472.55	-63.585
472.6	-63.575
472.65	-63.565
472.7	-63.556
472.75	-63.546
472.8	-63.536
472.85	-63.526
472.9	-63.516
472.95	-63.505
473.0	-63.494
473.05	-63.483
473.1	-63.47
473.15	-63.458
473.2	-63.445
473.25	-63.432
473.3	-63.419
473.35	-63.406
473.4	-63.394
473.45	-63.382
473.5	-63.371
473.55	-63.361
473.6	-63.353
473.65	-63.345
473.7	-63.339
473.75	-63.335
473.8	-63.332
473.85	-63.332
473.9	-63.332
473.95	-63.336
474.0	-63.34
474.05	-63.347
474.1	-63.355
474.15	-63.365
474.2	-63.377
474.25	-63.39
474.3	-63.405
474.35	-63.422
474.4	-63.44
474.45	-63.46
474.5	-63.48
474.55	-63.502
474.6	-63.523
474.65	-63.545
474.7	-63.567
474.75	-63.588
474.8	-63.608
474.85	-63.627
474.9	-63.644
474.95	-63.659
475.0	-63.673
475.05	-63.685
475.1	-63.695
475.15	-63.703
475.2	-63.709
475.25	-63.713
475.3	-63.715
475.35	-63.716
475.4	-63.714
475.45	-63.711
475.5	-63.707
475.55	-63.7
475.6	-63.692
475.65	-63.683
475.7	-63.673
475.75	-63.661
475.8	-63.648
475.85	-63.634
475.9	-63.619
475.95	-63.603
476.0	-63.586
476.05	-63.569
476.1	-63.55
476.15	-63.532
476.2	-63.512
476.25	-63.493
476.3	-63.473
476.35	-63.453
476.4	-63.433
476.45	-63.413
476.5	-63.392
476.55	-63.371
476.6	-63.35
476.65	-63.329
476.7	-63.308
476.75	-63.287
476.8	-63.266
476.85	-63.245
476.9	-63.223
476.95	-63.2
477.0	-63.177
477.05	-63.154
477.1	-63.13
477.15	-63.106
477.2	-63.081
477.25	-63.056
477.3	-63.03
477.35	-63.005
477.4	-62.978
477.45	-62.952
477.5	-62.926
477.55	-62.901
477.6	-62.876
477.65	-62.852
477.7	-62.829
477.75	-62.807
477.8	-62.785
477.85	-62.765
477.9	-62.746
477.95	-62.728
478.0	-62.711
478.05	-62.695
478.1	-62.681
478.15	-62.667
478.2	-62.655
478.25	-62.644
478.3	-62.634
478.35	-62.626
478.4	-62.618
478.45	-62.613
478.5	-62.608
478.55	-62.605
478.6	-62.603
478.65	-62.602
478.7	-62.603
478.75	-62.605
478.8	-62.608
478.85	-62.612
478.9	-62.618
478.95	-62.624
479.0	-62.632
479.05	-62.64
479.1	-62.649
479.15	-62.659
479.2	-62.669
479.25	-62.679
479.3	-62.689
479.35	-62.7
479.4	-62.709
479.45	-62.718
479.5	-62.726
479.55	-62.732
479.6	-62.738
479.65	-62.742
479.7	-62.744
479.75	-62.745
479.8	-62.744
479.85	-62.741
479.9	-62.736
479.95	-62.729
480.0	-62.721
480.05	-62.71
480.1	-62.697
480.15	-62.683
480.2	-62.666
480.25	-62.648
480.3	-62.628
480.35	-62.606
480.4	-62.583
480.45	-62.559
480.5	-62.534
480.55	-62.507
480.6	-62.48
480.65	-62.452
480.7	-62.424
480.75	-62.396
480.8	-62.368
480.85	-62.341
480.9	-62.314
480.95	-62.289
481.0	-62.263
481.05	-62.239
481.1	-62.216
481.15	-62.193
481.2	-62.172
481.25	-62.152
481.3	-62.134
481.35	-62.117
481.4	-62.102
481.45	-62.088
481.5	-62.075
481.55	-62.063
481.6	-62.052
481.65	-62.041
481.7	-62.031
481.75	-62.022
481.8	-62.012
481.85	-62.003
481.9	-61.992
481.95	-61.982
482.0	-61.97
482.05	-61.957
482.1	-61.942
482.15	-61.927
482.2	-61.91
482.25	-61.891
482.3	-61.87
482.35	-61.847
482.4	-61.822
482.45	-61.795
482.5	-61.765
482.55	-61.734
482.6	-61.701
482.65	-61.667
482.7	-61.633
482.75	-61.599
482.8	-61.566
482.85	-61.535
482.9	-61.506
482.95	-61.479
483.0	-61.457
483.05	-61.437
483.1	-61.422
483.15	-61.411
483.2	-61.404
483.25	-61.401
483.3	-61.401
483.35	-61.404
483.4	-61.411
483.45	-61.422
483.5	-61.435
483.55	-61.451
483.6	-61.47
483.65	-61.491
483.7	-61.513
483.75	-61.535
483.8	-61.558
483.85	-61.581
483.9	-61.602
483.95	-61.623
484.0	-61.642
484.05	-61.659
484.1	-61.675
484.15	-61.688
484.2	-61.699
484.25	-61.708
484.3	-61.715
484.35	-61.719
484.4	-61.722
484.45	-61.722
484.5	-61.72
484.55	-61.716
484.6	-61.71
484.65	-61.702
484.7	-61.692
484.75	-61.681
484.8	-61.668
484.85	-61.654
484.9	-61.639
484.95	-61.623
485.0	-61.606
485.05	-61.589
485.1	-61.571
485.15	-61.553
485.2	-61.536
485.25	-61.518
485.3	-61.502
485.35	-61.486
485.4	-61.471
485.45	-61.457
485.5	-61.444
485.55	-61.432
485.6	-61.421
485.65	-61.41
485.7	-61.4
485.75	-61.391
485.8	-61.382
485.85	-61.374
485.9	-61.367
485.95	-61.359
486.0	-61.352
486.05	-61.344
486.1	-61.337
486.15	-61.329
486.2	-61.321
486.25	-61.312
486.3	-61.303
486.35	-61.294
486.4	-61.283
486.45	-61.272
486.5	-61.26
486.55	-61.247
486.6	-61.234
486.65	-61.219
486.7	-61.205
486.75	-61.19
486.8	-61.174
486.85	-61.158
486.9	-61.143
486.95	-61.128
487.0	-61.113
487.05	-61.098
487.1	-61.084
487.15	-61.071
487.2	-61.059
487.25	-61.048
487.3	-61.038
487.35	-61.028
487.4	-61.021
487.45	-61.014
487.5	-61.009
487.55	-61.005
487.6	-61.003
487.65	-61.003
487.7	-61.004
487.75	-61.007
487.8	-61.012
487.85	-61.018
487.9	-61.026
487.95	-61.036
488.0	-61.047
488.05	-61.059
488.1	-61.073
488.15	-61.088
488.2	-61.105
488.25	-61.122
488.3	-61.139
488.35	-61.156
488.4	-61.173
488.45	-61.19
488.5	-61.206
488.55	-61.221
488.6	-61.236
488.65	-61.249
488.7	-61.261
488.75	-61.271
488.8	-61.28
488.85	-61.287
488.9	-61.292
488.95	-61.295
489.0	-61.297
489.05	-61.296
489.1	-61.294
489.15	-61.289
489.2	-61.283
489.25	-61.274
489.3	-61.263
489.35	-61.251
489.4	-61.236
489.45	-61.22
489.5	-61.202
489.55	-61.182
489.6	-61.16
489.65	-61.137
489.7	-61.113
489.75	-61.087
489.8	-61.062
489.85	-61.036
489.9	-61.01
489.95	-60.984
490.0	-60.959
490.05	-60.934
490.1	-60.909
490.15	-60.886
490.2	-60.862
490.25	-60.84
490.3	-60.819
490.35	-60.798
490.4	-60.778
490.45	-60.759
490.5	-60.74
490.55	-60.722
490.6	-60.705
490.65	-60.688
490.7	-60.672
490.75	-60.656
490.8	-60.641
490.85	-60.626
490.9	-60.611
490.95	-60.597
491.0	-60.584
491.05	-60.571
491.1	-60.558
491.15	-60.546
491.2	-60.535
491.25	-60.525
491.3	-60.516
491.35	-60.507
491.4	-60.499
491.45	-60.493
491.5	-60.487
491.55	-60.483
491.6	-60.48
491.65	-60.478
491.7	-60.478
491.75	-60.479
491.8	-60.481
491.85	-60.486
491.9	-60.492
491.95	-60.501
492.0	-60.511
492.05	-60.523
492.1	-60.538
492.15	-60.554
492.2	-60.573
492.25	-60.595
492.3	-60.618
492.35	-60.643
492.4	-60.671
492.45	-60.7
492.5	-60.73
492.55	-60.761
492.6	-60.793
492.65	-60.825
492.7	-60.857
492.75	-60.888
492.8	-60.918
492.85	-60.946
492.9	-60.971
492.95	-60.995
493.0	-61.015
493.05	-61.033
493.1	-61.048
493.15	-61.06
493.2	-61.069
493.25	-61.074
493.3	-61.077
493.35	-61.077
493.4	-61.073
493.45	-61.067
493.5	-61.057
493.55	-61.045
493.6	-61.029
493.65	-61.009
493.7	-60.987
493.75	-60.961
493.8	-60.933
493.85	-60.901
493.9	-60.867
493.95	-60.83
494.0	-60.791
494.05	-60.749
494.1	-60.705
494.15	-60.659
494.2	-60.612
494.25	-60.565
494.3	-60.518
494.35	-60.472
494.4	-60.428
494.45	-60.385
494.5	-60.344
494.55	-60.305
494.6	-60.267
494.65	-60.231
494.7	-60.197
494.75	-60.166
494.8	-60.135
494.85	-60.107
494.9	-60.08
494.95	-60.056
495.0	-60.032
495.05	-60.011
495.1	-59.99
495.15	-59.97
495.2	-59.951
495.25	-59.933
495.3	-59.916
495.35	-59.899
495.4	-59.882
495.45	-59.865
495.5	-59.848
495.55	-59.832
495.6	-59.815
495.65	-59.798
495.7	-59.781
495.75	-59.765
495.8	-59.748
495.85	-59.731
495.9	-59.714
495.95	-59.697
496.0	-59.68
496.05	-59.664
496.1	-59.647
496.15	-59.631
496.2	-59.615
496.25	-59.6
496.3	-59.586
496.35	-59.573
496.4	-59.56
496.45	-59.549
496.5	-59.538
496.55	-59.529
496.6	-59.52
496.65	-59.513
496.7	-59.506
496.75	-59.5
496.8	-59.496
496.85	-59.492
496.9	-59.489
496.95	-59.487
497.0	-59.487
497.05	-59.486
497.1	-59.487
497.15	-59.488
497.2	-59.49
497.25	-59.492
497.3	-59.494
497.35	-59.496
497.4	-59.498
497.45	-59.5
497.5	-59.501
497.55	-59.502
497.6	-59.502
497.65	-59.502
497.7	-59.5
497.75	-59.497
497.8	-59.493
497.85	-59.488
497.9	-59.481
497.95	-59.474
498.0	-59.465
498.05	-59.454
498.1	-59.443
498.15	-59.43
498.2	-59.415
498.25	-59.399
498.3	-59.382
498.35	-59.364
498.4	-59.344
498.45	-59.323
498.5	-59.3
498.55	-59.276
498.6	-59.252
498.65	-59.226
498.7	-59.199
498.75	-59.171
498.8	-59.142
498.85	-59.113
498.9	-59.084
498.95	-59.056
499.0	-59.028
499.05	-59.002
499.1	-58.977
499.15	-58.953
499.2	-58.93
499.25	-58.91
499.3	-58.89
499.35	-58.873
499.4	-58.856
499.45	-58.841
499.5	-58.828
499.55	-58.815
499.6	-58.803
499.65	-58.793
499.7	-58.783
499.75	-58.775
499.8	-58.767
499.85	-58.759
499.9	-58.752
499.95	-58.746
500.0	-58.74
500.05	-58.734
500.1	-58.728
500.15	-58.723
500.2	-58.718
500.25	-58.713
500.3	-58.708
500.35	-58.703
500.4	-58.698
500.45	-58.694
500.5	-58.689
500.55	-58.685
500.6	-58.681
500.65	-58.678
500.7	-58.675
500.75	-58.672
500.8	-58.67
500.85	-58.669
500.9	-58.668
500.95	-58.668
501.0	-58.67
501.05	-58.672
501.1	-58.675
501.15	-58.679
501.2	-58.684
501.25	-58.69
501.3	-58.697
501.35	-58.704
501.4	-58.713
501.45	-58.722
501.5	-58.733
501.55	-58.743
501.6	-58.754
501.65	-58.765
501.7	-58.776
501.75	-58.787
501.8	-58.798
501.85	-58.809
501.9	-58.819
501.95	-58.829
502.0	-58.837
502.05	-58.844
502.1	-58.849
502.15	-58.853
502.2	-58.855
502.25	-58.855
502.3	-58.853
502.35	-58.849
502.4	-58.843
502.45	-58.835
502.5	-58.825
502.55	-58.813
502.6	-58.799
502.65	-58.783
502.7	-58.765
502.75	-58.745
502.8	-58.724
502.85	-58.702
502.9	-58.678
502.95	-58.654
503.0	-58.629
503.05	-58.603
503.1	-58.577
503.15	-58.55
503.2	-58.523
503.25	-58.494
503.3	-58.466
503.35	-58.437
503.4	-58.408
503.45	-58.379
503.5	-58.35
503.55	-58.321
503.6	-58.292
503.65	-58.264
503.7	-58.235
503.75	-58.208
503.8	-58.18
503.85	-58.154
503.9	-58.128
503.95	-58.103
504.0	-58.079
504.05	-58.057
504.1	-58.035
504.15	-58.015
504.2	-57.997
504.25	-57.979
504.3	-57.963
504.35	-57.948
504.4	-57.935
504.45	-57.922
504.5	-57.911
504.55	-57.9
504.6	-57.891
504.65	-57.882
504.7	-57.875
504.75	-57.868
504.8	-57.862
504.85	-57.856
504.9	-57.851
504.95	-57.846
505.0	-57.842
505.05	-57.839
505.1	-57.836
505.15	-57.833
505.2	-57.832
505.25	-57.831
505.3	-57.831
505.35	-57.831
505.4	-57.833
505.45	-57.835
505.5	-57.838
505.55	-57.843
505.6	-57.849
505.65	-57.856
505.7	-57.865
505.75	-57.875
505.8	-57.887
505.85	-57.901
505.9	-57.917
505.95	-57.935
506.0	-57.954
506.05	-57.976
506.1	-57.999
506.15	-58.023
506.2	-58.048
506.25	-58.075
506.3	-58.101
506.35	-58.128
506.4	-58.154
506.45	-58.179
506.5	-58.202
506.55	-58.224
506.6	-58.243
506.65	-58.26
506.7	-58.274
506.75	-58.286
506.8	-58.296
506.85	-58.303
506.9	-58.308
506.95	-58.311
507.0	-58.311
507.05	-58.309
507.1	-58.304
507.15	-58.297
507.2	-58.288
507.25	-58.276
507.3	-58.263
507.35	-58.247
507.4	-58.229
507.45	-58.21
507.5	-58.189
507.55	-58.166
507.6	-58.142
507.65	-58.116
507.7	-58.09
507.75	-58.062
507.8	-58.034
507.85	-58.006
507.9	-57.979
507.95	-57.952
508.0	-57.926
508.05	-57.901
508.1	-57.877
508.15	-57.855
508.2	-57.834
508.25	-57.815
508.3	-57.798
508.35	-57.784
508.4	-57.771
508.45	-57.761
508.5	-57.753
508.55	-57.747
508.6	-57.743
508.65	-57.741
508.7	-57.742
508.75	-57.744
508.8	-57.748
508.85	-57.754
508.9	-57.761
508.95	-57.77
509.0	-57.781
509.05	-57.792
509.1	-57.804
509.15	-57.816
509.2	-57.828
509.25	-57.839
509.3	-57.85
509.35	-57.86
509.4	-57.87
509.45	-57.878
509.5	-57.885
509.55	-57.891
509.6	-57.895
509.65	-57.899
509.7	-57.9
509.75	-57.9
509.8	-57.899
509.85	-57.896
509.9	-57.891
509.95	-57.886
510.0	-57.879
510.05	-57.872
510.1	-57.863
510.15	-57.854
510.2	-57.845
510.25	-57.835
510.3	-57.826
510.35	-57.818
510.4	-57.811
510.45	-57.804
510.5	-57.799
510.55	-57.795
510.6	-57.791
510.65	-57.789
510.7	-57.787
510.75	-57.785
510.8	-57.784
510.85	-57.783
510.9	-57.782
510.95	-57.78
511.0	-57.777
511.05	-57.773
511.1	-57.768
511.15	-57.762
511.2	-57.753
511.25	-57.742
511.3	-57.729
511.35	-57.713
511.4	-57.694
511.45	-57.672
511.5	-57.648
511.55	-57.622
511.6	-57.593
511.65	-57.561
511.7	-57.529
511.75	-57.495
511.8	-57.46
511.85	-57.425
511.9	-57.39
511.95	-57.355
512.0	-57.321
512.05	-57.288
512.1	-57.255
512.15	-57.225
512.2	-57.195
512.25	-57.167
512.3	-57.141
512.35	-57.118
512.4	-57.096
512.45	-57.076
512.5	-57.058
512.55	-57.042
512.6	-57.028
512.65	-57.016
512.7	-57.004
512.75	-56.994
512.8	-56.985
512.85	-56.977
512.9	-56.969
512.95	-56.962
513.0	-56.955
513.05	-56.948
513.1	-56.94
513.15	-56.933
513.2	-56.925
513.25	-56.916
513.3	-56.907
513.35	-56.897
513.4	-56.887
513.45	-56.875
513.5	-56.863
513.55	-56.85
513.6	-56.836
513.65	-56.822
513.7	-56.807
513.75	-56.792
513.8	-56.777
513.85	-56.761
513.9	-56.745
513.95	-56.729
514.0	-56.713
514.05	-56.698
514.1	-56.682
514.15	-56.667
514.2	-56.652
514.25	-56.638
514.3	-56.625
514.35	-56.612
514.4	-56.599
514.45	-56.587
514.5	-56.576
514.55	-56.566
514.6	-56.556
514.65	-56.547
514.7	-56.538
514.75	-56.53
514.8	-56.523
514.85	-56.517
514.9	-56.511
514.95	-56.506
515.0	-56.502
515.05	-56.498
515.1	-56.495
515.15	-56.492
515.2	-56.491
515.25	-56.489
515.3	-56.489
515.35	-56.488
515.4	-56.488
515.45	-56.488
515.5	-56.489
515.55	-56.489
515.6	-56.489
515.65	-56.488
515.7	-56.487
515.75	-56.486
515.8	-56.484
515.85	-56.481
515.9	-56.476
515.95	-56.471
516.0	-56.464
516.05	-56.456
516.1	-56.446
516.15	-56.435
516.2	-56.422
516.25	-56.407
516.3	-56.39
516.35	-56.371
516.4	-56.351
516.45	-56.328
516.5	-56.304
516.55	-56.279
516.6	-56.252
516.65	-56.223
516.7	-56.194
516.75	-56.163
516.8	-56.132
516.85	-56.1
516.9	-56.068
516.95	-56.036
517.0	-56.004
517.05	-55.973
517.1	-55.943
517.15	-55.914
517.2	-55.886
517.25	-55.86
517.3	-55.834
517.35	-55.81
517.4	-55.788
517.45	-55.766
517.5	-55.746
517.55	-55.726
517.6	-55.708
517.65	-55.691
517.7	-55.675
517.75	-55.66
517.8	-55.646
517.85	-55.632
517.9	-55.618
517.95	-55.605
518.0	-55.592
518.05	-55.579
518.1	-55.565
518.15	-55.551
518.2	-55.537
518.25	-55.522
518.3	-55.506
518.35	-55.49
518.4	-55.473
518.45	-55.456
518.5	-55.438
518.55	-55.42
518.6	-55.402
518.65	-55.385
518.7	-55.367
518.75	-55.35
518.8	-55.334
518.85	-55.317
518.9	-55.302
518.95	-55.286
519.0	-55.272
519.05	-55.259
519.1	-55.246
519.15	-55.234
519.2	-55.223
519.25	-55.214
519.3	-55.205
519.35	-55.197
519.4	-55.191
519.45	-55.186
519.5	-55.181
519.55	-55.178
519.6	-55.176
519.65	-55.175
519.7	-55.174
519.75	-55.175
519.8	-55.177
519.85	-55.179
519.9	-55.181
519.95	-55.184
520.0	-55.187
520.05	-55.191
520.1	-55.194
520.15	-55.197
520.2	-55.2
520.25	-55.202
520.3	-55.204
520.35	-55.205
520.4	-55.205
520.45	-55.204
520.5	-55.202
520.55	-55.199
520.6	-55.194
520.65	-55.188
520.7	-55.181
520.75	-55.172
520.8	-55.161
520.85	-55.15
520.9	-55.136
520.95	-55.12
521.0	-55.103
521.05	-55.084
521.1	-55.063
521.15	-55.04
521.2	-55.016
521.25	-54.991
521.3	-54.964
521.35	-54.936
521.4	-54.907
521.45	-54.878
521.5	-54.848
521.55	-54.818
521.6	-54.787
521.65	-54.757
521.7	-54.727
521.75	-54.697
521.8	-54.668
521.85	-54.639
521.9	-54.61
521.95	-54.582
522.0	-54.554
522.05	-54.526
522.1	-54.499
522.15	-54.472
522.2	-54.446
522.25	-54.42
522.3	-54.395
522.35	-54.37
522.4	-54.346
522.45	-54.323
522.5	-54.301
522.55	-54.28
522.6	-54.26
522.65	-54.241
522.7	-54.222
522.75	-54.205
522.8	-54.188
522.85	-54.173
522.9	-54.159
522.95	-54.145
523.0	-54.133
523.05	-54.122
523.1	-54.111
523.15	-54.102
523.2	-54.094
523.25	-54.086
523.3	-54.08
523.35	-54.073
523.4	-54.068
523.45	-54.063
523.5	-54.059
523.55	-54.055
523.6	-54.051
523.65	-54.047
523.7	-54.044
523.75	-54.041
523.8	-54.039
523.85	-54.037
523.9	-54.034
523.95	-54.033
524.0	-54.031
524.05	-54.03
524.1	-54.029
524.15	-54.029
524.2	-54.03
524.25	-54.031
524.3	-54.032
524.35	-54.034
524.4	-54.036
524.45	-54.039
524.5	-54.042
524.55	-54.045
524.6	-54.048
524.65	-54.05
524.7	-54.053
524.75	-54.055
524.8	-54.056
524.85	-54.057
524.9	-54.057
524.95	-54.056
525.0	-54.054
525.05	-54.051
525.1	-54.047
525.15	-54.042
525.2	-54.036
525.25	-54.029
525.3	-54.021
525.35	-54.011
525.4	-54.001
525.45	-53.991
525.5	-53.979
525.55	-53.967
525.6	-53.954
525.65	-53.94
525.7	-53.926
525.75	-53.912
525.8	-53.898
525.85	-53.883
525.9	-53.869
525.95	-53.853
526.0	-53.838
526.05	-53.824
526.1	-53.809
526.15	-53.795
526.2	-53.78
526.25	-53.766
526.3	-53.751
526.35	-53.737
526.4	-53.722
526.45	-53.707
526.5	-53.692
526.55	-53.677
526.6	-53.661
526.65	-53.645
526.7	-53.629
526.75	-53.612
526.8	-53.594
526.85	-53.577
526.9	-53.558
526.95	-53.539
527.0	-53.519
527.05	-53.498
527.1	-53.476
527.15	-53.453
527.2	-53.43
527.25	-53.406
527.3	-53.382
527.35	-53.358
527.4	-53.333
527.45	-53.308
527.5	-53.283
527.55	-53.257
527.6	-53.231
527.65	-53.205
527.7	-53.179
527.75	-53.153
527.8	-53.127
527.85	-53.1
527.9	-53.074
527.95	-53.047
528.0	-53.021
528.05	-52.995
528.1	-52.969
528.15	-52.943
528.2	-52.918
528.25	-52.893
528.3	-52.868
528.35	-52.845
528.4	-52.822
528.45	-52.8
528.5	-52.78
528.55	-52.76
528.6	-52.741
528.65	-52.723
528.7	-52.706
528.75	-52.689
528.8	-52.673
528.85	-52.657
528.9	-52.642
528.95	-52.626
529.0	-52.61
529.05	-52.594
529.1	-52.577
529.15	-52.559
529.2	-52.539
529.25	-52.517
529.3	-52.493
529.35	-52.467
529.4	-52.438
529.45	-52.406
529.5	-52.371
529.55	-52.331
529.6	-52.288
529.65	-52.241
529.7	-52.189
529.75	-52.132
529.8	-52.069
529.85	-52.0
529.9	-51.926
529.95	-51.845
530.0	-51.759
530.05	-51.667
530.1	-51.569
530.15	-51.465
530.2	-51.353
530.25	-51.234
530.3	-51.106
530.35	-50.969
530.4	-50.823
530.45	-50.666
530.5	-50.5
530.55	-50.326
530.6	-50.144
530.65	-49.956
530.7	-49.759
530.75	-49.555
530.8	-49.341
530.85	-49.117
530.9	-48.881
530.95	-48.633
531.0	-48.375
531.05	-48.108
531.1	-47.829
531.15	-47.537
531.2	-47.225
531.25	-46.894
531.3	-46.543
531.35	-46.173
531.4	-45.785
531.45	-45.376
531.5	-44.95
531.55	-44.503
531.6	-44.033
531.65	-43.533
531.7	-42.997
531.75	-42.43
531.8	-41.84
531.85	-41.224
531.9	-40.575
531.95	-39.869
532.0	-39.101
532.05	-38.287
532.1	-37.435
532.15	-36.544
532.2	-35.583
532.25	-34.498
532.3	-33.305
532.35	-32.08
532.4	-30.817
532.45	-29.438
532.5	-27.955
532.55	-26.483
532.6	-25.013
532.65	-23.479
532.7	-21.939
532.75	-20.46
532.8	-19.018
532.85	-17.587
532.9	-16.13
532.95	-14.701
533.0	-13.344
533.05	-12.04
533.1	-10.829
533.15	-9.7
533.2	-8.645
533.25	-7.648
533.3	-6.688
533.35	-5.778
533.4	-4.941
533.45	-4.166
533.5	-3.444
533.55	-2.776
533.6	-2.158
533.65	-1.573
533.7	-1.012
533.75	-0.48
533.8	0.022
533.85	0.503
533.9	0.975
533.95	1.435
534.0	1.865
534.05	2.256
534.1	2.61
534.15	2.93
534.2	3.224
534.25	3.497
534.3	3.753
534.35	3.994
534.4	4.221
534.45	4.436
534.5	4.641
534.55	4.839
534.6	5.034
534.65	5.225
534.7	5.413
534.75	5.598
534.8	5.781
534.85	5.961
534.9	6.141
534.95	6.32
535.0	6.498
535.05	6.67
535.1	6.833
535.15	6.985
535.2	7.128
535.25	7.263
535.3	7.391
535.35	7.513
535.4	7.63
535.45	7.742
535.5	7.849
535.55	7.952
535.6	8.049
535.65	8.143
535.7	8.233
535.75	8.319
535.8	8.401
535.85	8.479
535.9	8.554
535.95	8.625
536.0	8.693
536.05	8.757
536.1	8.818
536.15	8.876
536.2	8.93
536.25	8.981
536.3	9.029
536.35	9.076
536.4	9.119
536.45	9.161
536.5	9.199
536.55	9.236
536.6	9.271
536.65	9.305
536.7	9.337
536.75	9.369
536.8	9.398
536.85	9.426
536.9	9.453
536.95	9.478
537.0	9.502
537.05	9.524
537.1	9.545
537.15	9.565
537.2	9.583
537.25	9.6
537.3	9.615
537.35	9.627
537.4	9.638
537.45	9.646
537.5	9.652
537.55	9.656
537.6	9.658
537.65	9.657
537.7	9.653
537.75	9.647
537.8	9.639
537.85	9.628
537.9	9.615
537.95	9.6
538.0	9.582
538.05	9.561
538.1	9.539
538.15	9.515
538.2	9.49
538.25	9.464
538.3	9.438
538.35	9.412
538.4	9.385
538.45	9.359
538.5	9.333
538.55	9.308
538.6	9.283
538.65	9.26
538.7	9.237
538.75	9.214
538.8	9.193
538.85	9.171
538.9	9.151
538.95	9.13
539.0	9.111
539.05	9.092
539.1	9.074
539.15	9.056
539.2	9.039
539.25	9.023
539.3	9.008
539.35	8.993
539.4	8.98
539.45	8.967
539.5	8.955
539.55	8.944
539.6	8.933
539.65	8.923
539.7	8.913
539.75	8.903
539.8	8.893
539.85	8.883
539.9	8.872
539.95	8.862
540.0	8.851
540.05	8.839
540.1	8.827
540.15	8.815
540.2	8.802
540.25	8.788
540.3	8.774
540.35	8.76
540.4	8.744
540.45	8.728
540.5	8.711
540.55	8.694
540.6	8.675
540.65	8.655
540.7	8.634
540.75	8.612
540.8	8.588
540.85	8.562
540.9	8.535
540.95	8.505
541.0	8.474
541.05	8.439
541.1	8.402
541.15	8.362
541.2	8.318
541.25	8.272
541.3	8.222
541.35	8.17
541.4	8.116
541.45	8.06
541.5	8.002
541.55	7.942
541.6	7.881
541.65	7.819
541.7	7.754
541.75	7.689
541.8	7.622
541.85	7.555
541.9	7.487
541.95	7.418
542.0	7.348
542.05	7.277
542.1	7.204
542.15	7.13
542.2	7.055
542.25	6.978
542.3	6.9
542.35	6.821
542.4	6.74
542.45	6.659
542.5	6.576
542.55	6.493
542.6	6.41
542.65	6.327
542.7	6.246
542.75	6.167
542.8	6.09
542.85	6.016
542.9	5.944
542.95	5.874
543.0	5.805
543.05	5.738
543.1	5.673
543.15	5.608
543.2	5.546
543.25	5.485
543.3	5.426
543.35	5.369
543.4	5.314
543.45	5.26
543.5	5.209
543.55	5.161
543.6	5.115
543.65	5.072
543.7	5.031
543.75	4.993
543.8	4.957
543.85	4.923
543.9	4.89
543.95	4.859
544.0	4.83
544.05	4.801
544.1	4.772
544.15	4.743
544.2	4.714
544.25	4.684
544.3	4.653
544.35	4.621
544.4	4.588
544.45	4.553
544.5	4.517
544.55	4.479
544.6	4.44
544.65	4.4
544.7	4.359
544.75	4.316
544.8	4.272
544.85	4.227
544.9	4.181
544.95	4.134
545.0	4.085
545.05	4.035
545.1	3.984
545.15	3.931
545.2	3.877
545.25	3.821
545.3	3.764
545.35	3.706
545.4	3.646
545.45	3.584
545.5	3.521
545.55	3.456
545.6	3.391
545.65	3.325
545.7	3.258
545.75	3.192
545.8	3.126
545.85	3.06
545.9	2.995
545.95	2.928
546.0	2.862
546.05	2.795
546.1	2.727
546.15	2.66
546.2	2.591
546.25	2.522
546.3	2.452
546.35	2.381
546.4	2.31
546.45	2.237
546.5	2.163
546.55	2.087
546.6	2.009
546.65	1.93
546.7	1.85
546.75	1.769
546.8	1.686
546.85	1.601
546.9	1.513
546.95	1.423
547.0	1.33
547.05	1.235
547.1	1.138
547.15	1.037
547.2	0.935
547.25	0.831
547.3	0.726
547.35	0.623
547.4	0.522
547.45	0.422
547.5	0.322
547.55	0.222
547.6	0.124
547.65	0.027
547.7	-0.069
547.75	-0.163
547.8	-0.254
547.85	-0.344
547.9	-0.432
547.95	-0.52
548.0	-0.606
548.05	-0.692
548.1	-0.775
548.15	-0.858
548.2	-0.938
548.25	-1.015
548.3	-1.09
548.35	-1.163
548.4	-1.235
548.45	-1.305
548.5	-1.375
548.55	-1.444
548.6	-1.512
548.65	-1.578
548.7	-1.644
548.75	-1.709
548.8	-1.775
548.85	-1.84
548.9	-1.906
548.95	-1.973
549.0	-2.041
549.05	-2.11
549.1	-2.18
549.15	-2.252
549.2	-2.325
549.25	-2.399
549.3	-2.475
549.35	-2.551
549.4	-2.628
549.45	-2.707
549.5	-2.786
549.55	-2.866
549.6	-2.946
549.65	-3.026
549.7	-3.107
549.75	-3.189
549.8	-3.27
549.85	-3.352
549.9	-3.433
549.95	-3.514
550.0	-3.596
550.05	-3.677
550.1	-3.758
550.15	-3.837
550.2	-3.917
550.25	-3.996
550.3	-4.075
550.35	-4.154
550.4	-4.233
550.45	-4.311
550.5	-4.388
550.55	-4.464
550.6	-4.539
550.65	-4.611
550.7	-4.682
550.75	-4.752
550.8	-4.821
550.85	-4.888
550.9	-4.955
550.95	-5.021
551.0	-5.086
551.05	-5.149
551.1	-5.21
551.15	-5.269
551.2	-5.325
551.25	-5.379
551.3	-5.432
551.35	-5.482
551.4	-5.53
551.45	-5.578
551.5	-5.624
551.55	-5.669
551.6	-5.714
551.65	-5.76
551.7	-5.805
551.75	-5.851
551.8	-5.896
551.85	-5.942
551.9	-5.987
551.95	-6.032
552.0	-6.077
552.05	-6.122
552.1	-6.167
552.15	-6.212
552.2	-6.256
552.25	-6.299
552.3	-6.342
552.35	-6.383
552.4	-6.424
552.45	-6.463
552.5	-6.501
552.55	-6.537
552.6	-6.572
552.65	-6.605
552.7	-6.637
552.75	-6.666
552.8	-6.694
552.85	-6.72
552.9	-6.744
552.95	-6.767
553.0	-6.788
553.05	-6.807
553.1	-6.825
553.15	-6.842
553.2	-6.859
553.25	-6.876
553.3	-6.892
553.35	-6.91
553.4	-6.927
553.45	-6.946
553.5	-6.966
553.55	-6.987
553.6	-7.011
553.65	-7.036
553.7	-7.064
553.75	-7.094
553.8	-7.127
553.85	-7.163
553.9	-7.201
553.95	-7.243
554.0	-7.288
554.05	-7.335
554.1	-7.385
554.15	-7.437
554.2	-7.491
554.25	-7.547
554.3	-7.604
554.35	-7.664
554.4	-7.725
554.45	-7.787
554.5	-7.851
554.55	-7.915
554.6	-7.981
554.65	-8.047
554.7	-8.114
554.75	-8.182
554.8	-8.25
554.85	-8.318
554.9	-8.387
554.95	-8.457
555.0	-8.528
555.05	-8.599
555.1	-8.669
555.15	-8.739
555.2	-8.808
555.25	-8.877
555.3	-8.945
555.35	-9.011
555.4	-9.077
555.45	-9.142
555.5	-9.207
555.55	-9.27
555.6	-9.333
555.65	-9.396
555.7	-9.46
555.75	-9.524
555.8	-9.588
555.85	-9.654
555.9	-9.721
555.95	-9.79
556.0	-9.862
556.05	-9.935
556.1	-10.011
556.15	-10.087
556.2	-10.166
556.25	-10.246
556.3	-10.325
556.35	-10.404
556.4	-10.482
556.45	-10.559
556.5	-10.634
556.55	-10.707
556.6	-10.779
556.65	-10.848
556.7	-10.917
556.75	-10.983
556.8	-11.048
556.85	-11.111
556.9	-11.173
556.95	-11.233
557.0	-11.293
557.05	-11.352
557.1	-11.41
557.15	-11.467
557.2	-11.524
557.25	-11.579
557.3	-11.633
557.35	-11.687
557.4	-11.74
557.45	-11.791
557.5	-11.841
557.55	-11.89
557.6	-11.939
557.65	-11.986
557.7	-12.034
557.75	-12.082
557.8	-12.131
557.85	-12.181
557.9	-12.232
557.95	-12.285
558.0	-12.339
558.05	-12.396
558.1	-12.454
558.15	-12.514
558.2	-12.575
558.25	-12.637
558.3	-12.701
558.35	-12.768
558.4	-12.836
558.45	-12.906
558.5	-12.977
558.55	-13.05
558.6	-13.125
558.65	-13.201
558.7	-13.28
558.75	-13.359
558.8	-13.44
558.85	-13.52
558.9	-13.601
558.95	-13.682
559.0	-13.763
559.05	-13.844
559.1	-13.926
559.15	-14.008
559.2	-14.091
559.25	-14.173
559.3	-14.256
559.35	-14.337
559.4	-14.418
559.45	-14.498
559.5	-14.577
559.55	-14.654
559.6	-14.731
559.65	-14.808
559.7	-14.885
559.75	-14.961
559.8	-15.037
559.85	-15.112
559.9	-15.186
559.95	-15.26
560.0	-15.332
560.05	-15.404
560.1	-15.475
560.15	-15.545
560.2	-15.615
560.25	-15.684
560.3	-15.753
560.35	-15.823
560.4	-15.892
560.45	-15.961
560.5	-16.03
560.55	-16.1
560.6	-16.169
560.65	-16.24
560.7	-16.309
560.75	-16.379
560.8	-16.45
560.85	-16.52
560.9	-16.591
560.95	-16.662
561.0	-16.734
561.05	-16.804
561.1	-16.874
561.15	-16.942
561.2	-17.008
561.25	-17.074
561.3	-17.139
561.35	-17.203
561.4	-17.267
561.45	-17.331
561.5	-17.393
561.55	-17.454
561.6	-17.513
561.65	-17.572
561.7	-17.63
561.75	-17.687
561.8	-17.742
561.85	-17.795
561.9	-17.847
561.95	-17.896
562.0	-17.943
562.05	-17.988
562.1	-18.031
562.15	-18.072
562.2	-18.112
562.25	-18.152
562.3	-18.191
562.35	-18.23
562.4	-18.269
562.45	-18.309
562.5	-18.349
562.55	-18.39
562.6	-18.432
562.65	-18.476
562.7	-18.521
562.75	-18.568
562.8	-18.617
562.85	-18.669
562.9	-18.723
562.95	-18.781
563.0	-18.843
563.05	-18.906
563.1	-18.973
563.15	-19.04
563.2	-19.11
563.25	-19.181
563.3	-19.253
563.35	-19.327
563.4	-19.403
563.45	-19.48
563.5	-19.558
563.55	-19.638
563.6	-19.72
563.65	-19.802
563.7	-19.886
563.75	-19.971
563.8	-20.057
563.85	-20.144
563.9	-20.231
563.95	-20.32
564.0	-20.411
564.05	-20.504
564.1	-20.598
564.15	-20.693
564.2	-20.789
564.25	-20.886
564.3	-20.983
564.35	-21.08
564.4	-21.177
564.45	-21.275
564.5	-21.373
564.55	-21.472
564.6	-21.571
564.65	-21.671
564.7	-21.772
564.75	-21.872
564.8	-21.973
564.85	-22.074
564.9	-22.175
564.95	-22.278
565.0	-22.383
565.05	-22.49
565.1	-22.599
565.15	-22.709
565.2	-22.82
565.25	-22.933
565.3	-23.049
565.35	-23.165
565.4	-23.281
565.45	-23.394
565.5	-23.507
565.55	-23.618
565.6	-23.728
565.65	-23.836
565.7	-23.943
565.75	-24.047
565.8	-24.149
565.85	-24.246
565.9	-24.34
565.95	-24.431
566.0	-24.52
566.05	-24.607
566.1	-24.693
566.15	-24.776
566.2	-24.857
566.25	-24.936
566.3	-25.012
566.35	-25.086
566.4	-25.158
566.45	-25.23
566.5	-25.299
566.55	-25.367
566.6	-25.433
566.65	-25.499
566.7	-25.563
566.75	-25.626
566.8	-25.69
566.85	-25.754
566.9	-25.819
566.95	-25.885
567.0	-25.952
567.05	-26.021
567.1	-26.092
567.15	-26.164
567.2	-26.238
567.25	-26.312
567.3	-26.389
567.35	-26.467
567.4	-26.547
567.45	-26.627
567.5	-26.709
567.55	-26.791
567.6	-26.874
567.65	-26.958
567.7	-27.043
567.75	-27.128
567.8	-27.213
567.85	-27.299
567.9	-27.385
567.95	-27.471
568.0	-27.559
568.05	-27.648
568.1	-27.739
568.15	-27.831
568.2	-27.925
568.25	-28.02
568.3	-28.118
568.35	-28.216
568.4	-28.316
568.45	-28.416
568.5	-28.517
568.55	-28.617
568.6	-28.718
568.65	-28.819
568.7	-28.921
568.75	-29.025
568.8	-29.129
568.85	-29.233
568.9	-29.337
568.95	-29.442
569.0	-29.546
569.05	-29.652
569.1	-29.757
569.15	-29.863
569.2	-29.968
569.25	-30.073
569.3	-30.177
569.35	-30.281
569.4	-30.383
569.45	-30.485
569.5	-30.587
569.55	-30.688
569.6	-30.788
569.65	-30.889
569.7	-30.989
569.75	-31.09
569.8	-31.19
569.85	-31.29
569.9	-31.387
569.95	-31.484
570.0	-31.579
570.05	-31.672
570.1	-31.764
570.15	-31.854
570.2	-31.945
570.25	-32.034
570.3	-32.125
570.35	-32.215
570.4	-32.306
570.45	-32.397
570.5	-32.488
570.55	-32.58
570.6	-32.672
570.65	-32.763
570.7	-32.852
570.75	-32.941
570.8	-33.029
570.85	-33.115
570.9	-33.199
570.95	-33.282
571.0	-33.365
571.05	-33.445
571.1	-33.523
571.15	-33.598
571.2	-33.67
571.25	-33.739
571.3	-33.807
571.35	-33.873
571.4	-33.938
571.45	-34.003
571.5	-34.067
571.55	-34.131
571.6	-34.194
571.65	-34.259
571.7	-34.324
571.75	-34.39
571.8	-34.456
571.85	-34.523
571.9	-34.591
571.95	-34.66
572.0	-34.73
572.05	-34.803
572.1	-34.877
572.15	-34.953
572.2	-35.03
572.25	-35.109
572.3	-35.19
572.35	-35.273
572.4	-35.357
572.45	-35.443
572.5	-35.53
572.55	-35.618
572.6	-35.708
572.65	-35.799
572.7	-35.891
572.75	-35.984
572.8	-36.078
572.85	-36.172
572.9	-36.266
572.95	-36.36
573.0	-36.453
573.05	-36.546
573.1	-36.637
573.15	-36.726
573.2	-36.815
573.25	-36.902
573.3	-36.989
573.35	-37.077
573.4	-37.163
573.45	-37.25
573.5	-37.335
573.55	-37.422
573.6	-37.509
573.65	-37.597
573.7	-37.688
573.75	-37.779
573.8	-37.872
573.85	-37.967
573.9	-38.062
573.95	-38.159
574.0	-38.259
574.05	-38.362
574.1	-38.468
574.15	-38.577
574.2	-38.687
574.25	-38.8
574.3	-38.916
574.35	-39.035
574.4	-39.156
574.45	-39.278
574.5	-39.398
574.55	-39.517
574.6	-39.633
574.65	-39.748
574.7	-39.861
574.75	-39.971
574.8	-40.079
574.85	-40.183
574.9	-40.285
574.95	-40.384
575.0	-40.48
575.05	-40.574
575.1	-40.667
575.15	-40.758
575.2	-40.848
575.25	-40.936
575.3	-41.023
575.35	-41.109
575.4	-41.193
575.45	-41.275
575.5	-41.356
575.55	-41.435
575.6	-41.512
575.65	-41.588
575.7	-41.662
575.75	-41.736
575.8	-41.808
575.85	-41.88
575.9	-41.951
575.95	-42.021
576.0	-42.091
576.05	-42.16
576.1	-42.229
576.15	-42.298
576.2	-42.365
576.25	-42.432
576.3	-42.5
576.35	-42.568
576.4	-42.636
576.45	-42.704
576.5	-42.77
576.55	-42.836
576.6	-42.901
576.65	-42.965
576.7	-43.027
576.75	-43.088
576.8	-43.149
576.85	-43.207
576.9	-43.264
576.95	-43.32
577.0	-43.373
577.05	-43.425
577.1	-43.476
577.15	-43.525
577.2	-43.573
577.25	-43.62
577.3	-43.667
577.35	-43.713
577.4	-43.759
577.45	-43.804
577.5	-43.851
577.55	-43.898
577.6	-43.946
577.65	-43.996
577.7	-44.046
577.75	-44.098
577.8	-44.152
577.85	-44.208
577.9	-44.265
577.95	-44.324
578.0	-44.385
578.05	-44.448
578.1	-44.513
578.15	-44.58
578.2	-44.649
578.25	-44.72
578.3	-44.794
578.35	-44.869
578.4	-44.947
578.45	-45.026
578.5	-45.108
578.55	-45.19
578.6	-45.274
578.65	-45.358
578.7	-45.444
578.75	-45.53
578.8	-45.617
578.85	-45.705
578.9	-45.794
578.95	-45.883
579.0	-45.973
579.05	-46.064
579.1	-46.154
579.15	-46.243
579.2	-46.332
579.25	-46.42
579.3	-46.508
579.35	-46.595
579.4	-46.682
579.45	-46.768
579.5	-46.852
579.55	-46.937
579.6	-47.02
579.65	-47.102
579.7	-47.182
579.75	-47.261
579.8	-47.338
579.85	-47.413
579.9	-47.487
579.95	-47.558
580.0	-47.628
580.05	-47.695
580.1	-47.76
580.15	-47.824
580.2	-47.886
580.25	-47.946
580.3	-48.004
580.35	-48.062
580.4	-48.118
580.45	-48.174
580.5	-48.23
580.55	-48.287
580.6	-48.343
580.65	-48.4
580.7	-48.456
580.75	-48.513
580.8	-48.571
580.85	-48.629
580.9	-48.689
580.95	-48.749
581.0	-48.811
581.05	-48.875
581.1	-48.941
581.15	-49.008
581.2	-49.078
581.25	-49.149
581.3	-49.222
581.35	-49.297
581.4	-49.373
581.45	-49.452
581.5	-49.532
581.55	-49.615
581.6	-49.698
581.65	-49.782
581.7	-49.865
581.75	-49.948
581.8	-50.031
581.85	-50.113
581.9	-50.193
581.95	-50.271
582.0	-50.348
582.05	-50.424
582.1	-50.498
582.15	-50.571
582.2	-50.642
582.25	-50.711
582.3	-50.778
582.35	-50.844
582.4	-50.909
582.45	-50.972
582.5	-51.034
582.55	-51.095
582.6	-51.156
582.65	-51.217
582.7	-51.277
582.75	-51.337
582.8	-51.399
582.85	-51.461
582.9	-51.525
582.95	-51.591
583.0	-51.658
583.05	-51.727
583.1	-51.797
583.15	-51.87
583.2	-51.944
583.25	-52.02
583.3	-52.098
583.35	-52.177
583.4	-52.258
583.45	-52.34
583.5	-52.422
583.55	-52.505
583.6	-52.587
583.65	-52.668
583.7	-52.747
583.75	-52.824
583.8	-52.898
583.85	-52.971
583.9	-53.042
583.95	-53.111
584.0	-53.178
584.05	-53.244
584.1	-53.307
584.15	-53.368
584.2	-53.426
584.25	-53.483
584.3	-53.537
584.35	-53.588
584.4	-53.636
584.45	-53.681
584.5	-53.723
584.55	-53.762
584.6	-53.799
584.65	-53.833
584.7	-53.866
584.75	-53.898
584.8	-53.929
584.85	-53.96
584.9	-53.992
584.95	-54.024
585.0	-54.058
585.05	-54.094
585.1	-54.133
585.15	-54.174
585.2	-54.219
585.25	-54.268
585.3	-54.32
585.35	-54.375
585.4	-54.433
585.45	-54.493
585.5	-54.556
585.55	-54.621
585.6	-54.687
585.65	-54.753
585.7	-54.82
585.75	-54.886
585.8	-54.952
585.85	-55.016
585.9	-55.08
585.95	-55.142
586.0	-55.204
586.05	-55.264
586.1	-55.323
586.15	-55.381
586.2	-55.438
586.25	-55.493
586.3	-55.548
586.35	-55.6
586.4	-55.652
586.45	-55.702
586.5	-55.751
586.55	-55.799
586.6	-55.846
586.65	-55.892
586.7	-55.937
586.75	-55.982
586.8	-56.026
586.85	-56.07
586.9	-56.115
586.95	-56.16
587.0	-56.207
587.05	-56.255
587.1	-56.304
587.15	-56.354
587.2	-56.406
587.25	-56.459
587.3	-56.512
587.35	-56.567
587.4	-56.623
587.45	-56.681
587.5	-56.739
587.55	-56.799
587.6	-56.859
587.65	-56.92
587.7	-56.982
587.75	-57.046
587.8	-57.11
587.85	-57.177
587.9	-57.244
587.95	-57.312
588.0	-57.381
588.05	-57.449
588.1	-57.517
588.15	-57.584
588.2	-57.649
588.25	-57.711
588.3	-57.772
588.35	-57.831
588.4	-57.887
588.45	-57.942
588.5	-57.994
588.55	-58.045
588.6	-58.093
588.65	-58.139
588.7	-58.184
588.75	-58.226
588.8	-58.268
588.85	-58.307
588.9	-58.346
588.95	-58.383
589.0	-58.419
589.05	-58.454
589.1	-58.489
589.15	-58.522
589.2	-58.556
589.25	-58.588
589.3	-58.621
589.35	-58.653
589.4	-58.685
589.45	-58.717
589.5	-58.75
589.55	-58.783
589.6	-58.817
589.65	-58.85
589.7	-58.884
589.75	-58.919
589.8	-58.953
589.85	-58.988
589.9	-59.022
589.95	-59.058
590.0	-59.093
590.05	-59.128
590.1	-59.164
590.15	-59.199
590.2	-59.234
590.25	-59.269
590.3	-59.303
590.35	-59.338
590.4	-59.371
590.45	-59.405
590.5	-59.438
590.55	-59.471
590.6	-59.504
590.65	-59.536
590.7	-59.567
590.75	-59.597
590.8	-59.628
590.85	-59.657
590.9	-59.687
590.95	-59.716
591.0	-59.746
591.05	-59.775
591.1	-59.805
591.15	-59.834
591.2	-59.864
591.25	-59.894
591.3	-59.925
591.35	-59.956
591.4	-59.988
591.45	-60.02
591.5	-60.052
591.55	-60.085
591.6	-60.12
591.65	-60.155
591.7	-60.192
591.75	-60.23
591.8	-60.27
591.85	-60.313
591.9	-60.357
591.95	-60.405
592.0	-60.456
592.05	-60.51
592.1	-60.567
592.15	-60.628
592.2	-60.693
592.25	-60.761
592.3	-60.833
592.35	-60.909
592.4	-60.99
592.45	-61.074
592.5	-61.161
592.55	-61.249
592.6	-61.335
592.65	-61.418
592.7	-61.497
592.75	-61.571
592.8	-61.641
592.85	-61.707
592.9	-61.768
592.95	-61.825
593.0	-61.878
593.05	-61.926
593.1	-61.97
593.15	-62.008
593.2	-62.043
593.25	-62.073
593.3	-62.1
593.35	-62.123
593.4	-62.143
593.45	-62.16
593.5	-62.174
593.55	-62.185
593.6	-62.193
593.65	-62.199
593.7	-62.203
593.75	-62.205
593.8	-62.205
593.85	-62.204
593.9	-62.201
593.95	-62.197
594.0	-62.193
594.05	-62.189
594.1	-62.184
594.15	-62.18
594.2	-62.176
594.25	-62.173
594.3	-62.17
594.35	-62.169
594.4	-62.169
594.45	-62.171
594.5	-62.174
594.55	-62.179
594.6	-62.185
594.65	-62.192
594.7	-62.2
594.75	-62.21
594.8	-62.22
594.85	-62.232
594.9	-62.244
594.95	-62.257
595.0	-62.271
595.05	-62.285
595.1	-62.3
595.15	-62.315
595.2	-62.33
595.25	-62.346
595.3	-62.361
595.35	-62.377
595.4	-62.392
595.45	-62.407
595.5	-62.423
595.55	-62.438
595.6	-62.452
595.65	-62.467
595.7	-62.483
595.75	-62.498
595.8	-62.513
595.85	-62.528
595.9	-62.544
595.95	-62.56
596.0	-62.577
596.05	-62.593
596.1	-62.61
596.15	-62.628
596.2	-62.646
596.25	-62.664
596.3	-62.683
596.35	-62.703
596.4	-62.724
596.45	-62.745
596.5	-62.767
596.55	-62.789
596.6	-62.812
596.65	-62.836
596.7	-62.861
596.75	-62.886
596.8	-62.912
596.85	-62.939
596.9	-62.966
596.95	-62.993
597.0	-63.021
597.05	-63.049
597.1	-63.078
597.15	-63.106
597.2	-63.133
597.25	-63.16
597.3	-63.185
597.35	-63.21
597.4	-63.233
597.45	-63.255
597.5	-63.276
597.55	-63.296
597.6	-63.315
597.65	-63.331
597.7	-63.347
597.75	-63.36
597.8	-63.372
597.85	-63.383
597.9	-63.392
597.95	-63.399
598.0	-63.405
598.05	-63.41
598.1	-63.414
598.15	-63.416
598.2	-63.417
598.25	-63.418
598.3	-63.417
598.35	-63.416
598.4	-63.414
598.45	-63.411
598.5	-63.408
598.55	-63.405
598.6	-63.402
598.65	-63.399
598.7	-63.396
598.75	-63.393
598.8	-63.39
598.85	-63.388
598.9	-63.386
598.95	-63.384
599.0	-63.383
599.05	-63.383
599.1	-63.383
599.15	-63.384
599.2	-63.386
599.25	-63.387
599.3	-63.39
599.35	-63.393
599.4	-63.397
599.45	-63.4
599.5	-63.406
599.55	-63.411
599.6	-63.418
599.65	-63.424
599.7	-63.432
599.75	-63.44
599.8	-63.449
599.85	-63.458
599.9	-63.467
599.95	-63.476
600.0	-63.485
600.05	-63.495
600.1	-63.505
600.15	-63.515
600.2	-63.525
600.25	-63.535
600.3	-63.546
600.35	-63.556
600.4	-63.567
600.45	-63.578
600.5	-63.589
600.55	-63.601
600.6	-63.613
600.65	-63.625
600.7	-63.639
600.75	-63.653
600.8	-63.669
600.85	-63.686
600.9	-63.705
600.95	-63.726
601.0	-63.748
601.05	-63.773
601.1	-63.8
601.15	-63.83
601.2	-63.862
601.25	-63.897
601.3	-63.936
601.35	-63.977
601.4	-64.021
601.45	-64.067
601.5	-64.115
601.55	-64.164
601.6	-64.215
601.65	-64.266
601.7	-64.315
601.75	-64.361
601.8	-64.404
601.85	-64.444
601.9	-64.479
601.95	-64.509
602.0	-64.536
602.05	-64.56
602.1	-64.579
602.15	-64.595
602.2	-64.608
602.25	-64.618
602.3	-64.624
602.35	-64.628
602.4	-64.628
602.45	-64.626
602.5	-64.622
602.55	-64.615
602.6	-64.606
602.65	-64.596
602.7	-64.583
602.75	-64.57
602.8	-64.555
602.85	-64.539
602.9	-64.523
602.95	-64.506
603.0	-64.49
603.05	-64.474
603.1	-64.459
603.15	-64.444
603.2	-64.43
603.25	-64.417
603.3	-64.405
603.35	-64.394
603.4	-64.384
603.45	-64.375
603.5	-64.367
603.55	-64.361
603.6	-64.356
603.65	-64.353
603.7	-64.35
603.75	-64.35
603.8	-64.35
603.85	-64.351
603.9	-64.354
603.95	-64.358
604.0	-64.363
604.05	-64.368
604.1	-64.375
604.15	-64.382
604.2	-64.391
604.25	-64.399
604.3	-64.408
604.35	-64.417
604.4	-64.427
604.45	-64.437
604.5	-64.447
604.55	-64.457
604.6	-64.467
604.65	-64.477
604.7	-64.488
604.75	-64.498
604.8	-64.509
604.85	-64.52
604.9	-64.531
604.95	-64.543
605.0	-64.555
605.05	-64.567
605.1	-64.58
605.15	-64.594
605.2	-64.609
605.25	-64.624
605.3	-64.641
605.35	-64.658
605.4	-64.677
605.45	-64.697
605.5	-64.717
605.55	-64.74
605.6	-64.763
605.65	-64.788
605.7	-64.814
605.75	-64.841
605.8	-64.869
605.85	-64.899
605.9	-64.93
605.95	-64.961
606.0	-64.994
606.05	-65.028
606.1	-65.062
606.15	-65.095
606.2	-65.129
606.25	-65.161
606.3	-65.192
606.35	-65.221
606.4	-65.249
606.45	-65.274
606.5	-65.298
606.55	-65.319
606.6	-65.339
606.65	-65.356
606.7	-65.371
606.75	-65.384
606.8	-65.396
606.85	-65.404
606.9	-65.412
606.95	-65.417
607.0	-65.42
607.05	-65.421
607.1	-65.421
607.15	-65.419
607.2	-65.416
607.25	-65.412
607.3	-65.406
607.35	-65.399
607.4	-65.391
607.45	-65.382
607.5	-65.373
607.55	-65.363
607.6	-65.353
607.65	-65.344
607.7	-65.334
607.75	-65.325
607.8	-65.317
607.85	-65.309
607.9	-65.303
607.95	-65.297
608.0	-65.292
608.05	-65.288
608.1	-65.285
608.15	-65.283
608.2	-65.282
608.25	-65.283
608.3	-65.285
608.35	-65.288
608.4	-65.293
608.45	-65.299
608.5	-65.306
608.55	-65.314
608.6	-65.324
608.65	-65.336
608.7	-65.348
608.75	-65.362
608.8	-65.376
608.85	-65.392
608.9	-65.408
608.95	-65.426
609.0	-65.444
609.05	-65.464
609.1	-65.484
609.15	-65.504
609.2	-65.524
609.25	-65.544
609.3	-65.564
609.35	-65.584
609.4	-65.603
609.45	-65.622
609.5	-65.64
609.55	-65.657
609.6	-65.674
609.65	-65.69
609.7	-65.705
609.75	-65.719
609.8	-65.732
609.85	-65.744
609.9	-65.756
609.95	-65.766
610.0	-65.777
610.05	-65.786
610.1	-65.795
610.15	-65.804
610.2	-65.813
610.25	-65.821
610.3	-65.83
610.35	-65.838
610.4	-65.847
610.45	-65.855
610.5	-65.864
610.55	-65.872
610.6	-65.88
610.65	-65.889
610.7	-65.897
610.75	-65.904
610.8	-65.912
610.85	-65.919
610.9	-65.925
610.95	-65.931
611.0	-65.935
611.05	-65.939
611.1	-65.942
