611.15	-65.943
611.2	-65.943
611.25	-65.942
611.3	-65.939
611.35	-65.935
611.4	-65.929
611.45	-65.922
611.5	-65.913
611.55	-65.902
611.6	-65.891
611.65	-65.877
611.7	-65.863
611.75	-65.848
611.8	-65.831
611.85	-65.815
611.9	-65.798
611.95	-65.78
612.0	-65.763
612.05	-65.746
612.1	-65.73
612.15	-65.715
612.2	-65.701
612.25	-65.688
612.3	-65.675
612.35	-65.664
612.4	-65.654
612.45	-65.645
612.5	-65.637
612.55	-65.63
612.6	-65.624
612.65	-65.618
612.7	-65.613
612.75	-65.608
612.8	-65.603
612.85	-65.599
612.9	-65.594
612.95	-65.589
613.0	-65.584
613.05	-65.579
613.1	-65.573
613.15	-65.567
613.2	-65.561
613.25	-65.554
613.3	-65.547
613.35	-65.539
613.4	-65.532
613.45	-65.524
613.5	-65.516
613.55	-65.508
613.6	-65.501
613.65	-65.494
613.7	-65.488
613.75	-65.482
613.8	-65.477
613.85	-65.472
613.9	-65.469
613.95	-65.466
614.0	-65.464
614.05	-65.463
614.1	-65.464
614.15	-65.465
614.2	-65.467
614.25	-65.47
614.3	-65.473
614.35	-65.478
614.4	-65.484
614.45	-65.49
614.5	-65.498
614.55	-65.505
614.6	-65.514
614.65	-65.523
614.7	-65.532
614.75	-65.542
614.8	-65.552
614.85	-65.562
614.9	-65.573
614.95	-65.583
615.0	-65.593
615.05	-65.603
615.1	-65.612
615.15	-65.621
615.2	-65.629
615.25	-65.637
615.3	-65.643
615.35	-65.649
615.4	-65.653
615.45	-65.656
615.5	-65.659
615.55	-65.659
615.6	-65.658
615.65	-65.655
615.7	-65.651
615.75	-65.645
615.8	-65.638
615.85	-65.629
615.9	-65.619
615.95	-65.607
616.0	-65.595
616.05	-65.581
616.1	-65.565
616.15	-65.549
616.2	-65.531
616.25	-65.512
616.3	-65.491
616.35	-65.47
616.4	-65.447
616.45	-65.423
616.5	-65.398
616.55	-65.372
616.6	-65.345
616.65	-65.318
616.7	-65.29
616.75	-65.263
616.8	-65.236
616.85	-65.209
616.9	-65.183
616.95	-65.157
617.0	-65.131
617.05	-65.107
617.1	-65.084
617.15	-65.061
617.2	-65.04
617.25	-65.02
617.3	-65.002
617.35	-64.984
617.4	-64.968
617.45	-64.953
617.5	-64.94
617.55	-64.928
617.6	-64.917
617.65	-64.908
617.7	-64.9
617.75	-64.894
617.8	-64.889
617.85	-64.885
617.9	-64.883
617.95	-64.882
618.0	-64.883
618.05	-64.884
618.1	-64.887
618.15	-64.892
618.2	-64.897
618.25	-64.903
618.3	-64.91
618.35	-64.918
618.4	-64.927
618.45	-64.936
618.5	-64.945
618.55	-64.956
618.6	-64.966
618.65	-64.976
618.7	-64.986
618.75	-64.996
618.8	-65.006
618.85	-65.017
618.9	-65.026
618.95	-65.037
619.0	-65.047
619.05	-65.058
619.1	-65.068
619.15	-65.079
619.2	-65.089
619.25	-65.101
619.3	-65.112
619.35	-65.125
619.4	-65.137
619.45	-65.15
619.5	-65.163
619.55	-65.177
619.6	-65.191
619.65	-65.205
619.7	-65.219
619.75	-65.233
619.8	-65.247
619.85	-65.259
619.9	-65.271
619.95	-65.282
620.0	-65.292
620.05	-65.3
620.1	-65.307
620.15	-65.312
620.2	-65.316
620.25	-65.318
620.3	-65.318
620.35	-65.316
620.4	-65.313
620.45	-65.307
620.5	-65.3
620.55	-65.291
620.6	-65.28
620.65	-65.267
620.7	-65.252
620.75	-65.235
620.8	-65.217
620.85	-65.197
620.9	-65.176
620.95	-65.154
621.0	-65.131
621.05	-65.107
621.1	-65.082
621.15	-65.058
621.2	-65.034
621.25	-65.011
621.3	-64.988
621.35	-64.966
621.4	-64.945
621.45	-64.926
621.5	-64.907
621.55	-64.889
621.6	-64.872
621.65	-64.855
621.7	-64.839
621.75	-64.824
621.8	-64.809
621.85	-64.794
621.9	-64.779
621.95	-64.764
622.0	-64.748
622.05	-64.732
622.1	-64.716
622.15	-64.7
622.2	-64.683
622.25	-64.665
622.3	-64.647
622.35	-64.629
622.4	-64.61
622.45	-64.592
622.5	-64.573
622.55	-64.555
622.6	-64.538
622.65	-64.52
622.7	-64.504
622.75	-64.489
622.8	-64.476
622.85	-64.464
622.9	-64.454
622.95	-64.445
623.0	-64.438
623.05	-64.433
623.1	-64.43
623.15	-64.428
623.2	-64.428
623.25	-64.43
623.3	-64.433
623.35	-64.438
623.4	-64.443
623.45	-64.45
623.5	-64.458
623.55	-64.467
623.6	-64.477
623.65	-64.487
623.7	-64.498
623.75	-64.509
623.8	-64.522
623.85	-64.534
623.9	-64.547
623.95	-64.561
624.0	-64.574
624.05	-64.588
624.1	-64.603
624.15	-64.618
624.2	-64.633
624.25	-64.648
624.3	-64.663
624.35	-64.678
624.4	-64.692
624.45	-64.706
624.5	-64.719
624.55	-64.732
624.6	-64.744
624.65	-64.754
624.7	-64.764
624.75	-64.772
624.8	-64.779
624.85	-64.785
624.9	-64.789
624.95	-64.792
625.0	-64.794
625.05	-64.795
625.1	-64.794
625.15	-64.793
625.2	-64.79
625.25	-64.787
625.3	-64.784
625.35	-64.779
625.4	-64.775
625.45	-64.77
625.5	-64.766
625.55	-64.761
625.6	-64.757
625.65	-64.754
625.7	-64.751
625.75	-64.749
625.8	-64.748
625.85	-64.749
625.9	-64.749
625.95	-64.751
626.0	-64.753
626.05	-64.757
626.1	-64.759
626.15	-64.763
626.2	-64.766
626.25	-64.77
626.3	-64.773
626.35	-64.777
626.4	-64.779
626.45	-64.782
626.5	-64.782
626.55	-64.783
626.6	-64.781
626.65	-64.779
626.7	-64.775
626.75	-64.77
626.8	-64.764
626.85	-64.757
626.9	-64.749
626.95	-64.74
627.0	-64.73
627.05	-64.72
627.1	-64.71
627.15	-64.699
627.2	-64.687
627.25	-64.675
627.3	-64.662
627.35	-64.65
627.4	-64.638
627.45	-64.626
627.5	-64.615
627.55	-64.605
627.6	-64.596
627.65	-64.588
627.7	-64.58
627.75	-64.575
627.8	-64.57
627.85	-64.567
627.9	-64.564
627.95	-64.564
628.0	-64.564
628.05	-64.567
628.1	-64.57
628.15	-64.575
628.2	-64.581
628.25	-64.588
628.3	-64.596
628.35	-64.605
628.4	-64.614
628.45	-64.624
628.5	-64.635
628.55	-64.645
628.6	-64.655
628.65	-64.666
628.7	-64.675
628.75	-64.684
628.8	-64.693
628.85	-64.7
628.9	-64.706
628.95	-64.711
629.0	-64.714
629.05	-64.715
629.1	-64.715
629.15	-64.713
629.2	-64.71
629.25	-64.705
629.3	-64.698
629.35	-64.689
629.4	-64.679
629.45	-64.667
629.5	-64.653
629.55	-64.638
629.6	-64.621
629.65	-64.604
629.7	-64.584
629.75	-64.564
629.8	-64.543
629.85	-64.521
629.9	-64.498
629.95	-64.475
630.0	-64.451
630.05	-64.427
630.1	-64.404
630.15	-64.38
630.2	-64.357
630.25	-64.334
630.3	-64.312
630.35	-64.29
630.4	-64.27
630.45	-64.25
630.5	-64.23
630.55	-64.212
630.6	-64.194
630.65	-64.176
630.7	-64.159
630.75	-64.143
630.8	-64.127
630.85	-64.111
630.9	-64.096
630.95	-64.081
631.0	-64.066
631.05	-64.052
631.1	-64.038
631.15	-64.025
631.2	-64.011
631.25	-63.999
631.3	-63.986
631.35	-63.974
631.4	-63.963
631.45	-63.952
631.5	-63.943
631.55	-63.933
631.6	-63.925
631.65	-63.918
631.7	-63.912
631.75	-63.906
631.8	-63.902
631.85	-63.899
631.9	-63.898
631.95	-63.897
632.0	-63.898
632.05	-63.9
632.1	-63.904
632.15	-63.907
632.2	-63.913
632.25	-63.919
632.3	-63.926
632.35	-63.933
632.4	-63.941
632.45	-63.949
632.5	-63.957
632.55	-63.966
632.6	-63.975
632.65	-63.984
632.7	-63.993
632.75	-64.001
632.8	-64.01
632.85	-64.018
632.9	-64.026
632.95	-64.033
633.0	-64.04
633.05	-64.047
633.1	-64.052
633.15	-64.057
633.2	-64.062
633.25	-64.066
633.3	-64.069
633.35	-64.071
633.4	-64.073
633.45	-64.074
633.5	-64.075
633.55	-64.075
633.6	-64.074
633.65	-64.071
633.7	-64.069
633.75	-64.065
633.8	-64.061
633.85	-64.055
633.9	-64.049
633.95	-64.042
634.0	-64.035
634.05	-64.026
634.1	-64.016
634.15	-64.005
634.2	-63.993
634.25	-63.981
634.3	-63.967
634.35	-63.953
634.4	-63.938
634.45	-63.922
634.5	-63.905
634.55	-63.888
634.6	-63.87
634.65	-63.851
634.7	-63.832
634.75	-63.812
634.8	-63.792
634.85	-63.772
634.9	-63.752
634.95	-63.731
635.0	-63.71
635.05	-63.69
635.1	-63.669
635.15	-63.648
635.2	-63.626
635.25	-63.604
635.3	-63.582
635.35	-63.559
635.4	-63.534
635.45	-63.509
635.5	-63.482
635.55	-63.454
635.6	-63.425
635.65	-63.395
635.7	-63.365
635.75	-63.335
635.8	-63.305
635.85	-63.275
635.9	-63.246
635.95	-63.219
636.0	-63.192
636.05	-63.167
636.1	-63.143
636.15	-63.121
636.2	-63.1
636.25	-63.081
636.3	-63.063
636.35	-63.046
636.4	-63.03
636.45	-63.015
636.5	-63.001
636.55	-62.987
636.6	-62.975
636.65	-62.964
636.7	-62.953
636.75	-62.943
636.8	-62.934
636.85	-62.927
636.9	-62.92
636.95	-62.914
637.0	-62.909
637.05	-62.905
637.1	-62.902
637.15	-62.9
637.2	-62.9
637.25	-62.9
637.3	-62.901
637.35	-62.903
637.4	-62.907
637.45	-62.911
637.5	-62.915
637.55	-62.921
637.6	-62.927
637.65	-62.934
637.7	-62.941
637.75	-62.948
637.8	-62.956
637.85	-62.963
637.9	-62.969
637.95	-62.975
638.0	-62.981
638.05	-62.985
638.1	-62.988
638.15	-62.99
638.2	-62.99
638.25	-62.989
638.3	-62.987
638.35	-62.982
638.4	-62.977
638.45	-62.97
638.5	-62.961
638.55	-62.951
638.6	-62.94
638.65	-62.927
638.7	-62.913
638.75	-62.897
638.8	-62.88
638.85	-62.861
638.9	-62.841
638.95	-62.819
639.0	-62.796
639.05	-62.771
639.1	-62.746
639.15	-62.719
639.2	-62.692
639.25	-62.664
639.3	-62.636
639.35	-62.608
639.4	-62.58
639.45	-62.553
639.5	-62.526
639.55	-62.5
639.6	-62.475
639.65	-62.451
639.7	-62.427
639.75	-62.405
639.8	-62.384
639.85	-62.363
639.9	-62.343
639.95	-62.325
640.0	-62.307
640.05	-62.29
640.1	-62.273
640.15	-62.258
640.2	-62.243
640.25	-62.229
640.3	-62.216
640.35	-62.203
640.4	-62.19
640.45	-62.179
640.5	-62.167
640.55	-62.156
640.6	-62.146
640.65	-62.135
640.7	-62.125
640.75	-62.116
640.8	-62.106
640.85	-62.098
640.9	-62.089
640.95	-62.081
641.0	-62.074
641.05	-62.067
641.1	-62.061
641.15	-62.056
641.2	-62.051
641.25	-62.047
641.3	-62.044
641.35	-62.042
641.4	-62.041
641.45	-62.04
641.5	-62.041
641.55	-62.044
641.6	-62.047
641.65	-62.052
641.7	-62.057
641.75	-62.064
641.8	-62.073
641.85	-62.083
641.9	-62.094
641.95	-62.106
642.0	-62.12
642.05	-62.135
642.1	-62.151
642.15	-62.169
642.2	-62.187
642.25	-62.207
642.3	-62.228
642.35	-62.25
642.4	-62.273
642.45	-62.296
642.5	-62.32
642.55	-62.343
642.6	-62.366
642.65	-62.388
642.7	-62.409
642.75	-62.428
642.8	-62.446
642.85	-62.463
642.9	-62.477
642.95	-62.49
643.0	-62.501
643.05	-62.51
643.1	-62.517
643.15	-62.521
643.2	-62.522
643.25	-62.521
643.3	-62.517
643.35	-62.51
643.4	-62.501
643.45	-62.488
643.5	-62.473
643.55	-62.454
643.6	-62.433
643.65	-62.408
643.7	-62.381
643.75	-62.35
643.8	-62.317
643.85	-62.282
643.9	-62.246
643.95	-62.209
644.0	-62.171
644.05	-62.134
644.1	-62.096
644.15	-62.059
644.2	-62.024
644.25	-61.989
644.3	-61.955
644.35	-61.923
644.4	-61.892
644.45	-61.863
644.5	-61.835
644.55	-61.809
644.6	-61.785
644.65	-61.763
644.7	-61.742
644.75	-61.723
644.8	-61.706
644.85	-61.69
644.9	-61.676
644.95	-61.663
645.0	-61.651
645.05	-61.64
645.1	-61.63
645.15	-61.621
645.2	-61.613
645.25	-61.606
645.3	-61.599
645.35	-61.592
645.4	-61.586
645.45	-61.581
645.5	-61.576
645.55	-61.57
645.6	-61.566
645.65	-61.56
645.7	-61.556
645.75	-61.551
645.8	-61.546
645.85	-61.54
645.9	-61.535
645.95	-61.529
646.0	-61.524
646.05	-61.518
646.1	-61.512
646.15	-61.506
646.2	-61.502
646.25	-61.497
646.3	-61.494
646.35	-61.491
646.4	-61.49
646.45	-61.488
646.5	-61.489
646.55	-61.489
646.6	-61.491
646.65	-61.493
646.7	-61.497
646.75	-61.501
646.8	-61.506
646.85	-61.512
646.9	-61.518
646.95	-61.524
647.0	-61.531
647.05	-61.538
647.1	-61.545
647.15	-61.552
647.2	-61.558
647.25	-61.564
647.3	-61.57
647.35	-61.575
647.4	-61.58
647.45	-61.584
647.5	-61.587
647.55	-61.589
647.6	-61.591
647.65	-61.592
647.7	-61.592
647.75	-61.591
647.8	-61.589
647.85	-61.586
647.9	-61.583
647.95	-61.578
648.0	-61.573
648.05	-61.567
648.1	-61.56
648.15	-61.552
648.2	-61.543
648.25	-61.534
648.3	-61.524
648.35	-61.513
648.4	-61.502
648.45	-61.49
648.5	-61.479
648.55	-61.467
648.6	-61.455
648.65	-61.442
648.7	-61.429
648.75	-61.417
648.8	-61.404
648.85	-61.391
648.9	-61.377
648.95	-61.364
649.0	-61.351
649.05	-61.337
649.1	-61.323
649.15	-61.31
649.2	-61.296
649.25	-61.283
649.3	-61.269
649.35	-61.256
649.4	-61.243
649.45	-61.23
649.5	-61.217
649.55	-61.205
649.6	-61.193
649.65	-61.181
649.7	-61.17
649.75	-61.159
649.8	-61.149
649.85	-61.14
649.9	-61.131
649.95	-61.123
650.0	-61.115
650.05	-61.108
650.1	-61.101
650.15	-61.095
650.2	-61.089
650.25	-61.084
650.3	-61.079
650.35	-61.075
650.4	-61.071
650.45	-61.068
650.5	-61.065
650.55	-61.063
650.6	-61.062
650.65	-61.061
650.7	-61.061
650.75	-61.061
650.8	-61.063
650.85	-61.064
650.9	-61.068
650.95	-61.071
651.0	-61.076
651.05	-61.081
651.1	-61.087
651.15	-61.093
651.2	-61.101
651.25	-61.108
651.3	-61.117
651.35	-61.126
651.4	-61.136
651.45	-61.146
651.5	-61.157
651.55	-61.168
651.6	-61.179
651.65	-61.19
651.7	-61.201
651.75	-61.211
651.8	-61.221
651.85	-61.231
651.9	-61.24
651.95	-61.248
652.0	-61.255
652.05	-61.26
652.1	-61.265
652.15	-61.268
652.2	-61.269
652.25	-61.269
652.3	-61.268
652.35	-61.264
652.4	-61.259
652.45	-61.251
652.5	-61.242
652.55	-61.23
652.6	-61.217
652.65	-61.201
652.7	-61.184
652.75	-61.164
652.8	-61.143
652.85	-61.12
652.9	-61.096
652.95	-61.07
653.0	-61.044
653.05	-61.018
653.1	-60.991
653.15	-60.964
653.2	-60.937
653.25	-60.909
653.3	-60.882
653.35	-60.856
653.4	-60.831
653.45	-60.806
653.5	-60.783
653.55	-60.761
653.6	-60.74
653.65	-60.721
653.7	-60.704
653.75	-60.687
653.8	-60.672
653.85	-60.658
653.9	-60.645
653.95	-60.633
654.0	-60.622
654.05	-60.611
654.1	-60.601
654.15	-60.59
654.2	-60.58
654.25	-60.571
654.3	-60.56
654.35	-60.55
654.4	-60.54
654.45	-60.529
654.5	-60.518
654.55	-60.506
654.6	-60.494
654.65	-60.481
654.7	-60.468
654.75	-60.454
654.8	-60.44
654.85	-60.425
654.9	-60.411
654.95	-60.396
655.0	-60.381
655.05	-60.366
655.1	-60.35
655.15	-60.335
655.2	-60.32
655.25	-60.306
655.3	-60.292
655.35	-60.279
655.4	-60.267
655.45	-60.256
655.5	-60.247
655.55	-60.239
655.6	-60.233
655.65	-60.228
655.7	-60.226
655.75	-60.225
655.8	-60.226
655.85	-60.229
655.9	-60.233
655.95	-60.239
656.0	-60.247
656.05	-60.256
656.1	-60.266
656.15	-60.277
656.2	-60.288
656.25	-60.299
656.3	-60.31
656.35	-60.321
656.4	-60.331
656.45	-60.34
656.5	-60.347
656.55	-60.353
656.6	-60.358
656.65	-60.36
656.7	-60.361
656.75	-60.359
656.8	-60.356
656.85	-60.35
656.9	-60.342
656.95	-60.332
657.0	-60.32
657.05	-60.305
657.1	-60.288
657.15	-60.269
657.2	-60.248
657.25	-60.226
657.3	-60.201
657.35	-60.176
657.4	-60.149
657.45	-60.121
657.5	-60.093
657.55	-60.065
657.6	-60.037
657.65	-60.008
657.7	-59.981
657.75	-59.953
657.8	-59.926
657.85	-59.9
657.9	-59.875
657.95	-59.85
658.0	-59.827
658.05	-59.804
658.1	-59.783
658.15	-59.762
658.2	-59.743
658.25	-59.725
658.3	-59.708
658.35	-59.692
658.4	-59.678
658.45	-59.665
658.5	-59.653
658.55	-59.642
658.6	-59.633
658.65	-59.625
658.7	-59.618
658.75	-59.612
658.8	-59.608
658.85	-59.605
658.9	-59.604
658.95	-59.604
659.0	-59.606
659.05	-59.609
659.1	-59.614
659.15	-59.62
659.2	-59.628
659.25	-59.637
659.3	-59.647
659.35	-59.659
659.4	-59.671
659.45	-59.684
659.5	-59.699
659.55	-59.714
659.6	-59.73
659.65	-59.746
659.7	-59.763
659.75	-59.78
659.8	-59.797
659.85	-59.814
659.9	-59.83
659.95	-59.845
660.0	-59.859
660.05	-59.872
660.1	-59.883
660.15	-59.892
660.2	-59.9
660.25	-59.905
660.3	-59.909
660.35	-59.91
660.4	-59.909
660.45	-59.907
660.5	-59.902
660.55	-59.895
660.6	-59.885
660.65	-59.874
660.7	-59.859
660.75	-59.843
660.8	-59.825
660.85	-59.805
660.9	-59.784
660.95	-59.761
661.0	-59.738
661.05	-59.713
661.1	-59.689
661.15	-59.664
661.2	-59.639
661.25	-59.614
661.3	-59.588
661.35	-59.562
661.4	-59.535
661.45	-59.507
661.5	-59.479
661.55	-59.451
661.6	-59.422
661.65	-59.392
661.7	-59.361
661.75	-59.331
661.8	-59.299
661.85	-59.268
661.9	-59.236
661.95	-59.205
662.0	-59.174
662.05	-59.143
662.1	-59.112
662.15	-59.082
662.2	-59.052
662.25	-59.023
662.3	-58.993
662.35	-58.965
662.4	-58.937
662.45	-58.909
662.5	-58.883
662.55	-58.857
662.6	-58.833
662.65	-58.81
662.7	-58.787
662.75	-58.767
662.8	-58.747
662.85	-58.729
662.9	-58.712
662.95	-58.696
663.0	-58.681
663.05	-58.667
663.1	-58.654
663.15	-58.641
663.2	-58.629
663.25	-58.618
663.3	-58.607
663.35	-58.596
663.4	-58.585
663.45	-58.575
663.5	-58.564
663.55	-58.553
663.6	-58.542
663.65	-58.531
663.7	-58.52
663.75	-58.509
663.8	-58.498
663.85	-58.487
663.9	-58.477
663.95	-58.467
664.0	-58.458
664.05	-58.45
664.1	-58.442
664.15	-58.436
664.2	-58.431
664.25	-58.427
664.3	-58.425
664.35	-58.424
664.4	-58.425
664.45	-58.428
664.5	-58.432
664.55	-58.438
664.6	-58.446
664.65	-58.455
664.7	-58.465
664.75	-58.477
664.8	-58.491
664.85	-58.505
664.9	-58.52
664.95	-58.536
665.0	-58.551
665.05	-58.567
665.1	-58.582
665.15	-58.595
665.2	-58.608
665.25	-58.619
665.3	-58.629
665.35	-58.637
665.4	-58.644
665.45	-58.649
665.5	-58.653
665.55	-58.654
665.6	-58.654
665.65	-58.651
665.7	-58.648
665.75	-58.642
665.8	-58.636
665.85	-58.629
665.9	-58.621
665.95	-58.612
666.0	-58.603
666.05	-58.593
666.1	-58.583
666.15	-58.574
666.2	-58.565
666.25	-58.557
666.3	-58.55
666.35	-58.543
666.4	-58.537
666.45	-58.532
666.5	-58.527
666.55	-58.524
666.6	-58.52
666.65	-58.517
666.7	-58.515
666.75	-58.513
666.8	-58.51
666.85	-58.508
666.9	-58.505
666.95	-58.501
667.0	-58.497
667.05	-58.492
667.1	-58.486
667.15	-58.48
667.2	-58.472
667.25	-58.464
667.3	-58.455
667.35	-58.446
667.4	-58.436
667.45	-58.425
667.5	-58.415
667.55	-58.404
667.6	-58.394
667.65	-58.384
667.7	-58.375
667.75	-58.366
667.8	-58.358
667.85	-58.35
667.9	-58.344
667.95	-58.337
668.0	-58.332
668.05	-58.328
668.1	-58.325
668.15	-58.322
668.2	-58.32
668.25	-58.318
668.3	-58.318
668.35	-58.316
668.4	-58.316
668.45	-58.315
668.5	-58.315
668.55	-58.314
668.6	-58.315
668.65	-58.314
668.7	-58.316
668.75	-58.317
668.8	-58.318
668.85	-58.32
668.9	-58.323
668.95	-58.325
669.0	-58.329
669.05	-58.332
669.1	-58.337
669.15	-58.342
669.2	-58.348
669.25	-58.354
669.3	-58.361
669.35	-58.368
669.4	-58.375
669.45	-58.382
669.5	-58.389
669.55	-58.395
669.6	-58.401
669.65	-58.406
669.7	-58.41
669.75	-58.413
669.8	-58.415
669.85	-58.415
669.9	-58.414
669.95	-58.411
670.0	-58.407
670.05	-58.401
670.1	-58.393
670.15	-58.384
670.2	-58.373
670.25	-58.36
670.3	-58.346
670.35	-58.331
670.4	-58.314
670.45	-58.296
670.5	-58.276
670.55	-58.255
670.6	-58.233
670.65	-58.209
670.7	-58.184
670.75	-58.157
670.8	-58.13
670.85	-58.101
670.9	-58.071
670.95	-58.04
671.0	-58.008
671.05	-57.976
671.1	-57.944
671.15	-57.911
671.2	-57.88
671.25	-57.849
671.3	-57.819
671.35	-57.79
671.4	-57.761
671.45	-57.734
671.5	-57.707
671.55	-57.682
671.6	-57.658
671.65	-57.635
671.7	-57.614
671.75	-57.594
671.8	-57.574
671.85	-57.556
671.9	-57.539
671.95	-57.523
672.0	-57.507
672.05	-57.492
672.1	-57.478
672.15	-57.465
672.2	-57.452
672.25	-57.44
672.3	-57.429
672.35	-57.418
672.4	-57.407
672.45	-57.397
672.5	-57.387
672.55	-57.377
672.6	-57.368
672.65	-57.359
672.7	-57.35
672.75	-57.34
672.8	-57.33
672.85	-57.319
672.9	-57.307
672.95	-57.295
673.0	-57.282
673.05	-57.269
673.1	-57.255
673.15	-57.241
673.2	-57.227
673.25	-57.213
673.3	-57.2
673.35	-57.187
673.4	-57.175
673.45	-57.164
673.5	-57.155
673.55	-57.147
673.6	-57.14
673.65	-57.135
673.7	-57.131
673.75	-57.129
673.8	-57.129
673.85	-57.13
673.9	-57.133
673.95	-57.137
674.0	-57.142
674.05	-57.149
674.1	-57.157
674.15	-57.165
674.2	-57.173
674.25	-57.182
674.3	-57.19
674.35	-57.198
674.4	-57.206
674.45	-57.212
674.5	-57.217
674.55	-57.221
674.6	-57.224
674.65	-57.225
674.7	-57.225
674.75	-57.223
674.8	-57.22
674.85	-57.215
674.9	-57.208
674.95	-57.2
675.0	-57.191
675.05	-57.18
675.1	-57.167
675.15	-57.154
675.2	-57.14
675.25	-57.125
675.3	-57.109
675.35	-57.094
675.4	-57.078
675.45	-57.062
675.5	-57.046
675.55	-57.03
675.6	-57.015
675.65	-57.001
675.7	-56.987
675.75	-56.973
675.8	-56.96
675.85	-56.947
675.9	-56.934
675.95	-56.921
676.0	-56.909
676.05	-56.896
676.1	-56.884
676.15	-56.871
676.2	-56.859
676.25	-56.845
676.3	-56.832
676.35	-56.818
676.4	-56.805
676.45	-56.79
676.5	-56.775
676.55	-56.759
676.6	-56.743
676.65	-56.726
676.7	-56.709
676.75	-56.69
676.8	-56.672
676.85	-56.652
676.9	-56.632
676.95	-56.612
677.0	-56.592
677.05	-56.571
677.1	-56.55
677.15	-56.529
677.2	-56.508
677.25	-56.486
677.3	-56.465
677.35	-56.445
677.4	-56.424
677.45	-56.405
677.5	-56.386
677.55	-56.369
677.6	-56.352
677.65	-56.337
677.7	-56.322
677.75	-56.308
677.8	-56.296
677.85	-56.284
677.9	-56.273
677.95	-56.263
678.0	-56.254
678.05	-56.246
678.1	-56.239
678.15	-56.232
678.2	-56.226
678.25	-56.221
678.3	-56.217
678.35	-56.213
678.4	-56.21
678.45	-56.208
678.5	-56.206
678.55	-56.205
678.6	-56.205
678.65	-56.204
678.7	-56.204
678.75	-56.204
678.8	-56.203
678.85	-56.201
678.9	-56.2
678.95	-56.197
679.0	-56.194
679.05	-56.189
679.1	-56.185
679.15	-56.178
679.2	-56.171
679.25	-56.163
679.3	-56.155
679.35	-56.145
679.4	-56.133
679.45	-56.121
679.5	-56.107
679.55	-56.092
679.6	-56.075
679.65	-56.057
679.7	-56.038
679.75	-56.018
679.8	-55.996
679.85	-55.974
679.9	-55.95
679.95	-55.926
680.0	-55.901
680.05	-55.875
680.1	-55.849
680.15	-55.823
680.2	-55.797
680.25	-55.771
680.3	-55.746
680.35	-55.722
680.4	-55.698
680.45	-55.674
680.5	-55.651
680.55	-55.628
680.6	-55.606
680.65	-55.585
680.7	-55.564
680.75	-55.543
680.8	-55.524
680.85	-55.504
680.9	-55.486
680.95	-55.468
681.0	-55.452
681.05	-55.435
681.1	-55.42
681.15	-55.405
681.2	-55.39
681.25	-55.376
681.3	-55.363
681.35	-55.349
681.4	-55.336
681.45	-55.323
681.5	-55.31
681.55	-55.298
681.6	-55.285
681.65	-55.271
681.7	-55.258
681.75	-55.244
681.8	-55.229
681.85	-55.214
681.9	-55.199
681.95	-55.184
682.0	-55.169
682.05	-55.154
682.1	-55.139
682.15	-55.124
682.2	-55.109
682.25	-55.095
682.3	-55.081
682.35	-55.068
682.4	-55.056
682.45	-55.045
682.5	-55.035
682.55	-55.027
682.6	-55.02
682.65	-55.015
682.7	-55.012
682.75	-55.01
682.8	-55.01
682.85	-55.013
682.9	-55.016
682.95	-55.022
683.0	-55.029
683.05	-55.039
683.1	-55.05
683.15	-55.062
683.2	-55.076
683.25	-55.09
683.3	-55.106
683.35	-55.121
683.4	-55.136
683.45	-55.151
683.5	-55.165
683.55	-55.177
683.6	-55.189
683.65	-55.199
683.7	-55.207
683.75	-55.214
683.8	-55.218
683.85	-55.221
683.9	-55.222
683.95	-55.221
684.0	-55.218
684.05	-55.213
684.1	-55.206
684.15	-55.197
684.2	-55.187
684.25	-55.174
684.3	-55.16
684.35	-55.144
684.4	-55.127
684.45	-55.108
684.5	-55.089
684.55	-55.068
684.6	-55.046
684.65	-55.025
684.7	-55.003
684.75	-54.982
684.8	-54.961
684.85	-54.941
684.9	-54.922
684.95	-54.904
685.0	-54.886
685.05	-54.87
685.1	-54.855
685.15	-54.841
685.2	-54.827
685.25	-54.814
685.3	-54.802
685.35	-54.791
685.4	-54.78
685.45	-54.77
685.5	-54.76
685.55	-54.751
685.6	-54.742
685.65	-54.733
685.7	-54.724
685.75	-54.715
685.8	-54.705
685.85	-54.695
685.9	-54.685
685.95	-54.673
686.0	-54.661
686.05	-54.648
686.1	-54.634
686.15	-54.619
686.2	-54.602
686.25	-54.584
686.3	-54.565
686.35	-54.544
686.4	-54.521
686.45	-54.496
686.5	-54.469
686.55	-54.44
686.6	-54.41
686.65	-54.379
686.7	-54.348
686.75	-54.317
686.8	-54.287
686.85	-54.258
686.9	-54.232
686.95	-54.209
687.0	-54.189
687.05	-54.174
687.1	-54.162
687.15	-54.155
687.2	-54.15
687.25	-54.15
687.3	-54.153
687.35	-54.16
687.4	-54.17
687.45	-54.183
687.5	-54.2
687.55	-54.219
687.6	-54.241
687.65	-54.264
687.7	-54.288
687.75	-54.313
687.8	-54.337
687.85	-54.36
687.9	-54.382
687.95	-54.402
688.0	-54.421
688.05	-54.438
688.1	-54.452
688.15	-54.464
688.2	-54.473
688.25	-54.48
688.3	-54.484
688.35	-54.485
688.4	-54.484
688.45	-54.48
688.5	-54.473
688.55	-54.463
688.6	-54.451
688.65	-54.436
688.7	-54.418
688.75	-54.398
688.8	-54.376
688.85	-54.351
688.9	-54.324
688.95	-54.295
689.0	-54.265
689.05	-54.232
689.1	-54.198
689.15	-54.163
689.2	-54.126
689.25	-54.089
689.3	-54.052
689.35	-54.015
689.4	-53.979
689.45	-53.943
689.5	-53.908
689.55	-53.873
689.6	-53.84
689.65	-53.808
689.7	-53.777
689.75	-53.747
689.8	-53.719
689.85	-53.692
689.9	-53.666
689.95	-53.641
690.0	-53.617
690.05	-53.595
690.1	-53.574
690.15	-53.554
690.2	-53.534
690.25	-53.516
690.3	-53.499
690.35	-53.482
690.4	-53.466
690.45	-53.45
690.5	-53.435
690.55	-53.421
690.6	-53.406
690.65	-53.391
690.7	-53.377
690.75	-53.361
690.8	-53.346
690.85	-53.33
690.9	-53.314
690.95	-53.298
691.0	-53.282
691.05	-53.265
691.1	-53.249
691.15	-53.232
691.2	-53.216
691.25	-53.2
691.3	-53.184
691.35	-53.169
691.4	-53.154
691.45	-53.14
691.5	-53.126
691.55	-53.114
691.6	-53.103
691.65	-53.092
691.7	-53.084
691.75	-53.076
691.8	-53.07
691.85	-53.065
691.9	-53.062
691.95	-53.06
692.0	-53.059
692.05	-53.058
692.1	-53.058
692.15	-53.059
692.2	-53.06
692.25	-53.06
692.3	-53.06
692.35	-53.058
692.4	-53.055
692.45	-53.05
692.5	-53.043
692.55	-53.033
692.6	-53.02
692.65	-53.004
692.7	-52.984
692.75	-52.959
692.8	-52.929
692.85	-52.894
692.9	-52.853
692.95	-52.806
693.0	-52.752
693.05	-52.692
693.1	-52.625
693.15	-52.551
693.2	-52.469
693.25	-52.38
693.3	-52.284
693.35	-52.18
693.4	-52.067
693.45	-51.945
693.5	-51.814
693.55	-51.674
693.6	-51.523
693.65	-51.364
693.7	-51.196
693.75	-51.019
693.8	-50.832
693.85	-50.635
693.9	-50.427
693.95	-50.207
694.0	-49.975
694.05	-49.732
694.1	-49.481
694.15	-49.224
694.2	-48.961
694.25	-48.693
694.3	-48.418
694.35	-48.134
694.4	-47.837
694.45	-47.524
694.5	-47.195
694.55	-46.85
694.6	-46.483
694.65	-46.086
694.7	-45.661
694.75	-45.221
694.8	-44.773
694.85	-44.302
694.9	-43.806
694.95	-43.29
695.0	-42.758
695.05	-42.205
695.1	-41.61
695.15	-40.961
695.2	-40.245
695.25	-39.46
695.3	-38.66
695.35	-37.885
695.4	-37.086
695.45	-36.178
695.5	-35.09
695.55	-33.845
695.6	-32.565
695.65	-31.244
695.7	-29.832
695.75	-28.302
695.8	-26.735
695.85	-25.204
695.9	-23.631
695.95	-22.0
696.0	-20.393
696.05	-18.851
696.1	-17.386
696.15	-15.936
696.2	-14.512
696.25	-13.133
696.3	-11.774
696.35	-10.527
696.4	-9.365
696.45	-8.262
696.5	-7.227
696.55	-6.265
696.6	-5.393
696.65	-4.609
696.7	-3.906
696.75	-3.273
696.8	-2.68
696.85	-2.12
696.9	-1.592
696.95	-1.082
697.0	-0.597
697.05	-0.139
697.1	0.298
697.15	0.722
697.2	1.138
697.25	1.54
697.3	1.922
697.35	2.28
697.4	2.618
697.45	2.942
697.5	3.251
697.55	3.547
697.6	3.83
697.65	4.101
697.7	4.361
697.75	4.613
697.8	4.857
697.85	5.095
697.9	5.325
697.95	5.548
698.0	5.761
698.05	5.966
698.1	6.163
698.15	6.352
698.2	6.533
698.25	6.705
698.3	6.866
698.35	7.016
698.4	7.157
698.45	7.289
698.5	7.417
698.55	7.538
698.6	7.655
698.65	7.766
698.7	7.872
698.75	7.975
698.8	8.072
698.85	8.165
698.9	8.254
698.95	8.339
699.0	8.42
699.05	8.497
699.1	8.571
699.15	8.641
699.2	8.709
699.25	8.774
699.3	8.836
699.35	8.895
699.4	8.951
699.45	9.004
699.5	9.055
699.55	9.103
699.6	9.149
699.65	9.192
699.7	9.232
699.75	9.27
699.8	9.306
699.85	9.338
699.9	9.368
699.95	9.395
700.0	9.421
700.05	9.444
700.1	9.465
700.15	9.485
700.2	9.504
700.25	9.521
700.3	9.537
700.35	9.551
700.4	9.564
700.45	9.575
700.5	9.584
700.55	9.592
700.6	9.598
700.65	9.602
700.7	9.603
700.75	9.603
700.8	9.601
700.85	9.597
700.9	9.591
700.95	9.582
701.0	9.571
701.05	9.558
701.1	9.542
701.15	9.523
701.2	9.502
701.25	9.478
701.3	9.452
701.35	9.423
701.4	9.393
701.45	9.362
701.5	9.33
701.55	9.297
701.6	9.265
701.65	9.233
701.7	9.202
701.75	9.172
701.8	9.143
701.85	9.116
701.9	9.091
701.95	9.068
702.0	9.047
702.05	9.029
702.1	9.012
702.15	8.998
702.2	8.985
702.25	8.974
702.3	8.965
702.35	8.958
702.4	8.952
702.45	8.948
702.5	8.944
702.55	8.941
702.6	8.938
702.65	8.936
702.7	8.933
702.75	8.93
702.8	8.927
702.85	8.923
702.9	8.917
702.95	8.911
703.0	8.902
703.05	8.893
703.1	8.881
703.15	8.868
703.2	8.852
703.25	8.835
703.3	8.817
703.35	8.796
703.4	8.774
703.45	8.75
703.5	8.726
703.55	8.699
703.6	8.672
703.65	8.644
703.7	8.615
703.75	8.584
703.8	8.553
703.85	8.522
703.9	8.489
703.95	8.455
704.0	8.421
704.05	8.385
704.1	8.349
704.15	8.311
704.2	8.273
704.25	8.233
704.3	8.194
704.35	8.153
704.4	8.111
704.45	8.068
704.5	8.024
704.55	7.98
704.6	7.936
704.65	7.891
704.7	7.846
704.75	7.801
704.8	7.756
704.85	7.711
704.9	7.666
704.95	7.62
705.0	7.574
705.05	7.527
705.1	7.48
705.15	7.432
705.2	7.384
705.25	7.335
705.3	7.284
705.35	7.232
705.4	7.178
705.45	7.123
705.5	7.067
705.55	7.008
705.6	6.947
705.65	6.883
705.7	6.816
705.75	6.748
705.8	6.677
705.85	6.605
705.9	6.531
705.95	6.457
706.0	6.382
706.05	6.308
706.1	6.234
706.15	6.161
706.2	6.089
706.25	6.018
706.3	5.948
706.35	5.879
706.4	5.812
706.45	5.746
706.5	5.682
706.55	5.62
706.6	5.561
706.65	5.504
706.7	5.45
706.75	5.399
706.8	5.35
706.85	5.302
706.9	5.257
706.95	5.213
707.0	5.171
707.05	5.13
707.1	5.09
707.15	5.051
707.2	5.013
707.25	4.975
707.3	4.937
707.35	4.899
707.4	4.861
707.45	4.822
707.5	4.783
707.55	4.743
707.6	4.703
707.65	4.661
707.7	4.619
707.75	4.576
707.8	4.532
707.85	4.488
707.9	4.442
707.95	4.396
708.0	4.348
708.05	4.3
708.1	4.251
708.15	4.201
708.2	4.151
708.25	4.102
708.3	4.052
708.35	4.002
708.4	3.951
708.45	3.898
708.5	3.846
708.55	3.792
708.6	3.736
708.65	3.679
708.7	3.62
708.75	3.56
708.8	3.498
708.85	3.433
708.9	3.367
708.95	3.299
709.0	3.228
709.05	3.155
709.1	3.08
709.15	3.004
709.2	2.928
709.25	2.852
709.3	2.775
709.35	2.7
709.4	2.624
709.45	2.548
709.5	2.472
709.55	2.395
709.6	2.318
709.65	2.24
709.7	2.161
709.75	2.082
709.8	2.002
709.85	1.924
709.9	1.847
709.95	1.771
710.0	1.695
710.05	1.619
710.1	1.543
710.15	1.464
710.2	1.383
710.25	1.301
710.3	1.219
710.35	1.137
710.4	1.056
710.45	0.976
710.5	0.899
710.55	0.823
710.6	0.749
710.65	0.679
710.7	0.611
710.75	0.546
710.8	0.484
710.85	0.423
710.9	0.365
710.95	0.31
711.0	0.256
711.05	0.204
711.1	0.153
711.15	0.104
711.2	0.056
711.25	0.011
711.3	-0.033
711.35	-0.076
711.4	-0.117
711.45	-0.157
711.5	-0.197
711.55	-0.235
711.6	-0.273
711.65	-0.311
711.7	-0.349
711.75	-0.387
711.8	-0.425
711.85	-0.465
711.9	-0.506
711.95	-0.548
712.0	-0.592
712.05	-0.639
712.1	-0.688
712.15	-0.739
712.2	-0.793
712.25	-0.849
712.3	-0.906
712.35	-0.966
712.4	-1.029
712.45	-1.093
712.5	-1.16
712.55	-1.229
712.6	-1.3
712.65	-1.374
712.7	-1.45
712.75	-1.528
712.8	-1.607
712.85	-1.688
712.9	-1.77
712.95	-1.853
713.0	-1.937
713.05	-2.021
713.1	-2.105
713.15	-2.189
713.2	-2.273
713.25	-2.355
713.3	-2.436
713.35	-2.518
713.4	-2.598
713.45	-2.678
713.5	-2.757
713.55	-2.834
713.6	-2.909
713.65	-2.984
713.7	-3.058
713.75	-3.132
713.8	-3.207
713.85	-3.281
713.9	-3.357
713.95	-3.432
714.0	-3.508
714.05	-3.585
714.1	-3.663
714.15	-3.743
714.2	-3.823
714.25	-3.903
714.3	-3.984
714.35	-4.064
714.4	-4.146
714.45	-4.228
714.5	-4.309
714.55	-4.391
714.6	-4.473
714.65	-4.555
714.7	-4.636
714.75	-4.716
714.8	-4.794
714.85	-4.873
714.9	-4.95
714.95	-5.024
715.0	-5.097
715.05	-5.166
715.1	-5.232
715.15	-5.296
715.2	-5.357
715.25	-5.415
715.3	-5.469
715.35	-5.521
715.4	-5.57
715.45	-5.616
715.5	-5.659
715.55	-5.7
715.6	-5.739
715.65	-5.775
715.7	-5.811
715.75	-5.845
715.8	-5.878
715.85	-5.91
715.9	-5.941
715.95	-5.971
716.0	-6.0
716.05	-6.027
716.1	-6.054
716.15	-6.081
716.2	-6.106
716.25	-6.131
716.3	-6.155
716.35	-6.179
716.4	-6.203
716.45	-6.227
716.5	-6.251
716.55	-6.276
716.6	-6.301
716.65	-6.326
716.7	-6.352
716.75	-6.378
716.8	-6.404
716.85	-6.432
716.9	-6.46
716.95	-6.488
717.0	-6.518
717.05	-6.548
717.1	-6.58
717.15	-6.613
717.2	-6.646
717.25	-6.682
717.3	-6.718
717.35	-6.756
717.4	-6.797
717.45	-6.839
717.5	-6.883
717.55	-6.929
717.6	-6.977
717.65	-7.028
717.7	-7.082
717.75	-7.137
717.8	-7.194
717.85	-7.253
717.9	-7.314
717.95	-7.376
718.0	-7.44
718.05	-7.506
718.1	-7.573
718.15	-7.642
718.2	-7.713
718.25	-7.786
718.3	-7.86
718.35	-7.936
718.4	-8.012
718.45	-8.09
718.5	-8.169
718.55	-8.249
718.6	-8.33
718.65	-8.411
718.7	-8.493
718.75	-8.576
718.8	-8.66
718.85	-8.746
718.9	-8.832
718.95	-8.918
719.0	-9.005
719.05	-9.093
719.1	-9.18
719.15	-9.268
719.2	-9.357
719.25	-9.447
719.3	-9.537
719.35	-9.629
719.4	-9.721
719.45	-9.814
719.5	-9.905
719.55	-9.995
719.6	-10.082
719.65	-10.166
719.7	-10.248
719.75	-10.328
719.8	-10.407
719.85	-10.483
719.9	-10.556
719.95	-10.627
720.0	-10.696
720.05	-10.764
720.1	-10.83
720.15	-10.894
720.2	-10.956
720.25	-11.017
720.3	-11.075
720.35	-11.132
720.4	-11.188
720.45	-11.242
720.5	-11.296
720.55	-11.349
720.6	-11.401
720.65	-11.454
720.7	-11.507
720.75	-11.559
720.8	-11.611
720.85	-11.663
720.9	-11.716
720.95	-11.77
721.0	-11.826
721.05	-11.883
721.1	-11.942
721.15	-12.003
721.2	-12.066
721.25	-12.13
721.3	-12.195
721.35	-12.262
721.4	-12.331
721.45	-12.402
721.5	-12.474
721.55	-12.548
721.6	-12.622
721.65	-12.699
721.7	-12.776
721.75	-12.853
721.8	-12.929
721.85	-13.005
721.9	-13.079
721.95	-13.154
722.0	-13.227
722.05	-13.301
722.1	-13.375
722.15	-13.448
722.2	-13.522
722.25	-13.594
722.3	-13.665
722.35	-13.735
722.4	-13.804
722.45	-13.87
722.5	-13.936
722.55	-13.999
722.6	-14.06
722.65	-14.121
722.7	-14.18
722.75	-14.238
722.8	-14.295
722.85	-14.353
722.9	-14.41
722.95	-14.467
723.0	-14.525
723.05	-14.584
723.1	-14.644
723.15	-14.706
723.2	-14.769
723.25	-14.834
723.3	-14.899
723.35	-14.966
723.4	-15.034
723.45	-15.102
723.5	-15.171
723.55	-15.241
723.6	-15.311
723.65	-15.383
723.7	-15.455
723.75	-15.529
723.8	-15.604
723.85	-15.681
723.9	-15.759
723.95	-15.839
724.0	-15.922
724.05	-16.006
724.1	-16.09
724.15	-16.174
724.2	-16.258
724.25	-16.342
724.3	-16.426
724.35	-16.511
724.4	-16.595
724.45	-16.68
724.5	-16.764
724.55	-16.847
724.6	-16.928
724.65	-17.008
724.7	-17.087
724.75	-17.166
724.8	-17.245
724.85	-17.323
724.9	-17.402
724.95	-17.481
725.0	-17.561
725.05	-17.642
725.1	-17.723
725.15	-17.805
725.2	-17.888
725.25	-17.971
725.3	-18.053
725.35	-18.137
725.4	-18.222
725.45	-18.309
725.5	-18.397
725.55	-18.489
725.6	-18.584
725.65	-18.682
725.7	-18.785
725.75	-18.891
725.8	-18.999
725.85	-19.105
725.9	-19.209
725.95	-19.311
726.0	-19.412
726.05	-19.512
726.1	-19.611
726.15	-19.708
726.2	-19.805
726.25	-19.901
726.3	-19.996
726.35	-20.09
726.4	-20.185
726.45	-20.278
726.5	-20.37
726.55	-20.459
726.6	-20.547
726.65	-20.631
726.7	-20.712
726.75	-20.79
726.8	-20.864
726.85	-20.937
726.9	-21.008
726.95	-21.077
727.0	-21.145
727.05	-21.212
727.1	-21.279
727.15	-21.345
727.2	-21.411
727.25	-21.476
727.3	-21.54
727.35	-21.605
727.4	-21.67
727.45	-21.735
727.5	-21.802
727.55	-21.871
727.6	-21.94
727.65	-22.011
727.7	-22.084
727.75	-22.16
727.8	-22.236
727.85	-22.315
727.9	-22.394
727.95	-22.474
728.0	-22.555
728.05	-22.636
728.1	-22.717
728.15	-22.8
728.2	-22.883
728.25	-22.969
728.3	-23.057
728.35	-23.149
728.4	-23.243
728.45	-23.341
728.5	-23.44
728.55	-23.54
728.6	-23.64
728.65	-23.74
728.7	-23.839
728.75	-23.937
728.8	-24.034
728.85	-24.128
728.9	-24.221
728.95	-24.311
729.0	-24.401
729.05	-24.488
729.1	-24.575
729.15	-24.658
729.2	-24.741
729.25	-24.821
729.3	-24.9
729.35	-24.977
729.4	-25.052
729.45	-25.125
729.5	-25.195
729.55	-25.264
729.6	-25.33
729.65	-25.396
729.7	-25.46
729.75	-25.524
729.8	-25.587
729.85	-25.649
729.9	-25.71
729.95	-25.772
730.0	-25.835
730.05	-25.899
730.1	-25.965
730.15	-26.032
730.2	-26.101
730.25	-26.17
730.3	-26.242
730.35	-26.315
730.4	-26.389
730.45	-26.465
730.5	-26.542
730.55	-26.621
730.6	-26.7
730.65	-26.78
730.7	-26.861
730.75	-26.941
730.8	-27.02
730.85	-27.099
730.9	-27.177
730.95	-27.255
731.0	-27.332
731.05	-27.408
731.1	-27.483
731.15	-27.557
731.2	-27.63
731.25	-27.703
731.3	-27.775
731.35	-27.847
731.4	-27.919
731.45	-27.991
731.5	-28.062
731.55	-28.133
731.6	-28.205
731.65	-28.278
731.7	-28.352
731.75	-28.428
731.8	-28.505
731.85	-28.584
731.9	-28.664
731.95	-28.747
732.0	-28.832
732.05	-28.92
732.1	-29.011
732.15	-29.104
732.2	-29.199
732.25	-29.297
732.3	-29.397
732.35	-29.499
732.4	-29.603
732.45	-29.71
732.5	-29.818
732.55	-29.928
732.6	-30.039
732.65	-30.152
732.7	-30.266
732.75	-30.381
732.8	-30.495
732.85	-30.609
732.9	-30.722
732.95	-30.836
733.0	-30.95
733.05	-31.064
733.1	-31.176
733.15	-31.285
733.2	-31.391
733.25	-31.497
733.3	-31.602
733.35	-31.705
733.4	-31.807
733.45	-31.907
733.5	-32.006
733.55	-32.102
733.6	-32.198
733.65	-32.291
733.7	-32.383
733.75	-32.474
733.8	-32.563
733.85	-32.649
733.9	-32.732
733.95	-32.813
734.0	-32.891
734.05	-32.968
734.1	-33.041
734.15	-33.113
734.2	-33.182
734.25	-33.25
734.3	-33.316
734.35	-33.38
734.4	-33.443
734.45	-33.505
734.5	-33.567
734.55	-33.628
734.6	-33.689
734.65	-33.75
734.7	-33.813
734.75	-33.876
734.8	-33.94
734.85	-34.004
734.9	-34.069
734.95	-34.135
735.0	-34.202
735.05	-34.272
735.1	-34.344
735.15	-34.417
735.2	-34.49
735.25	-34.566
735.3	-34.642
735.35	-34.719
735.4	-34.797
735.45	-34.876
735.5	-34.955
735.55	-35.036
735.6	-35.116
735.65	-35.197
735.7	-35.277
735.75	-35.358
735.8	-35.44
735.85	-35.523
735.9	-35.608
735.95	-35.693
736.0	-35.779
736.05	-35.865
736.1	-35.952
736.15	-36.04
736.2	-36.128
736.25	-36.217
736.3	-36.307
736.35	-36.396
736.4	-36.486
736.45	-36.574
736.5	-36.662
736.55	-36.748
736.6	-36.832
736.65	-36.915
736.7	-36.996
736.75	-37.077
736.8	-37.156
736.85	-37.234
736.9	-37.312
736.95	-37.39
737.0	-37.467
737.05	-37.545
737.1	-37.624
737.15	-37.703
737.2	-37.784
737.25	-37.867
737.3	-37.952
737.35	-38.039
737.4	-38.13
737.45	-38.223
737.5	-38.319
737.55	-38.418
737.6	-38.52
737.65	-38.624
737.7	-38.73
737.75	-38.836
737.8	-38.944
737.85	-39.052
737.9	-39.16
737.95	-39.267
738.0	-39.373
738.05	-39.479
738.1	-39.583
738.15	-39.685
738.2	-39.787
738.25	-39.888
738.3	-39.985
738.35	-40.079
738.4	-40.166
738.45	-40.247
738.5	-40.322
738.55	-40.391
738.6	-40.456
738.65	-40.516
738.7	-40.572
738.75	-40.626
738.8	-40.677
738.85	-40.727
738.9	-40.775
738.95	-40.822
739.0	-40.87
739.05	-40.92
739.1	-40.972
739.15	-41.027
739.2	-41.085
739.25	-41.148
739.3	-41.215
739.35	-41.285
739.4	-41.359
739.45	-41.437
739.5	-41.517
739.55	-41.599
739.6	-41.683
739.65	-41.767
739.7	-41.852
739.75	-41.938
739.8	-42.026
739.85	-42.114
739.9	-42.204
739.95	-42.293
740.0	-42.383
740.05	-42.474
740.1	-42.567
740.15	-42.66
740.2	-42.753
740.25	-42.845
740.3	-42.937
740.35	-43.028
740.4	-43.119
740.45	-43.209
740.5	-43.301
740.55	-43.393
740.6	-43.484
740.65	-43.576
740.7	-43.667
740.75	-43.758
740.8	-43.85
740.85	-43.944
740.9	-44.037
740.95	-44.13
741.0	-44.223
741.05	-44.316
741.1	-44.409
741.15	-44.5
741.2	-44.591
741.25	-44.682
741.3	-44.771
741.35	-44.859
741.4	-44.946
741.45	-45.032
741.5	-45.115
741.55	-45.198
741.6	-45.281
741.65	-45.363
741.7	-45.445
741.75	-45.529
741.8	-45.615
741.85	-45.701
741.9	-45.789
741.95	-45.878
742.0	-45.969
742.05	-46.063
742.1	-46.157
742.15	-46.252
742.2	-46.347
742.25	-46.443
742.3	-46.54
742.35	-46.635
742.4	-46.731
742.45	-46.826
742.5	-46.918
742.55	-47.009
742.6	-47.098
742.65	-47.185
742.7	-47.27
742.75	-47.354
742.8	-47.435
742.85	-47.516
742.9	-47.594
742.95	-47.671
743.0	-47.747
743.05	-47.82
743.1	-47.891
743.15	-47.961
743.2	-48.029
743.25	-48.096
743.3	-48.16
743.35	-48.222
743.4	-48.282
743.45	-48.338
743.5	-48.392
743.55	-48.444
743.6	-48.494
743.65	-48.543
743.7	-48.59
743.75	-48.636
743.8	-48.681
743.85	-48.725
743.9	-48.768
743.95	-48.81
744.0	-48.853
744.05	-48.895
744.1	-48.938
744.15	-48.983
744.2	-49.028
744.25	-49.074
744.3	-49.122
744.35	-49.172
744.4	-49.223
744.45	-49.275
744.5	-49.328
744.55	-49.383
744.6	-49.439
744.65	-49.496
744.7	-49.554
744.75	-49.613
744.8	-49.674
744.85	-49.735
744.9	-49.797
744.95	-49.86
745.0	-49.924
745.05	-49.987
745.1	-50.051
745.15	-50.115
745.2	-50.18
745.25	-50.244
745.3	-50.309
745.35	-50.375
745.4	-50.442
745.45	-50.509
745.5	-50.577
745.55	-50.646
745.6	-50.717
745.65	-50.788
745.7	-50.859
745.75	-50.931
745.8	-51.004
745.85	-51.076
745.9	-51.15
745.95	-51.224
746.0	-51.299
746.05	-51.375
746.1	-51.452
746.15	-51.53
746.2	-51.609
746.25	-51.69
746.3	-51.773
746.35	-51.857
746.4	-51.942
746.45	-52.027
746.5	-52.112
746.55	-52.2
746.6	-52.288
746.65	-52.375
746.7	-52.461
746.75	-52.544
746.8	-52.625
746.85	-52.703
746.9	-52.78
746.95	-52.856
747.0	-52.929
747.05	-53.0
747.1	-53.068
747.15	-53.134
747.2	-53.198
747.25	-53.26
747.3	-53.32
747.35	-53.377
747.4	-53.433
747.45	-53.487
747.5	-53.539
747.55	-53.59
747.6	-53.64
747.65	-53.688
747.7	-53.734
747.75	-53.779
747.8	-53.824
747.85	-53.867
747.9	-53.91
747.95	-53.952
748.0	-53.993
748.05	-54.034
748.1	-54.075
748.15	-54.116
748.2	-54.157
748.25	-54.199
748.3	-54.241
748.35	-54.285
748.4	-54.329
748.45	-54.374
748.5	-54.42
748.55	-54.467
748.6	-54.514
748.65	-54.562
748.7	-54.61
748.75	-54.659
748.8	-54.707
748.85	-54.756
748.9	-54.805
748.95	-54.853
749.0	-54.902
749.05	-54.951
749.1	-54.999
749.15	-55.049
749.2	-55.098
749.25	-55.148
749.3	-55.198
749.35	-55.247
749.4	-55.296
749.45	-55.345
749.5	-55.395
749.55	-55.445
749.6	-55.495
749.65	-55.545
749.7	-55.596
749.75	-55.648
749.8	-55.7
749.85	-55.753
749.9	-55.806
749.95	-55.86
750.0	-55.914
750.05	-55.968
750.1	-56.023
750.15	-56.079
750.2	-56.135
750.25	-56.192
750.3	-56.25
750.35	-56.308
750.4	-56.368
750.45	-56.428
750.5	-56.489
750.55	-56.55
750.6	-56.612
750.65	-56.675
750.7	-56.738
750.75	-56.802
750.8	-56.867
750.85	-56.934
750.9	-57.002
750.95	-57.07
751.0	-57.14
751.05	-57.21
751.1	-57.28
751.15	-57.349
751.2	-57.416
751.25	-57.481
751.3	-57.543
751.35	-57.603
751.4	-57.66
751.45	-57.713
751.5	-57.765
751.55	-57.814
751.6	-57.862
751.65	-57.908
751.7	-57.953
751.75	-57.998
751.8	-58.041
751.85	-58.084
751.9	-58.127
751.95	-58.17
752.0	-58.212
752.05	-58.255
752.1	-58.296
752.15	-58.336
752.2	-58.376
752.25	-58.415
752.3	-58.452
752.35	-58.488
752.4	-58.523
752.45	-58.556
752.5	-58.588
752.55	-58.618
752.6	-58.647
752.65	-58.674
752.7	-58.7
752.75	-58.726
752.8	-58.75
752.85	-58.774
752.9	-58.797
752.95	-58.819
753.0	-58.84
753.05	-58.861
753.1	-58.881
753.15	-58.899
753.2	-58.918
753.25	-58.936
753.3	-58.954
753.35	-58.971
753.4	-58.989
753.45	-59.007
753.5	-59.025
753.55	-59.044
753.6	-59.064
753.65	-59.085
753.7	-59.106
753.75	-59.129
753.8	-59.153
753.85	-59.177
753.9	-59.203
753.95	-59.23
754.0	-59.259
754.05	-59.288
754.1	-59.319
754.15	-59.351
754.2	-59.384
754.25	-59.418
754.3	-59.454
754.35	-59.49
754.4	-59.526
754.45	-59.564
754.5	-59.601
754.55	-59.639
754.6	-59.678
754.65	-59.716
754.7	-59.755
754.75	-59.793
754.8	-59.832
754.85	-59.871
754.9	-59.911
754.95	-59.951
755.0	-59.992
755.05	-60.033
755.1	-60.074
755.15	-60.115
755.2	-60.157
755.25	-60.199
755.3	-60.241
755.35	-60.284
755.4	-60.327
755.45	-60.371
755.5	-60.415
755.55	-60.459
755.6	-60.504
755.65	-60.55
755.7	-60.596
755.75	-60.641
755.8	-60.685
755.85	-60.727
755.9	-60.768
755.95	-60.808
756.0	-60.846
756.05	-60.883
756.1	-60.918
756.15	-60.952
756.2	-60.985
756.25	-61.015
756.3	-61.044
756.35	-61.071
756.4	-61.096
756.45	-61.12
756.5	-61.141
756.55	-61.162
756.6	-61.18
756.65	-61.197
756.7	-61.212
756.75	-61.226
756.8	-61.239
756.85	-61.252
756.9	-61.263
756.95	-61.274
757.0	-61.284
757.05	-61.296
757.1	-61.307
757.15	-61.32
757.2	-61.333
757.25	-61.348
757.3	-61.364
757.35	-61.381
757.4	-61.4
757.45	-61.419
757.5	-61.44
757.55	-61.462
757.6	-61.485
757.65	-61.509
757.7	-61.534
757.75	-61.559
757.8	-61.584
757.85	-61.609
757.9	-61.633
757.95	-61.658
758.0	-61.681
758.05	-61.705
758.1	-61.727
758.15	-61.749
758.2	-61.77
758.25	-61.791
758.3	-61.812
758.35	-61.833
758.4	-61.855
758.45	-61.876
758.5	-61.898
758.55	-61.921
758.6	-61.944
758.65	-61.968
758.7	-61.993
758.75	-62.019
758.8	-62.046
758.85	-62.074
758.9	-62.103
758.95	-62.134
759.0	-62.166
759.05	-62.2
759.1	-62.234
759.15	-62.27
759.2	-62.307
759.25	-62.343
759.3	-62.381
759.35	-62.419
759.4	-62.457
759.45	-62.496
759.5	-62.534
759.55	-62.573
759.6	-62.613
759.65	-62.653
759.7	-62.694
759.75	-62.735
759.8	-62.775
759.85	-62.816
759.9	-62.856
759.95	-62.896
760.0	-62.935
760.05	-62.974
760.1	-63.012
760.15	-63.049
760.2	-63.085
760.25	-63.12
760.3	-63.153
760.35	-63.183
760.4	-63.212
760.45	-63.238
760.5	-63.263
760.55	-63.285
760.6	-63.305
760.65	-63.323
760.7	-63.339
760.75	-63.353
760.8	-63.366
760.85	-63.377
760.9	-63.387
760.95	-63.395
761.0	-63.403
761.05	-63.409
761.1	-63.414
761.15	-63.418
761.2	-63.421
761.25	-63.424
761.3	-63.426
761.35	-63.427
761.4	-63.428
761.45	-63.428
761.5	-63.428
761.55	-63.428
761.6	-63.427
761.65	-63.426
761.7	-63.425
761.75	-63.423
761.8	-63.422
761.85	-63.421
761.9	-63.42
761.95	-63.418
762.0	-63.417
762.05	-63.416
762.1	-63.415
762.15	-63.414
762.2	-63.415
762.25	-63.414
762.3	-63.415
762.35	-63.415
762.4	-63.416
762.45	-63.416
762.5	-63.418
762.55	-63.419
762.6	-63.422
762.65	-63.424
762.7	-63.428
762.75	-63.432
762.8	-63.438
762.85	-63.444
762.9	-63.451
762.95	-63.46
763.0	-63.469
763.05	-63.48
763.1	-63.493
763.15	-63.506
763.2	-63.521
763.25	-63.537
763.3	-63.555
763.35	-63.574
763.4	-63.594
763.45	-63.615
763.5	-63.637
763.55	-63.66
763.6	-63.684
763.65	-63.709
763.7	-63.734
763.75	-63.759
763.8	-63.784
763.85	-63.81
763.9	-63.836
763.95	-63.863
764.0	-63.889
764.05	-63.915
764.1	-63.942
764.15	-63.968
764.2	-63.995
764.25	-64.022
764.3	-64.049
764.35	-64.077
764.4	-64.104
764.45	-64.132
764.5	-64.16
764.55	-64.187
764.6	-64.215
764.65	-64.244
764.7	-64.273
764.75	-64.302
764.8	-64.331
764.85	-64.361
764.9	-64.389
764.95	-64.418
765.0	-64.445
765.05	-64.472
765.1	-64.498
765.15	-64.524
765.2	-64.548
765.25	-64.571
765.3	-64.593
765.35	-64.613
765.4	-64.632
765.45	-64.65
765.5	-64.665
765.55	-64.679
765.6	-64.691
765.65	-64.701
765.7	-64.709
765.75	-64.715
765.8	-64.72
765.85	-64.723
765.9	-64.724
765.95	-64.724
766.0	-64.723
766.05	-64.72
766.1	-64.717
766.15	-64.712
766.2	-64.707
766.25	-64.702
766.3	-64.696
766.35	-64.69
766.4	-64.685
766.45	-64.679
766.5	-64.674
766.55	-64.67
766.6	-64.666
766.65	-64.663
766.7	-64.661
766.75	-64.66
766.8	-64.66
766.85	-64.66
766.9	-64.662
766.95	-64.665
767.0	-64.669
767.05	-64.674
767.1	-64.68
767.15	-64.686
767.2	-64.694
767.25	-64.702
767.3	-64.711
767.35	-64.72
767.4	-64.73
767.45	-64.74
767.5	-64.749
767.55	-64.759
767.6	-64.768
767.65	-64.777
767.7	-64.786
767.75	-64.795
767.8	-64.803
767.85	-64.811
767.9	-64.819
767.95	-64.826
768.0	-64.833
768.05	-64.839
768.1	-64.846
768.15	-64.853
768.2	-64.86
768.25	-64.866
768.3	-64.874
768.35	-64.881
768.4	-64.889
768.45	-64.898
768.5	-64.908
768.55	-64.919
768.6	-64.931
768.65	-64.945
768.7	-64.959
768.75	-64.975
768.8	-64.993
768.85	-65.011
768.9	-65.03
768.95	-65.051
769.0	-65.072
769.05	-65.094
769.1	-65.117
769.15	-65.14
769.2	-65.164
769.25	-65.188
769.3	-65.212
769.35	-65.235
769.4	-65.256
769.45	-65.276
769.5	-65.295
769.55	-65.311
769.6	-65.326
769.65	-65.339
769.7	-65.35
769.75	-65.359
769.8	-65.366
769.85	-65.371
769.9	-65.374
769.95	-65.375
770.0	-65.374
770.05	-65.371
770.1	-65.366
770.15	-65.36
770.2	-65.353
770.25	-65.343
770.3	-65.333
770.35	-65.321
770.4	-65.308
770.45	-65.293
770.5	-65.277
770.55	-65.26
770.6	-65.242
770.65	-65.223
770.7	-65.204
770.75	-65.183
770.8	-65.163
770.85	-65.142
770.9	-65.122
770.95	-65.102
771.0	-65.082
771.05	-65.064
771.1	-65.046
771.15	-65.03
771.2	-65.014
771.25	-64.999
771.3	-64.986
771.35	-64.974
771.4	-64.963
771.45	-64.953
771.5	-64.944
771.55	-64.937
771.6	-64.931
771.65	-64.926
771.7	-64.924
771.75	-64.921
771.8	-64.921
771.85	-64.921
771.9	-64.922
771.95	-64.924
772.0	-64.928
772.05	-64.931
772.1	-64.936
772.15	-64.941
772.2	-64.947
772.25	-64.953
772.3	-64.959
772.35	-64.966
772.4	-64.973
772.45	-64.98
772.5	-64.987
772.55	-64.995
772.6	-65.002
772.65	-65.01
772.7	-65.018
772.75	-65.026
772.8	-65.034
772.85	-65.042
772.9	-65.049
772.95	-65.057
773.0	-65.065
773.05	-65.073
773.1	-65.081
773.15	-65.09
773.2	-65.099
773.25	-65.108
773.3	-65.118
773.35	-65.128
773.4	-65.139
773.45	-65.15
773.5	-65.161
773.55	-65.174
773.6	-65.186
773.65	-65.199
773.7	-65.212
773.75	-65.226
773.8	-65.239
773.85	-65.253
773.9	-65.266
773.95	-65.279
774.0	-65.291
774.05	-65.303
774.1	-65.314
774.15	-65.324
774.2	-65.333
774.25	-65.341
774.3	-65.348
774.35	-65.354
774.4	-65.358
774.45	-65.361
774.5	-65.363
774.55	-65.364
774.6	-65.364
774.65	-65.362
774.7	-65.36
774.75	-65.356
774.8	-65.352
774.85	-65.347
774.9	-65.342
774.95	-65.336
775.0	-65.33
775.05	-65.324
775.1	-65.318
775.15	-65.313
775.2	-65.307
775.25	-65.303
775.3	-65.299
775.35	-65.296
775.4	-65.293
775.45	-65.292
775.5	-65.291
775.55	-65.292
775.6	-65.293
775.65	-65.296
775.7	-65.299
775.75	-65.304
775.8	-65.309
775.85	-65.315
775.9	-65.322
775.95	-65.329
776.0	-65.337
776.05	-65.345
776.1	-65.353
776.15	-65.362
776.2	-65.371
776.25	-65.379
776.3	-65.387
776.35	-65.395
776.4	-65.402
776.45	-65.408
776.5	-65.413
776.55	-65.417
