0.0	-59.90750607166218
0.05	-59.90846002722405
0.1	-59.91032180541845
0.15	-59.91313545588635
0.2	-59.916785385296535
0.25	-59.921301746032015
0.3	-59.92652741663473
0.35	-59.93246628067125
0.4	-59.93899410182763
0.45	-59.94605396940068
0.5	-59.95350976267013
0.55	-59.961230326878294
0.6	-59.969076570957476
0.65	-59.976904644609434
0.7	-59.98456554375328
0.75	-59.9919308563389
0.8	-59.998854901446975
0.85	-60.00517133868362
0.9	-60.01104780605576
0.95	-60.01577118401845
1.0	-60.02030192664072
1.05	-60.02355660274556
1.1	-60.02706174531674
1.15	-60.02950505643056
1.2	-60.032227171672645
1.25	-60.033762688673065
1.3	-60.0355168433251
1.35	-60.036297708405826
1.4	-60.0374491174169
1.45	-60.038069021115845
1.5	-60.039144390358786
1.55	-60.040048463111376
1.6	-60.041480471891106
1.65	-60.04315435145615
1.7	-60.045393833064196
1.75	-60.04812998685291
1.8	-60.05136692415364
1.85	-60.055259448632306
1.9	-60.05970221542444
1.95	-60.0648000528508
2.0	-60.07041053399627
2.0500000000000003	-60.076583614141654
2.1	-60.083201932990235
2.15	-60.090216627260745
2.2	-60.0974810104729
2.25	-60.1049233548446
2.3	-60.11241678130038
2.35	-60.11989255447354
2.4	-60.12720295655092
2.4499999999999997	-60.134322857139146
2.5	-60.14110867611919
2.5500000000000003	-60.14758012397472
2.6	-60.15356875451524
2.65	-60.15912222325215
2.7	-60.164058125274636
2.75	-60.16849155580757
2.8	-60.17216015147116
2.85	-60.17542134543967
2.9	-60.177750430614125
2.9499999999999997	-60.179676901351954
3.0	-60.18026533567842
3.0500000000000003	-60.18043218088168
3.1	-60.1790869176327
3.15	-60.177614918181575
3.2	-60.174647474078384
3.25	-60.17161793666985
3.3	-60.16699407442698
3.35	-60.16255142888032
3.4	-60.15682392542122
3.4499999999999997	-60.15147700607093
3.5	-60.14486739205773
3.5500000000000003	-60.138804808268354
3.6	-60.13182519720948
3.65	-60.125677461927
3.7	-60.118762664900174
3.75	-60.11304695503439
3.8	-60.10700519629833
3.85	-60.10252365025804
3.9	-60.09766738894487
3.95	-60.09416895687845
4.0	-60.0902589691224
4.05	-60.0874791098354
4.1000000000000005	-60.08447803053576
4.15	-60.0822625548614
4.2	-60.08004281258965
4.25	-60.078195371210526
4.3	-60.07655516917103
4.35	-60.07472007721302
4.4	-60.07324853470641
4.45	-60.071203437361575
4.5	-60.069767076109706
4.55	-60.06740833916474
4.6	-60.065800368766205
4.6499999999999995	-60.06289005606847
4.7	-60.060634480578564
4.75	-60.05677240260393
4.8	-60.053567237876905
4.8500000000000005	-60.048699805170074
4.8999999999999995	-60.04421665019811
4.95	-60.03786071442632
5.0	-60.03138396738634
5.05	-60.023162393697
5.1000000000000005	-60.0145752758635
5.15	-60.00475128548925
5.2	-59.99429109859217
5.25	-59.982826854868605
5.3	-59.97054156009725
5.35	-59.957307228917
5.4	-59.94321888368046
5.45	-59.92841773932873
5.5	-59.91308820260261
5.55	-59.89741038932717
5.6	-59.88156654856944
5.6499999999999995	-59.86571393373431
5.7	-59.85001685800227
5.75	-59.83462519427835
5.8	-59.81976594137471
5.8500000000000005	-59.80573561148499
5.8999999999999995	-59.792788999185504
5.95	-59.78107258558432
6.0	-59.770672534002344
6.05	-59.76164201768488
6.1000000000000005	-59.754089417532114
6.15	-59.748029919821754
6.2	-59.74353034362938
6.25	-59.74049840527002
6.3	-59.73900661282612
6.35	-59.73886084756356
6.4	-59.740108296837946
6.45	-59.74256600711834
6.5	-59.74617957620287
6.550000000000001	-59.750774521681976
6.6	-59.75619329277443
6.6499999999999995	-59.7622124437527
6.7	-59.76856545342585
6.75	-59.77501128827939
6.8	-59.78134092273097
6.8500000000000005	-59.78736121490168
6.8999999999999995	-59.79283186510325
6.949999999999999	-59.79757141816566
7.0	-59.801332219949956
7.05	-59.80406809054776
7.1000000000000005	-59.80543661960421
7.15	-59.80564628309885
7.2	-59.80415527223333
7.25	-59.80133185897838
7.3	-59.79678638250868
7.35	-59.79078266427413
7.4	-59.78311975106284
7.45	-59.773877698014175
7.5	-59.763008226373245
7.550000000000001	-59.75066806513198
7.6	-59.737060871807444
7.6499999999999995	-59.722382175975824
7.7	-59.70675777480718
7.75	-59.69021552682002
7.8	-59.67279338341665
7.85	-59.65463092411197
7.9	-59.635921925177286
7.95	-59.6168907489474
8.0	-59.59772074723238
8.05	-59.57858788425452
8.1	-59.55959138664943
8.149999999999999	-59.5407779404826
8.200000000000001	-59.52218899816789
8.25	-59.50386345447485
8.3	-59.48584520001816
8.35	-59.468115571949106
8.4	-59.450637016001764
8.45	-59.43345737878964
8.5	-59.41664105012529
8.55	-59.400220265628306
8.6	-59.3841900391141
8.65	-59.3685339198305
8.7	-59.35323363978174
8.75	-59.338240528537696
8.8	-59.3234690641652
8.85	-59.30892934707411
8.9	-59.294663465136196
8.95	-59.28065587894011
9.0	-59.26682859115207
9.05	-59.253104973891425
9.1	-59.239458808510435
9.15	-59.225873045380624
9.2	-59.21233808737025
9.25	-59.19887277488961
9.299999999999999	-59.18550743039218
9.350000000000001	-59.17224287174086
9.4	-59.15907250924452
9.45	-59.145976939706316
9.5	-59.13297628253888
9.549999999999999	-59.12012116688396
9.6	-59.10744779178718
9.65	-59.09495544987095
9.700000000000001	-59.08262859804245
9.75	-59.070499335406836
9.799999999999999	-59.05859067775465
9.85	-59.04693741514188
9.9	-59.035603278748184
9.950000000000001	-59.02470418834593
10.0	-59.01432110419583
10.05	-59.00459243054082
10.1	-58.995606149368854
10.149999999999999	-58.98755589174547
10.200000000000001	-58.9805423989752
10.25	-58.97479368200945
10.3	-58.97020396248301
10.35	-58.967190294745805
10.4	-58.96545734097774
10.45	-58.96570335967985
10.5	-58.96739265655617
10.55	-58.97133222240364
10.6	-58.97701188041665
10.65	-58.9849911063196
10.7	-58.99497786134465
10.75	-59.00720546340007
10.8	-59.021585447965656
10.85	-59.03826990422993
10.9	-59.057270733445776
10.95	-59.0786341442805
11.0	-59.102300331224455
11.05	-59.12817314368985
11.1	-59.1560885793408
11.15	-59.18581426364533
11.2	-59.216982194958675
11.25	-59.24910713795883
11.299999999999999	-59.28169766583298
11.350000000000001	-59.31424477516009
11.4	-59.34626565948614
11.45	-59.37728941075661
11.5	-59.40681414037407
11.549999999999999	-59.43433759199773
11.6	-59.45934895382272
11.65	-59.48132315287126
11.700000000000001	-59.49999480600795
11.75	-59.515246926434315
11.799999999999999	-59.527056599737634
11.85	-59.53547551993236
11.9	-59.540481085804345
11.950000000000001	-59.54206264740946
12.0	-59.54017313179796
12.05	-59.534778399195176
12.1	-59.52575149508378
12.149999999999999	-59.51299663872396
12.200000000000001	-59.49646467734891
12.25	-59.47621316762769
12.3	-59.452390091658216
12.35	-59.425219744931894
12.4	-59.39477821957104
12.45	-59.36101092362556
12.5	-59.32411764154048
12.55	-59.28448572899764
12.6	-59.242629099878485
12.65	-59.199201931429954
12.7	-59.15467374653143
12.75	-59.109309683910425
12.8	-59.06318904294476
12.85	-59.0166175287366
12.9	-58.970171530970745
12.95	-58.9240722613701
13.0	-58.87832090773888
13.05	-58.83290194400124
13.100000000000001	-58.78784619624244
13.15	-58.74336119152895
13.2	-58.69970899690966
13.25	-58.65706301143413
13.299999999999999	-58.61541635547401
13.350000000000001	-58.57471223455873
13.4	-58.53506302301831
13.45	-58.49652628974183
13.5	-58.459103483189764
13.549999999999999	-58.422892066067206
13.6	-58.38805813785959
13.65	-58.354709531412446
13.700000000000001	-58.32280370617137
13.75	-58.29227414176134
13.799999999999999	-58.26317616580121
13.85	-58.23560958684606
13.899999999999999	-58.20958176862598
13.950000000000001	-58.18503868775479
14.0	-58.16186933121087
14.05	-58.14004397275954
14.1	-58.119441501500496
14.149999999999999	-58.09988267218645
14.200000000000001	-58.0812524941548
14.25	-58.063530165816005
14.3	-58.04653777476557
14.35	-58.03019422803679
14.4	-58.01442883063772
14.45	-57.999334216379815
14.5	-57.984867228109835
14.55	-57.97108035525498
14.6	-57.95783891210748
14.65	-57.9452977893406
14.7	-57.93335414180507
14.75	-57.92228927229902
14.8	-57.91168261120014
14.85	-57.902170535256936
14.9	-57.893030834507506
14.95	-57.885543183760475
15.0	-57.878374276436745
15.049999999999999	-57.87317914512334
15.100000000000001	-57.86832411118306
15.15	-57.86574711939765
15.2	-57.8636446299503
15.25	-57.863872521803124
15.299999999999999	-57.86459469237804
15.350000000000001	-57.86745356531796
15.4	-57.87103700530249
15.450000000000001	-57.87635205217427
15.5	-57.882402886239845
15.549999999999999	-57.889605661556914
15.6	-57.897682729673164
15.65	-57.90658781930662
15.7	-57.916140082236524
15.75	-57.92609944576732
15.8	-57.93624379488119
15.85	-57.9463653625307
15.9	-57.95627817183778
15.95	-57.96577851427791
16.0	-57.97463732765899
16.049999999999997	-57.982650076428726
16.1	-57.989615759227966
16.150000000000002	-57.99542048534815
16.2	-57.99988231969863
16.25	-58.00295759557315
16.299999999999997	-58.004431261091426
16.35	-58.00439526124078
16.400000000000002	-58.0025542243818
16.45	-57.99904779922629
16.5	-57.993621721282636
16.549999999999997	-57.986349321478826
16.6	-57.97708458726062
16.650000000000002	-57.96586273710412
16.7	-57.9526495481857
16.75	-57.93748577738263
16.8	-57.920367329568265
16.85	-57.90121052901662
16.9	-57.87989784106712
16.95	-57.856433707943964
17.0	-57.830917155068946
17.05	-57.803550076912295
17.1	-57.77458552046214
17.15	-57.74431716782932
17.2	-57.71302456122869
17.25	-57.680748047748146
17.3	-57.64735625091946
17.35	-57.61273667072973
17.4	-57.576769724208496
17.45	-57.539388708288016
17.5	-57.50046767253456
17.55	-57.460069091806474
17.6	-57.418724187151525
17.65	-57.37727158414371
17.7	-57.33645142856233
17.75	-57.29680628703792
17.8	-57.25861319650277
17.85	-57.22205652562265
17.9	-57.18723544357118
17.95	-57.15404335153407
18.0	-57.12250718438894
18.05	-57.09293348052722
18.1	-57.065694344305946
18.15	-57.0409865878277
18.2	-57.01893487156766
18.25	-56.99962083818812
18.3	-56.98298643110974
18.35	-56.96888633236221
18.4	-56.957203547645136
18.450000000000003	-56.94772112571167
18.5	-56.94034943835726
18.55	-56.93491540759579
18.599999999999998	-56.931356699516265
18.65	-56.92948169328148
18.700000000000003	-56.92919107308246
18.75	-56.9303436990024
18.8	-56.93280300263579
18.849999999999998	-56.93643035909278
18.9	-56.941033155157335
18.950000000000003	-56.946525904776436
19.0	-56.95265899328513
19.05	-56.95951729582103
19.099999999999998	-56.96672654915537
19.15	-56.974665153357115
19.2	-56.98266882686163
19.25	-56.99147401650717
19.3	-57.000192554117085
19.349999999999998	-57.00981750130704
19.400000000000002	-57.01937449375693
19.45	-57.029762958012896
19.5	-57.04009873977827
19.55	-57.05122565039479
19.599999999999998	-57.06252005679994
19.650000000000002	-57.074607314140536
19.7	-57.08714888860507
19.75	-57.100385411243025
19.8	-57.114067735602184
19.849999999999998	-57.1283544808
19.900000000000002	-57.143157700272624
19.95	-57.15868870189161
20.0	-57.17487501860677
20.049999999999997	-57.19164360350952
20.1	-57.208865115153586
20.150000000000002	-57.22647280733189
20.2	-57.24439323507901
20.25	-57.262376578965906
20.299999999999997	-57.280034688176315
20.35	-57.29703742607379
20.400000000000002	-57.31315282123505
20.45	-57.32827298489005
20.5	-57.34223643285661
20.549999999999997	-57.35483289047444
20.6	-57.36591602123346
20.650000000000002	-57.375383393435484
20.7	-57.3830452002805
20.75	-57.38879065385064
20.8	-57.39243089117309
20.85	-57.39411355559437
20.9	-57.39353740613163
20.95	-57.39093734194182
21.0	-57.385968393484646
21.05	-57.37878264885467
21.1	-57.36924266411927
21.15	-57.35740809420588
21.2	-57.3433423361264
21.25	-57.32723028619732
21.3	-57.30925628363963
21.35	-57.28955478060759
21.4	-57.2681360976576
21.45	-57.24500571378097
21.5	-57.220359417845415
21.55	-57.19443783056438
21.6	-57.16746333871259
21.65	-57.13976897969606
21.7	-57.111729090506905
21.75	-57.083710457633956
21.8	-57.05586679691753
21.85	-57.02826558560079
21.9	-57.00114435307198
21.95	-56.97470607987867
22.0	-56.94905702611984
22.05	-56.92432836546642
22.1	-56.9006038327762
22.15	-56.87791456758311
22.2	-56.85614669654311
22.25	-56.83511668109132
22.3	-56.814686580262915
22.349999999999998	-56.794749662495605
22.4	-56.775268912517014
22.450000000000003	-56.756214203926405
22.5	-56.737552783119426
22.55	-56.71929894820606
22.599999999999998	-56.70150783502029
22.65	-56.684226043528874
22.700000000000003	-56.667468185984575
22.75	-56.65126995950004
22.8	-56.635671162438335
22.849999999999998	-56.62053099273084
22.9	-56.60570647705569
22.950000000000003	-56.59114290254781
23.0	-56.576854739613964
23.05	-56.562831293738526
23.099999999999998	-56.54911851529523
23.150000000000002	-56.535762096242934
23.2	-56.522829619701824
23.25	-56.51034430297451
23.3	-56.49833553772717
23.349999999999998	-56.48677371854787
23.400000000000002	-56.47571923499143
23.45	-56.46533145931046
23.5	-56.455787838376494
23.55	-56.44727348484015
23.599999999999998	-56.43995797649896
23.650000000000002	-56.43391389342943
23.7	-56.42915468792136
23.75	-56.42572560894254
23.8	-56.42354495455166
23.85	-56.42267842670392
23.900000000000002	-56.423001129756315
23.95	-56.42457689694747
24.0	-56.42729405032523
24.049999999999997	-56.431117482043796
24.1	-56.43592674347074
24.150000000000002	-56.441647376452
24.2	-56.44813761051857
24.25	-56.455197416638185
24.299999999999997	-56.4625786228044
24.35	-56.47009729650166
24.400000000000002	-56.477589938877
24.45	-56.484931098357734
24.5	-56.491942848936056
24.549999999999997	-56.49852835969622
24.6	-56.504484227127435
24.65	-56.50983007401331
24.7	-56.514332898745735
24.75	-56.518135999736515
24.8	-56.52075625940829
24.85	-56.52250754216563
24.9	-56.522647436030155
24.95	-56.52200704832239
25.0	-56.51983742841806
25.05	-56.51696229249984
25.1	-56.51258836682274
25.15	-56.507373423716395
25.2	-56.50085580445121
25.25	-56.493387708112024
25.3	-56.48470420392927
25.35	-56.47498255083798
25.4	-56.46407145729337
25.45	-56.45210140117608
25.5	-56.43895697033108
25.55	-56.42467065970983
25.6	-56.40914173504358
25.65	-56.39240583383403
25.7	-56.374423564042836
25.75	-56.35519039906248
25.8	-56.33466147314476
25.85	-56.31280385615106
25.9	-56.28959816133634
25.95	-56.26507445719953
26.0	-56.23921883398071
26.05	-56.21198485673714
26.1	-56.18339210820337
26.15	-56.15371244360724
26.200000000000003	-56.12340111281159
26.25	-56.092805730036936
26.3	-56.06210516124882
26.349999999999998	-56.0314115097979
26.4	-56.00082853950447
26.450000000000003	-55.97046446411254
26.5	-55.9404551421391
26.55	-55.91102917686226
26.599999999999998	-55.882483229035074
26.65	-55.85507622202387
26.700000000000003	-55.82903348536774
26.75	-55.804498346680916
26.8	-55.78156448911652
26.849999999999998	-55.76029791117848
26.9	-55.740732078548234
26.950000000000003	-55.72290641890834
27.0	-55.70689393331767
27.05	-55.692727747359
27.099999999999998	-55.68044947060538
27.150000000000002	-55.670067434581746
27.2	-55.66163104589948
27.25	-55.65512323763014
27.3	-55.65059804722804
27.349999999999998	-55.647989306398884
27.400000000000002	-55.647367043044284
27.45	-55.64861663886138
27.5	-55.65184514636252
27.55	-55.65695022013918
27.599999999999998	-55.66392445359748
27.650000000000002	-55.67262092332934
27.7	-55.68299147168376
27.75	-55.694992972506824
27.799999999999997	-55.70857521267441
27.85	-55.72358626125104
27.900000000000002	-55.73985724423176
27.95	-55.757201194725155
28.0	-55.77541331697584
28.049999999999997	-55.79422669460397
28.1	-55.813346505782285
28.150000000000002	-55.832470387930115
28.2	-55.85135246826479
28.25	-55.86977549063053
28.299999999999997	-55.88746283336313
28.35	-55.904111377460524
28.400000000000002	-55.919568274704474
28.45	-55.933799259596924
28.5	-55.946811961341766
28.55	-55.958609729126906
28.6	-55.96930700313825
28.65	-55.97878980034643
28.7	-55.98724494939104
28.75	-55.99437366966809
28.8	-56.00072830461352
28.85	-56.00581727295146
28.9	-56.010230491683245
28.95	-56.01346003898749
29.0	-56.01601324605478
29.05	-56.017500395515555
29.1	-56.018206223605425
29.15	-56.01787309503411
29.2	-56.01652641519239
29.25	-56.014158753594856
29.3	-56.01053171250393
29.35	-56.00591680704551
29.4	-55.99962886445033
29.45	-55.992074760557145
29.5	-55.98265698189006
29.55	-55.97152642270108
29.6	-55.958416026028075
29.65	-55.943211871846486
29.7	-55.92574416244989
29.75	-55.90591232029927
29.8	-55.88366228046304
29.85	-55.859033535878
29.9	-55.832277134592346
29.95	-55.80370452903051
30.0	-55.77357730075554
30.05	-55.74217800293576
30.099999999999998	-55.70967693149231
30.15	-55.67615281740501
30.200000000000003	-55.64169859574097
30.25	-55.60650003382274
30.3	-55.57073584605445
30.349999999999998	-55.5344628598733
30.4	-55.49769699661501
30.450000000000003	-55.46049280741594
30.5	-55.42294904448562
30.55	-55.3849702554016
30.599999999999998	-55.34643528318938
30.65	-55.30743645242802
30.700000000000003	-55.2683982444604
30.75	-55.22982658096859
30.8	-55.19189432849415
30.849999999999998	-55.1545623777154
30.900000000000002	-55.11777810813942
30.95	-55.08129653261793
31.0	-55.0450336851685
31.05	-55.00921526839105
31.099999999999998	-54.974048590951455
31.150000000000002	-54.93961521830457
31.2	-54.90580664399107
31.25	-54.87243137347569
31.3	-54.83936703726068
31.35	-54.80646913032122
31.4	-54.773753893957114
31.45	-54.74135927315268
31.5	-54.7092743473373
31.55	-54.67748204388511
31.6	-54.64602334568187
31.65	-54.615003846208474
31.7	-54.584462516588246
31.75	-54.554438381666095
31.8	-54.52506735399475
31.850000000000005	-54.49641328400402
31.9	-54.4685401436635
31.95	-54.441554114729584
32.0	-54.415602271729796
32.050000000000004	-54.39070496685805
32.099999999999994	-54.36671240115888
32.15	-54.343519603101925
32.2	-54.32103378800457
32.25	-54.29920211709365
32.300000000000004	-54.278049194636
32.349999999999994	-54.25746122493262
32.4	-54.23727036625941
32.45	-54.21743993740024
32.5	-54.19794073922275
32.550000000000004	-54.178758365455316
32.599999999999994	-54.15990006809622
32.65	-54.141370369593105
32.7	-54.123285837460756
32.75	-54.10581608939458
32.800000000000004	-54.089079326181476
32.849999999999994	-54.073159718358404
32.9	-54.058122318062516
32.95	-54.044085273401286
33.0	-54.0311990066122
33.050000000000004	-54.019613009561695
33.099999999999994	-54.009459282175285
33.15	-54.000840425351505
33.2	-53.993790765263356
33.25	-53.988332681719214
33.300000000000004	-53.984368775375486
33.349999999999994	-53.98191697024076
33.4	-53.980800334977026
33.45	-53.98104634455014
33.5	-53.982475182237195
33.550000000000004	-53.985021692138815
33.6	-53.988512443499644
33.65	-53.99278320036659
33.7	-53.997636045656876
33.75	-54.00284405866354
33.8	-54.00813256630066
33.85	-54.01328622822035
33.9	-54.01804015844544
33.95	-54.0220399895454
34.0	-54.025453509297115
34.05	-54.02715721500914
34.1	-54.028002522148796
34.15	-54.02639038413826
34.2	-54.02379760151207
34.25	-54.01874577019257
34.3	-54.012884529649625
34.35	-54.004690898664094
34.4	-53.99545444372593
34.45	-53.98385022966352
34.5	-53.9706650652293
34.55	-53.95534656398114
34.6	-53.93812541417637
34.65	-53.91871982588461
34.7	-53.8972378433523
34.75	-53.87367444316864
34.8	-53.848031042400265
34.85	-53.82020145909392
34.9	-53.7900724384659
34.95	-53.75773022588872
35.0	-53.72348062978846
35.05	-53.687697941901575
35.1	-53.65054626446608
35.15	-53.61221584858565
35.2	-53.57294166189374
35.25	-53.532950365722144
35.3	-53.492548850090884
35.35	-53.452049590858664
35.4	-53.411634839348736
35.45	-53.371497404663714
35.5	-53.33168355169791
35.55	-53.29213922785048
35.6	-53.25285474224145
35.65	-53.21385022290862
35.7	-53.175277856765604
35.75	-53.137258973167256
35.8	-53.09972960059335
35.85	-53.062468811320414
35.9	-53.025234429795056
35.95	-52.987991095953674
36.0	-52.95083922625481
36.05	-52.913812413056704
36.1	-52.87676956060291
36.15	-52.83937147775974
36.2	-52.80138381478087
36.25	-52.76261832610567
36.3	-52.7229561606984
36.35	-52.68233792620657
36.4	-52.64068920521647
36.45	-52.59804706231418
36.5	-52.554330174243816
36.55	-52.5091480414363
36.6	-52.462193056499075
36.65	-52.41321812024181
36.7	-52.36191154321004
36.75	-52.3082122363696
36.8	-52.252212010626664
36.85	-52.19381213854155
36.900000000000006	-52.132509918393815
36.949999999999996	-52.06779689086197
37.0	-51.999675131502414
37.05	-51.92835522664075
37.1	-51.853767191366614
37.150000000000006	-51.77530386445715
37.199999999999996	-51.6923424855149
37.25	-51.60497087468058
37.3	-51.51323060850696
37.35	-51.41719642675555
37.400000000000006	-51.31723757181128
37.449999999999996	-51.21319360773626
37.5	-51.10424323426429
37.55	-50.98924164996887
37.6	-50.8676002623519
37.650000000000006	-50.739434632438005
37.699999999999996	-50.60486740221832
37.75	-50.46374228091544
37.8	-50.3156642288872
37.85	-50.15950650150883
37.900000000000006	-49.99379766005006
37.949999999999996	-49.8171458337671
38.0	-49.62958244110884
38.05	-49.43245104083648
38.1	-49.22788421498608
38.150000000000006	-49.01817267116313
38.199999999999996	-48.80301906206748
38.25	-48.582255664433646
38.3	-48.35752024056674
38.35	-48.128005516874865
38.4	-47.88934087018913
38.449999999999996	-47.638037133027936
38.5	-47.37071952355859
38.550000000000004	-47.084502360742135
38.6	-46.77678907161017
38.65	-46.44777331335341
38.699999999999996	-46.101756894675525
38.75	-45.73829603717181
38.800000000000004	-45.35504166461851
38.85	-44.94998733557385
38.9	-44.51354167490294
38.949999999999996	-44.03971116056868
39.0	-43.53288207839229
39.050000000000004	-43.00071722418102
39.1	-42.441763033946245
39.15	-41.83862934011842
39.199999999999996	-41.18096312741337
39.25	-40.44645115972418
39.300000000000004	-39.616961209244096
39.35	-38.72507399890095
39.4	-37.815286120075115
39.449999999999996	-36.89031646881884
39.5	-35.9370550813743
39.550000000000004	-34.8809747120961
39.6	-33.70479528862221
39.65	-32.401855474985794
39.699999999999996	-30.971927203981714
39.75	-29.48622594817933
39.800000000000004	-27.9731387492336
39.849999999999994	-26.47383389264079
39.9	-24.917214219335747
39.95	-23.2959931288488
40.0	-21.69417873876752
40.050000000000004	-20.14244636200673
40.099999999999994	-18.662187950182584
40.15	-17.225097789373454
40.2	-15.7471033312069
40.25	-14.283415632316045
40.300000000000004	-12.917161315418571
40.349999999999994	-11.64146091716676
40.4	-10.419811743623892
40.45	-9.243289024758006
40.5	-8.190385665549922
40.550000000000004	-7.246759655017273
40.599999999999994	-6.357024748728062
40.65	-5.516048945468059
40.7	-4.746682970155821
40.75	-4.047398869754014
40.800000000000004	-3.394776497093928
40.849999999999994	-2.7590324229658405
40.9	-2.138451219442161
40.95	-1.5464193282596395
41.0	-0.9882559721780411
41.050000000000004	-0.4661912170172252
41.099999999999994	0.01946895452507351
41.15	0.4709849780041777
41.2	0.8997866968363886
41.25	1.3115600345192093
41.300000000000004	1.702703145526618
41.349999999999994	2.0711512038033577
41.4	2.421376821207037
41.45	2.7554920022774247
41.5	3.0717494511146706
41.55	3.3710152923735253
41.6	3.6579815609826607
41.65	3.9333440976762004
41.7	4.195798117206595
41.75	4.445585343655397
41.8	4.683907279041069
41.85	4.912336371661658
41.9	5.132052973495689
41.95	5.341610651586674
42.0	5.539192610854146
42.05	5.724672506643613
42.1	5.898425132698682
42.15	6.061426383206715
42.2	6.213854116094856
42.25	6.355825866854002
42.3	6.487770834537587
42.35	6.609800866373497
42.4	6.722835551589636
42.45	6.828211366227183
42.5	6.9264174409374855
42.55	7.017237646981616
42.6	7.100616952822975
42.65	7.177206740893197
42.7	7.247751431437321
42.75	7.3127706350361255
42.8	7.372843397822824
42.85	7.428577653561256
42.9	7.48081505197513
42.95	7.530356137703062
43.0	7.5774829251059455
43.05	7.622259041372018
43.1	7.6649518188184995
43.15	7.706082928296766
43.2	7.746231189704732
43.25	7.785588200695085
43.3	7.824192488885513
43.35	7.8621647159198735
43.4	7.8996956303633885
43.45	7.937173748572269
43.5	7.974919672084008
43.55	8.013077268518558
43.6	8.051581321819933
43.65	8.09028540419856
43.7	8.128995609775512
43.75	8.167451467497266
43.8	8.205302008724754
43.85	8.242323451700358
43.9	8.278500702017066
43.95	8.313915326313444
44.0	8.348431621715012
44.05	8.381609227159926
44.1	8.413199698168079
44.15	8.443123751780014
44.2	8.471148333452195
44.25	8.496874513178334
44.3	8.519919247367406
44.35	8.540064767508674
44.4	8.557288118274595
44.45	8.571583641287267
44.5	8.58296537647664
44.55	8.591520386968288
44.6	8.597357324785346
44.650000000000006	8.600597164287713
44.699999999999996	8.60131441588986
44.75	8.599569885724282
44.8	8.595396275482322
44.85	8.588893292574191
44.900000000000006	8.580228548163717
44.949999999999996	8.569579916941784
45.0	8.557151086517905
45.05	8.543160464137458
45.1	8.527828416661748
45.150000000000006	8.511439643437521
45.199999999999996	8.494243580550568
45.25	8.476427824366166
45.3	8.458158929799605
45.35	8.439580756683958
45.400000000000006	8.420827612486335
45.449999999999996	8.402040649619828
45.5	8.383292501564359
45.55	8.364644327281137
45.6	8.346322850779345
45.650000000000006	8.328660142954146
45.699999999999996	8.311889594599442
45.75	8.296097639550585
45.8	8.281427422693977
45.85	8.268042426211736
45.900000000000006	8.25594484765695
45.949999999999996	8.245179001375924
46.0	8.23557495792079
46.05	8.227269895032
46.1	8.219937905623532
46.15	8.21384055281909
46.199999999999996	8.208474239247398
46.25	8.204222778973065
46.300000000000004	8.200388163880815
46.35	8.197380183555856
46.4	8.194417351944846
46.449999999999996	8.191728759217492
46.5	8.1885615682754
46.550000000000004	8.184954005448736
46.6	8.18059062011122
46.65	8.174993789471179
46.699999999999996	8.168363209413293
46.75	8.159766065764902
46.800000000000004	8.149533051480201
46.85	8.136899844624562
46.9	8.121898006363404
46.949999999999996	8.104086222782078
47.0	8.083314512054686
47.050000000000004	8.059213218649855
47.1	8.031421338931
47.15	7.999869985564176
47.199999999999996	7.964734696046704
47.25	7.926352325925024
47.300000000000004	7.884786037970569
47.35	7.840058687648565
47.4	7.792641028275263
47.449999999999996	7.743252953712652
47.5	7.692595061688483
47.550000000000004	7.641084599887841
47.6	7.589143434593677
47.65	7.537176138028194
47.7	7.485436926156501
47.75	7.434135054739132
47.800000000000004	7.383353299465709
47.849999999999994	7.333050853035124
47.9	7.283217332380946
47.95	7.233730579692948
48.0	7.184519196122071
48.050000000000004	7.135728485798669
48.099999999999994	7.087578592215127
48.15	7.040518631989987
48.2	6.995025222164427
48.25	6.951341226415231
48.300000000000004	6.909380419097647
48.349999999999994	6.869075740097999
48.4	6.830536409451145
48.45	6.7938950458281155
48.5	6.759219834647119
48.550000000000004	6.726479091187404
48.599999999999994	6.695484289340339
48.65	6.666089077307231
48.7	6.638119629463845
48.75	6.6111730006378
48.800000000000004	6.584886327868885
48.849999999999994	6.5590927186551315
48.9	6.533737745695946
48.95	6.5086650053185355
49.0	6.483474137170241
49.050000000000004	6.457774617703811
49.099999999999994	6.431280331394975
49.15	6.4038280549674225
49.2	6.375325828926519
49.25	6.345605156532406
49.3	6.314442780158432
49.35	6.281668417897974
49.4	6.247151487341167
49.45	6.210894833463196
49.5	6.17293343238145
49.55	6.133326772233401
49.6	6.092168660604795
49.65	6.049544255824417
49.7	6.0054931454696145
49.75	5.960048330556732
49.8	5.913191075865468
49.85	5.864940002110472
49.9	5.8154823211747955
49.95	5.7651563693502546
50.0	5.714125338295064
50.05	5.662263978405255
50.1	5.609441459134128
50.15	5.555830063339177
50.2	5.501871048063233
50.25	5.44771007774524
50.3	5.39294862603724
50.35	5.3372767265751335
50.4	5.281013206286907
50.45	5.224552719599165
50.5	5.1680841988665875
50.55	5.111657797167699
50.6	5.055263674968159
50.65	4.998749016572873
50.7	4.941863604955868
50.75	4.8845457495918705
50.8	4.826772032120202
50.85	4.768553851243602
50.9	4.710208825432603
50.95	4.651975714888861
51.0	4.593665145298255
51.05	4.534995150735639
51.1	4.4757377364914905
51.15	4.4157863505219765
51.2	4.355248907751327
51.25	4.294317731608649
51.3	4.2330846289214925
51.35	4.171343504078459
51.4	4.1086694715888505
51.45	4.044590933867074
51.5	3.9789149035407574
51.55	3.9120142249209953
51.6	3.8442056568515106
51.65	3.7757962906375857
51.7	3.707045914881599
51.75	3.6375998672228373
51.8	3.5669115896911694
51.85	3.4944732990569456
51.9	3.420431496395639
51.95	3.3456281336510103
52.0	3.270553542050098
52.05	3.1955298811810704
52.1	3.1213250649539335
52.15	3.048251473300134
52.2	2.9760916685559886
52.25	2.9044935371493548
52.3	2.8332083374752264
52.35	2.7620439934640357
52.400000000000006	2.691089113305705
52.449999999999996	2.620853241868802
52.5	2.551795103988923
52.55	2.4841447193215074
52.6	2.4181099254424137
52.650000000000006	2.3533313917620853
52.699999999999996	2.2893885619568457
52.75	2.226282675351124
52.8	2.1640818448567423
52.85	2.1027006451046955
52.900000000000006	2.0421039160187737
52.949999999999996	1.9824625311386206
53.0	1.9237194527046355
53.05	1.8654473510756313
53.1	1.8071845848583972
53.150000000000006	1.7487709427725222
53.199999999999996	1.6903138070051316
53.25	1.6319131185147149
53.3	1.5732701641566975
53.35	1.5139185493072391
53.400000000000006	1.4536850383440971
53.449999999999996	1.3927190647630423
53.5	1.3309851577422238
53.55	1.2683970683376493
53.6	1.205274906349111
53.650000000000006	1.141944572676456
53.699999999999996	1.0782967819007372
53.75	1.0141564128596041
53.8	0.9495369666185214
53.85	0.8844753580402287
53.900000000000006	0.8189246810431954
53.949999999999996	0.7527040045894969
54.0	0.6857006922519198
54.050000000000004	0.6177334507629556
54.1	0.5485972840474169
54.15	0.47866689706523957
54.199999999999996	0.4084600597313466
54.25	0.3380002952445408
54.300000000000004	0.26704448757914223
54.35	0.1953868364883155
54.4	0.12289953196433545
54.449999999999996	0.049532311411404885
54.5	-0.02462202403227439
54.550000000000004	-0.09941399976680718
54.6	-0.175053669363595
54.65	-0.25165723594132516
54.699999999999996	-0.32927886567117737
54.75	-0.40810590749499864
54.800000000000004	-0.48823896493247376
54.85	-0.5696598381588602
54.9	-0.6518287315586354
54.949999999999996	-0.7344718187423828
55.0	-0.8180548493038939
55.050000000000004	-0.9028204337142496
55.1	-0.9885654786421632
55.15	-1.0750480403111276
55.199999999999996	-1.161752882856376
55.25	-1.2480297257814117
55.300000000000004	-1.3330384355252565
55.35	-1.4162791894516435
55.4	-1.4977889474249806
55.45	-1.5777595540649814
55.5	-1.6563619810146064
55.550000000000004	-1.733707544731887
55.599999999999994	-1.8096761385203142
55.65	-1.8844513345881442
55.7	-1.958558794529072
55.75	-2.0322619910685775
55.800000000000004	-2.1058030911959693
55.849999999999994	-2.179388913032538
55.9	-2.25327358907251
55.95	-2.3274611394010862
56.0	-2.4019407309115026
56.050000000000004	-2.4773545778689465
56.099999999999994	-2.5545361507394437
56.15	-2.633952949155955
56.2	-2.71588855749032
56.25	-2.8003392205987456
56.300000000000004	-2.887459980178786
56.349999999999994	-2.9774000128668865
56.4	-3.0702010732246947
56.45	-3.1656866247661473
56.5	-3.2628277253770515
56.550000000000004	-3.3602943172844495
56.599999999999994	-3.457127584237478
56.65	-3.553323336228756
56.7	-3.6495024942183827
56.75	-3.7461735608443965
56.800000000000004	-3.8434123976057255
56.849999999999994	-3.9408970338494846
56.9	-4.037684809309207
56.95	-4.133255372701596
57.0	-4.227452428823673
57.05	-4.32011263922419
57.1	-4.411106702935371
57.15	-4.499823643979127
57.2	-4.5853036341815745
57.25	-4.666575216743734
57.3	-4.742715141972544
57.35	-4.8132804975533166
57.4	-4.877837095102406
57.45	-4.935825545520536
57.5	-4.987154576173096
57.55	-5.03204410927208
57.6	-5.07073355838922
57.65	-5.103398901207983
57.7	-5.130388162524811
57.75	-5.152247618731797
57.8	-5.169624734066796
57.85	-5.183184895879647
57.9	-5.193497424690573
57.95	-5.2012294947364195
58.0	-5.206694732130906
58.05	-5.210508137532004
58.1	-5.212935262500139
58.15	-5.214470303680988
58.2	-5.2154763654407645
58.25	-5.216360239987169
58.3	-5.217512121574298
58.35	-5.219273395457872
58.4	-5.221975472550201
58.45	-5.225880001974657
58.5	-5.231218908075022
58.55	-5.238192408559339
58.6	-5.246958813970501
58.65	-5.257617408778915
58.7	-5.270156453793213
58.75	-5.284501382680558
58.8	-5.3005559772521575
58.85	-5.317984334642202
58.9	-5.336132396204846
58.95	-5.354475620953224
59.0	-5.372945839015354
59.05	-5.391601859698289
59.1	-5.410411410538616
59.15	-5.4292654822368265
59.2	-5.447962756813908
59.25	-5.466259044585293
59.3	-5.484092023434802
59.35	-5.501523163556902
59.4	-5.518680148278311
59.45	-5.535636571225347
59.5	-5.552540931588778
59.55	-5.569474354859671
59.6	-5.58661471231118
59.65	-5.604051204790624
59.7	-5.622018791223791
59.75	-5.640644517213649
59.8	-5.660086344061298
59.85	-5.680564478596018
59.9	-5.702301629153613
59.95	-5.725420088926932
60.0	-5.750043568522449
60.05	-5.776320300970446
60.1	-5.804457223685197
60.15	-5.834700747592223
60.199999999999996	-5.867266440978967
60.25	-5.9022819894296825
60.3	-5.939727908311191
60.35	-5.979669437477766
60.400000000000006	-6.022415480224788
60.449999999999996	-6.068421690618925
60.5	-6.118021524427753
60.55	-6.1713102402023505
60.6	-6.2284586035469065
60.650000000000006	-6.2897782671856435
60.699999999999996	-6.355159052005648
60.75	-6.424325839446069
60.8	-6.497306640418174
60.85	-6.574597072663412
60.900000000000006	-6.656749352806145
60.949999999999996	-6.7437049557322055
61.0	-6.835216549440823
61.05	-6.93051843709097
61.1	-7.028768334113394
61.150000000000006	-7.12947016523497
61.199999999999996	-7.2318492979206574
61.25	-7.334922627205651
61.3	-7.438365504715971
61.35	-7.5422346944849075
61.400000000000006	-7.646669386766206
61.449999999999996	-7.751696306708828
61.5	-7.857299554821814
61.55	-7.963305902309493
61.6	-8.068743412924446
61.650000000000006	-8.172091163074711
61.699999999999996	-8.271748549130482
61.75	-8.367007107136537
61.800000000000004	-8.458338336631703
61.85	-8.546153480171306
61.9	-8.630851072032296
61.949999999999996	-8.712963227991025
62.0	-8.792428232680702
62.050000000000004	-8.868939892160697
62.1	-8.942193533974908
62.15	-9.012123779863103
62.199999999999996	-9.078763142282083
62.25	-9.142028635995981
62.300000000000004	-9.201977252055478
62.35	-9.259053883834456
62.4	-9.313877955317672
62.449999999999996	-9.367031352546231
62.5	-9.419079386047873
62.55	-9.470353722465829
62.6	-9.52098226124081
62.65	-9.57105033993966
62.7	-9.620799648571257
62.75	-9.67029493981801
62.8	-9.71955900851837
62.85	-9.76893897752015
62.9	-9.818930619409336
62.95	-9.869732210419334
63.0	-9.921057079167948
63.05	-9.972542527921519
63.1	-10.024146382915264
63.15	-10.076025798552456
63.2	-10.128347998718775
63.25	-10.181472154053282
63.3	-10.23551223754989
63.35	-10.290439206387676
63.4	-10.346419601955748
63.45	-10.403529801694155
63.5	-10.461723545850884
63.55	-10.520873865665072
63.6	-10.580976289363615
63.65	-10.64204359504675
63.70000000000001	-10.703864372166642
63.75	-10.766210293050646
63.8	-10.829054110176536
63.85	-10.892442582707844
63.9	-10.956334415886491
63.95000000000001	-11.020691497156363
64.0	-11.08569160981712
64.05	-11.151556071930731
64.10000000000001	-11.218568977524889
64.15	-11.287087868709111
64.19999999999999	-11.357396448180554
64.25	-11.429203727621667
64.3	-11.501666784133985
64.35000000000001	-11.574392582231784
64.4	-11.647818507979608
64.44999999999999	-11.72213042055878
64.5	-11.796678441259314
64.55	-11.870986887188828
64.60000000000001	-11.944982221730204
64.65	-12.019016317856597
64.69999999999999	-12.093413408383913
64.75	-12.168164978077254
64.8	-12.243326994967438
64.85000000000001	-12.319059765060231
64.9	-12.395446243563088
64.94999999999999	-12.47254316548772
65.0	-12.550220867898172
65.05	-12.628351569819994
65.10000000000001	-12.706646967855818
65.15	-12.78513304077098
65.19999999999999	-12.864343848861164
65.25	-12.944154858106696
65.3	-13.02398795195734
65.35000000000001	-13.103255797161934
65.4	-13.18161063705794
65.44999999999999	-13.259162879868011
65.5	-13.33578497822303
65.55	-13.411049139566673
65.60000000000001	-13.484797152351309
65.65	-13.557004768385834
65.69999999999999	-13.62813315339294
65.75	-13.698394343748792
65.8	-13.767740000436095
65.85000000000001	-13.836503476638454
65.9	-13.904871933817791
65.94999999999999	-13.97293106354963
66.0	-14.040753508097726
66.05	-14.108724234680626
66.10000000000001	-14.17737099435574
66.15	-14.246097037706242
66.19999999999999	-14.313999329831933
66.25	-14.38107846230454
66.3	-14.44752990148832
66.35000000000001	-14.513333199761735
66.4	-14.57832887042805
66.44999999999999	-14.64225180710595
66.5	-14.705173686245967
66.55	-14.767468761363705
66.60000000000001	-14.829590371675527
66.65	-14.891672483631893
66.69999999999999	-14.953529371964468
66.75	-15.014828971310486
66.8	-15.07526595799819
66.85000000000001	-15.134876631903605
66.9	-15.193973675432435
66.94999999999999	-15.252752957838993
67.0	-15.31160330116586
67.05	-15.371020796621515
67.10000000000001	-15.431205815347614
67.15	-15.492201470974473
67.2	-15.55373174089312
67.25	-15.615543431749657
67.3	-15.67759755163324
67.35	-15.740183110893216
67.4	-15.803654166572093
67.45	-15.868089276230352
67.5	-15.933300543423968
67.55	-15.998833134565839
67.6	-16.064446895722707
67.65	-16.13027928614591
67.7	-16.19623562165915
67.75	-16.26221654877589
67.8	-16.32840138521627
67.85	-16.39505638871829
67.9	-16.462547156515804
67.95	-16.53091557932332
68.0	-16.59990068865562
68.05	-16.669254110985776
68.1	-16.738676190703824
68.15	-16.80804783666526
68.2	-16.877631108196624
68.25	-16.947588698754743
68.3	-17.01822871505022
68.35	-17.0898903289988
68.4	-17.16261456324995
68.45	-17.236246171667254
68.5	-17.310333553686863
68.55	-17.384425397338582
68.6	-17.458300632546717
68.65	-17.532139632227544
68.7	-17.60633949144568
68.75	-17.680992089895522
68.8	-17.75619352088933
68.85	-17.832173354415886
68.9	-17.909014807778885
68.95	-17.987034739064278
69.0	-18.06625560002952
69.05	-18.146317343394493
69.1	-18.227178004815293
69.15	-18.309055094662433
69.2	-18.39182656564136
69.25	-18.474341563578424
69.3	-18.555610760223523
69.35	-18.63588541634391
69.4	-18.715301965105382
69.45	-18.793473013269516
69.5	-18.86995339143717
69.55	-18.944263621507563
69.6	-19.016865430697894
69.65	-19.088574252323827
69.7	-19.159775248358855
69.75	-19.230771590835328
69.8	-19.30189515628254
69.85	-19.373592441199822
69.9	-19.44654386351583
69.95	-19.52143606646179
70.0	-19.599186289925058
70.05	-19.68049561573935
70.1	-19.76535091790586
70.15	-19.853831760079032
70.2	-19.946146570016737
70.25	-20.04200607114034
70.3	-20.140322223929427
70.35	-20.23992424804662
70.4	-20.340137508886308
70.45	-20.4405540318146
70.5	-20.540683780284606
70.55	-20.64040926097094
70.6	-20.73991670157151
70.65	-20.839271353814773
70.7	-20.937510938588456
70.75	-21.033928664745407
70.8	-21.12882518120123
70.85	-21.22231347936681
70.9	-21.314058844143595
70.95	-21.403322985889815
71.0	-21.489465492214062
71.05	-21.57265464173936
71.1	-21.653365749861567
71.15	-21.731625565151358
71.2	-21.807396300552462
71.25	-21.880583520980963
71.3	-21.95105518487545
71.35	-22.01861915145568
71.4	-22.083462327408974
71.45	-22.14627270168708
71.5	-22.207778308536756
71.55	-22.268541722577087
71.6	-22.328813292859692
71.65	-22.38868200544241
71.7	-22.44849285340412
71.75	-22.508460224167834
71.8	-22.568379500685552
71.85	-22.62818084025074
71.9	-22.687962072223414
71.95	-22.747836965044698
72.0	-22.807714173322303
72.05	-22.86753447331415
72.1	-22.927495247630056
72.15	-22.98778308121242
72.2	-23.0484062284304
72.25	-23.109232113893405
72.3	-23.16989435228772
72.35	-23.230219964123613
72.4	-23.29010631266079
72.45	-23.34944296861979
72.5	-23.40842839129084
72.55	-23.467186180411773
72.6	-23.52585858623378
72.65	-23.5843299607423
72.7	-23.642465567445083
72.75	-23.70058348103828
72.8	-23.75894733321801
72.85	-23.817485609854828
72.9	-23.87618889561917
72.95	-23.93516808045976
73.0	-23.99471018542723
73.05	-24.055012056298537
73.1	-24.11596045875837
73.15	-24.177707954336064
73.2	-24.240778751578205
73.25	-24.305606388405383
73.3	-24.3721765864456
73.35	-24.440319589136212
73.4	-24.510083495864674
73.45	-24.58166800190661
73.5	-24.655223743059864
73.55000000000001	-24.73094473537835
73.6	-24.80871119875299
73.64999999999999	-24.888174239900536
73.7	-24.968849744598593
73.75	-25.050464323358874
73.80000000000001	-25.13305145943181
73.85	-25.21666403589137
73.89999999999999	-25.301468482916142
73.95	-25.387306800538344
74.0	-25.4737550769176
74.05000000000001	-25.560947010844274
74.1	-25.649118454102087
74.14999999999999	-25.738164625927254
74.2	-25.828160789651758
74.25	-25.918898173428296
74.30000000000001	-26.01025917212648
74.35	-26.102499962583593
74.39999999999999	-26.19599209345185
74.45	-26.29103522015822
74.5	-26.38791775224255
74.55000000000001	-26.48674578260096
74.6	-26.58684116133371
74.64999999999999	-26.68716350285134
74.7	-26.787384319383335
74.75	-26.88730882547398
74.80000000000001	-26.986485813560428
74.85	-27.08484903027857
74.89999999999999	-27.182223648867
74.95	-27.27821264052634
75.0	-27.372389757144305
75.05000000000001	-27.464506875055505
75.1	-27.554636106307385
75.14999999999999	-27.643083024707686
75.2	-27.730148531720463
75.25	-27.81547141274752
75.30000000000001	-27.898406272483257
75.35	-27.97893956268976
75.39999999999999	-28.057311454545193
75.45	-28.133477098498027
75.5	-28.208003249913734
75.55000000000001	-28.281571273313478
75.6	-28.354333960569278
75.64999999999999	-28.426068429091053
75.7	-28.49659836354426
75.75	-28.56604692259267
75.80000000000001	-28.634642398267076
75.85	-28.7023194910939
75.89999999999999	-28.768970489804197
75.95	-28.83474617844128
76.0	-28.90017965064829
76.05000000000001	-28.965629602617636
76.1	-29.031186252839305
76.14999999999999	-29.097408735471692
76.2	-29.165231493203308
76.25	-29.235405739694585
76.30000000000001	-29.308036076723145
76.35	-29.382943232962585
76.39999999999999	-29.460168924997703
76.45	-29.5398785027823
76.5	-29.622002350643882
76.55000000000001	-29.705862355073478
76.6	-29.79063996273514
76.64999999999999	-29.876587279086763
76.7	-29.963928668265062
76.75	-30.052170135409227
76.8	-30.140893664542737
76.85000000000001	-30.22964716701803
76.89999999999999	-30.318153691980644
76.95	-30.406465807367823
77.0	-30.494649826478415
77.05	-30.582897833173377
77.10000000000001	-30.6711694303028
77.14999999999999	-30.759321938784513
77.2	-30.84722694069694
77.25	-30.934557398887847
77.3	-31.02166935371845
77.35000000000001	-31.108898373837533
77.39999999999999	-31.19647982852725
77.45	-31.284650369420604
77.5	-31.373266755654576
77.55	-31.462227014423163
77.60000000000001	-31.551706198271667
77.64999999999999	-31.64172723650062
77.7	-31.73256635571861
77.75	-31.824478605241147
77.8	-31.917285363965625
77.85000000000001	-32.01080043420798
77.89999999999999	-32.10502171904749
77.95	-32.20057997930465
78.0	-32.297803996145
78.05	-32.39673775466986
78.10000000000001	-32.49831633067747
78.14999999999999	-32.60369281505357
78.2	-32.71299776750663
78.25	-32.82566536025151
78.3	-32.94095507634672
78.35000000000001	-33.059281699005986
78.39999999999999	-33.18114257068973
78.45	-33.3064952519628
78.5	-33.43552130319506
78.55	-33.56793981902456
78.60000000000001	-33.70277492358199
78.64999999999999	-33.8391432520679
78.7	-33.976937844364514
78.75	-34.116063769128196
78.8	-34.255939798282036
78.85000000000001	-34.39592357187059
78.89999999999999	-34.535361932662326
78.95	-34.673925679437176
79.0	-34.81237661746314
79.05	-34.95066263180753
79.10000000000001	-35.087600345532564
79.14999999999999	-35.22146365501632
79.2	-35.35033789395784
79.25	-35.472958089696604
79.3	-35.58904267653732
79.35000000000001	-35.698941463028206
79.39999999999999	-35.80338495087142
79.45	-35.903218132505145
79.5	-35.99905262236166
79.55	-36.09154373662058
79.60000000000001	-36.180922496476725
79.65	-36.26710858018951
79.69999999999999	-36.35015748913645
79.75	-36.43033459727866
79.8	-36.507909322721154
79.85000000000001	-36.583317525582224
79.9	-36.657242315238705
79.94999999999999	-36.73007069574834
80.0	-36.80205666557556
80.05	-36.87366416509172
80.10000000000001	-36.945066467226575
80.15	-37.01597223654872
80.19999999999999	-37.08637291192039
80.25	-37.156228409175704
80.3	-37.22523155058315
80.35000000000001	-37.29305254467239
80.4	-37.35987238943292
80.44999999999999	-37.42638755532941
80.5	-37.49304766521383
80.55	-37.55994152020403
80.60000000000001	-37.626956266002836
80.65	-37.69411660030478
80.69999999999999	-37.761870733154474
80.75	-37.830733081847015
80.8	-37.90094482420868
80.85000000000001	-37.97241918137744
80.9	-38.044956273888396
80.94999999999999	-38.118680208358896
81.0	-38.1935502738593
81.05	-38.269628744678954
81.10000000000001	-38.34737689188642
81.15	-38.427122818427904
81.19999999999999	-38.50896360581494
81.25	-38.592870320441165
81.3	-38.678442010200165
81.35000000000001	-38.76547192687403
81.4	-38.854091302945356
81.44999999999999	-38.9446239432503
81.5	-39.03727363912011
81.55	-39.131510593732386
81.60000000000001	-39.22642481855378
81.65	-39.32154039797255
81.69999999999999	-39.41696392631903
81.75	-39.512874933793256
81.8	-39.60892150854842
81.85000000000001	-39.70444705669874
81.9	-39.79929345911158
81.94999999999999	-39.89357199192326
82.0	-39.98778748101623
82.05	-40.08192191354436
82.10000000000001	-40.17530641259832
82.15	-40.26784765988414
82.19999999999999	-40.35966817551935
82.25	-40.45059405214286
82.3	-40.54074019607977
82.35000000000001	-40.630086526208515
82.4	-40.71849444423586
82.44999999999999	-40.80598823721825
82.5	-40.892744217642246
82.55	-40.97935810965126
82.60000000000001	-41.06614130392017
82.65	-41.15324740524662
82.69999999999999	-41.240430426222936
82.75	-41.327409027387404
82.8	-41.41454642748297
82.85	-41.50252465474263
82.9	-41.5917048652029
82.95	-41.682084494005416
83.0	-41.77345752570494
83.05	-41.866017423372654
83.1	-41.95980500107298
83.15	-42.054693935635825
83.2	-42.1514479283465
83.25	-42.251274152060276
83.3	-42.35520354424034
83.35	-42.46378792815196
83.4	-42.57761516100017
83.45	-42.69724290552391
83.5	-42.82301978500978
83.55	-42.95486025727692
83.6	-43.09174558082149
83.65	-43.231904838890564
83.7	-43.37342726296471
83.75	-43.51413156416918
83.8	-43.65285568826336
83.85	-43.78969062573137
83.9	-43.9240533029515
83.95	-44.053977577845416
84.0	-44.17719984722606
84.05	-44.29289081874786
84.1	-44.401299426393344
84.15	-44.50326444522911
84.2	-44.59983674782292
84.25	-44.691721195490224
84.3	-44.77925278489245
84.35	-44.86269653474221
84.4	-44.94216175475458
84.45	-45.01797462190888
84.5	-45.090848746761935
84.55	-45.1611137100395
84.6	-45.22893541853177
84.65	-45.29429072387721
84.7	-45.35721691752809
84.75	-45.418160681794205
84.8	-45.47772607964018
84.85	-45.53638414630464
84.9	-45.594434896411094
84.95	-45.65175054972383
85.0	-45.708495130932576
85.05	-45.76528789796164
85.1	-45.82257317449817
85.15	-45.88065184975266
85.2	-45.939917485134835
85.25	-46.00077559847024
85.3	-46.06332782006513
85.35	-46.12723565989093
85.4	-46.19230136376886
85.45	-46.258514218078886
85.5	-46.32586386980949
85.55	-46.394096493730174
85.6	-46.46279081870175
85.65	-46.53150592641296
85.7	-46.59976923568925
85.75	-46.66775944921507
85.8	-46.7359449871491
85.85	-46.80442514855902
85.9	-46.87300895137774
85.95	-46.9416546566833
86.0	-47.01055114779851
86.05	-47.07991361455318
86.1	-47.14981983003564
86.15	-47.220593828438204
86.2	-47.292832259100045
86.25	-47.36674725203948
86.3	-47.44202317880645
86.35	-47.517960390101976
86.4	-47.59394976380652
86.45	-47.67004781722609
86.5	-47.74653822123139
86.55	-47.82321057480607
86.6	-47.89975500949366
86.65	-47.97603530602046
86.7	-48.05205463379643
86.75	-48.12767421413199
86.8	-48.20315591011658
86.85	-48.27891999704721
86.9	-48.354996940370924
86.95	-48.43123801050795
87.0	-48.507311824999135
87.05	-48.58312238465617
87.1	-48.65879247191708
87.15	-48.73435381224655
87.2	-48.80962016170048
87.25	-48.88445804066741
87.3	-48.95889210057544
87.35	-49.03313233235997
87.4	-49.107197178895795
87.45	-49.18123065036967
87.5	-49.25568091400697
87.55	-49.33103429226135
87.6	-49.40752377834898
87.65	-49.484972442558
87.7	-49.56330572750149
87.75	-49.64301638897741
87.8	-49.7246347518587
87.85	-49.80847543480932
87.9	-49.89458098052938
87.95	-49.982695709940906
88.0	-50.072889629162106
88.05	-50.165142057031545
88.1	-50.25934724366244
88.15	-50.35517215019799
88.2	-50.45128508628392
88.25	-50.54597291838866
88.3	-50.63813202374664
88.35	-50.72695616914253
88.4	-50.81218024927651
88.45	-50.89375714442393
88.5	-50.971532998879965
88.55	-51.0456121422329
88.6	-51.11614782193985
88.65	-51.18335378050761
88.7	-51.24738872548143
88.75	-51.30843362028986
88.8	-51.36685783254845
88.85	-51.42288273358824
88.9	-51.47661465936937
88.95	-51.52830641127299
89.0	-51.57826989312181
89.05	-51.62674108645126
89.1	-51.67376891174836
89.14999999999999	-51.719434788869656
89.2	-51.76411772558281
89.25	-51.808352633688145
89.30000000000001	-51.852431725494476
89.35	-51.89625298415676
89.39999999999999	-51.93970460781243
89.45	-51.98289948391424
89.5	-52.02607587645548
89.55000000000001	-52.06936131593268
89.6	-52.11296301625214
89.64999999999999	-52.157163488469166
89.7	-52.202301564698004
89.75	-52.248641809619585
89.80000000000001	-52.296299655775684
89.85	-52.345332700769745
89.89999999999999	-52.395876706638234
89.95	-52.448080162343516
90.0	-52.50167746387653
90.05000000000001	-52.55634200237258
90.1	-52.61209445308357
90.14999999999999	-52.66863648313695
90.2	-52.725315950962404
90.25	-52.781800152908204
90.30000000000001	-52.838006050914814
90.35	-52.89393040703692
90.39999999999999	-52.94934167521879
90.45	-53.00393044230754
90.5	-53.0576551616697
90.55000000000001	-53.110546777443005
90.6	-53.16261889284249
90.64999999999999	-53.2139393003678
90.7	-53.26463606417772
90.75	-53.314978180421676
90.80000000000001	-53.36521789497514
90.85	-53.41535882286539
90.89999999999999	-53.46538518669238
90.95	-53.51554711678869
91.0	-53.56634503236542
91.05000000000001	-53.61802976953873
91.1	-53.67051871506496
91.14999999999999	-53.72366449120383
91.2	-53.77731108794168
91.25	-53.83147645291919
91.30000000000001	-53.886390719153354
91.35	-53.94209920125612
91.39999999999999	-53.9985957886897
91.45	-54.055780046354855
91.5	-54.11349253782544
91.55000000000001	-54.171632461111315
91.6	-54.229908460604236
91.64999999999999	-54.28797306864617
91.7	-54.34558037867431
91.75	-54.40284848885427
91.80000000000001	-54.46027469987847
91.85	-54.51821157846023
91.89999999999999	-54.5767487037191
91.95	-54.636087374970614
92.0	-54.69620652154916
92.05000000000001	-54.75688701845634
92.1	-54.81752372526114
92.14999999999999	-54.87760132910705
92.2	-54.93742331642507
92.25	-54.99784141485056
92.3	-55.059218621240085
92.35000000000001	-55.121041899142114
92.39999999999999	-55.182762638617376
92.45	-55.244392096798826
92.5	-55.306046496730985
92.55	-55.367711839276396
92.60000000000001	-55.42928340843645
92.64999999999999	-55.49067935429215
92.7	-55.55201965994763
92.75	-55.61324524598806
92.8	-55.67410323549126
92.85000000000001	-55.73443149505943
92.89999999999999	-55.79395228088376
92.95	-55.852458203274
93.0	-55.909987492151345
93.05	-55.96650888350072
93.10000000000001	-56.02199825142239
93.14999999999999	-56.07627039456982
93.2	-56.12916218482803
93.25	-56.18089311905859
93.3	-56.231646166132506
93.35000000000001	-56.28126697310742
93.39999999999999	-56.32962093677787
93.45	-56.376783986125666
93.5	-56.42289251435186
93.55	-56.4679531442909
93.60000000000001	-56.511854566607774
93.64999999999999	-56.554533599595516
93.7	-56.59607382583461
93.75	-56.63675438267643
93.8	-56.67679720069957
93.85000000000001	-56.716424292598084
93.89999999999999	-56.75579972135011
93.95	-56.79494603423045
94.0	-56.83377720621747
94.05	-56.872264464801965
94.10000000000001	-56.91047534185342
94.14999999999999	-56.94862180134892
94.2	-56.98698711282392
94.25	-57.0259456543457
94.3	-57.065890124295805
94.35000000000001	-57.10703161781275
94.39999999999999	-57.149337724026665
94.45	-57.19264388930944
94.5	-57.23691278415578
94.55	-57.28226657552061
94.60000000000001	-57.328862127209725
94.64999999999999	-57.37674393800535
94.7	-57.425968797082774
94.75	-57.476638211065094
94.8	-57.52893521369059
94.85000000000001	-57.582606472576884
94.89999999999999	-57.63704370059072
94.95	-57.69186499381007
95.0	-57.746783121932936
95.05	-57.80150044108623
95.10000000000001	-57.85575064980324
95.14999999999999	-57.90927681287843
95.2	-57.96194788761096
95.25	-58.01380783034498
95.3	-58.064954467089606
95.35000000000001	-58.11548126331617
95.4	-58.165273824518266
95.44999999999999	-58.2142385717586
95.5	-58.26225018445521
95.55	-58.30921922589923
95.60000000000001	-58.35518176103114
95.65	-58.40011498129378
95.69999999999999	-58.444106803653014
95.75	-58.487300046055765
95.8	-58.52975552577842
95.85000000000001	-58.57164222468556
95.9	-58.6130355109628
95.94999999999999	-58.65396725281944
96.0	-58.6946617264653
96.05	-58.73527330500842
96.10000000000001	-58.77577617915933
96.15	-58.8161347302398
96.19999999999999	-58.85635149267152
96.25	-58.89637127552018
96.3	-58.93618383196315
96.35000000000001	-58.97581578540334
96.4	-59.015224059547805
96.44999999999999	-59.05453424526174
96.5	-59.09432223922202
96.55	-59.13505627772443
96.60000000000001	-59.176861782726995
96.65	-59.219791889379536
96.69999999999999	-59.263942967327814
96.75	-59.3095107247549
96.8	-59.35632886754938
96.85000000000001	-59.40396102559402
96.9	-59.45240664215836
96.94999999999999	-59.50194254426053
97.0	-59.5525858235877
97.05	-59.604185129965245
97.10000000000001	-59.65648186211279
97.15	-59.70928901843888
97.19999999999999	-59.76232821809467
97.25	-59.81517010035617
97.3	-59.86747389775687
97.35000000000001	-59.91896412033534
97.4	-59.96936534521412
97.44999999999999	-60.01843845444283
97.5	-60.06615070414733
97.55	-60.11258346852228
97.60000000000001	-60.157677613996185
97.65	-60.2012507918703
97.69999999999999	-60.24341664832782
97.75	-60.284523766289205
97.8	-60.32493815391577
97.85000000000001	-60.364586516063625
97.9	-60.40307130919863
97.94999999999999	-60.44022927071424
98.0	-60.47609380403673
98.05	-60.51073618040013
98.10000000000001	-60.544143004322
98.15	-60.57625507357915
98.19999999999999	-60.60705807108768
98.25	-60.63658012859953
98.3	-60.66483807501683
98.35000000000001	-60.69184062730196
98.4	-60.71752301311671
98.45	-60.74193874805586
98.5	-60.76522608961
98.55	-60.78756669339662
98.6	-60.80920927240646
98.65	-60.830370450222816
98.7	-60.85128792984334
98.75	-60.87212005291329
98.8	-60.893057650492345
98.85	-60.91432256054985
98.9	-60.93606965520321
98.95	-60.95840845988374
99.0	-60.981501637011064
99.05	-61.00541871526801
99.1	-61.03017827882009
99.15	-61.05573821240548
99.2	-61.082145301417135
99.25	-61.10950610312392
99.3	-61.13776419718987
99.35	-61.16671388404505
99.4	-61.196044773441905
99.45	-61.22556207668792
99.5	-61.25534823072964
99.55	-61.285495568462224
99.6	-61.31595233083469
99.65	-61.346611841441046
99.7	-61.37737260875978
99.75	-61.40822148411387
99.8	-61.43913758012539
99.85	-61.47011575322479
99.9	-61.501286162841915
99.95	-61.53279592198649
100.0	-61.56464271274382
100.05	-61.59662793434224
100.1	-61.62841507331345
100.15	-61.65988340195305
100.2	-61.69111378266939
100.25	-61.722209518738865
100.3	-61.75330182599758
100.35	-61.7843842875795
100.4	-61.815417086124626
100.45	-61.84642626572587
100.5	-61.87745546301535
100.55	-61.9087150362289
100.6	-61.94049334841334
100.65	-61.97293334224467
100.7	-62.0060644989492
100.75	-62.03971473300969
100.8	-62.07378869217385
100.85	-62.108249392016276
100.9	-62.14296671643629
100.95	-62.17798704859432
101.0	-62.21381369724124
101.05	-62.25107798653285
101.1	-62.28984510912595
101.15	-62.32976465872727
101.2	-62.37061955419713
101.25	-62.412378745233966
101.3	-62.45498236798193
101.35	-62.49849663192507
101.4	-62.542994218907836
101.45	-62.58842681183635
101.5	-62.63466704203444
101.55	-62.681806130143556
101.6	-62.73008042880514
101.65	-62.779591971590506
101.7	-62.830434846079314
101.75	-62.8825702818049
101.8	-62.93584446528888
101.85	-62.99006634433586
101.9	-63.04468465320366
101.95	-63.09896711851535
102.0	-63.152400207685886
102.05	-63.20472324132213
102.1	-63.25600282067768
102.15	-63.30600860384027
102.2	-63.35433361706377
102.25	-63.400929070131845
102.3	-63.44593571680983
102.35	-63.48914086037212
102.4	-63.53019251834791
102.45	-63.56914089259215
102.5	-63.606309268832916
102.55	-63.64198410810292
102.6	-63.676304539420165
102.65	-63.70929966996073
102.7	-63.740916187014236
102.75	-63.77128049830277
102.8	-63.80046550724137
102.85	-63.828382944442424
102.9	-63.855014772952664
102.95	-63.880479715839506
103.0	-63.90498167566521
103.05	-63.92862210481668
103.1	-63.95134915684141
103.15	-63.97315284314114
103.2	-63.99408971130478
103.25	-64.01426669572412
103.3	-64.03387980262895
103.35	-64.0531326531628
103.4	-64.07213695975231
103.45	-64.09088805205894
103.5	-64.109374334803
103.55	-64.1276592927427
103.6	-64.14581933755451
103.65	-64.16391161396955
103.7	-64.18199167099704
103.75	-64.20013062942176
103.8	-64.21842604888303
103.85	-64.23689935144415
103.9	-64.25554554502219
103.95	-64.2744102185725
104.0	-64.29352501659763
104.05	-64.31290747067386
104.1	-64.33250680766685
104.15	-64.35226063025719
104.2	-64.37215779651304
104.25	-64.39220196571809
104.3	-64.41235978615566
104.35	-64.43255975528403
104.4	-64.4526979767335
104.45	-64.47276157816253
104.5	-64.49270847183755
104.55	-64.51250528792961
104.6	-64.53224407421524
104.65	-64.55194091888396
104.7	-64.57150668042168
104.75	-64.59087025162455
104.80000000000001	-64.60997060126962
104.85	-64.62874558279229
104.89999999999999	-64.64719719812699
104.95	-64.66539425109013
105.0	-64.6833988760587
105.05000000000001	-64.70121096332474
105.1	-64.71878906786176
105.14999999999999	-64.7360018060784
105.2	-64.75275210794115
105.25	-64.76905465141377
105.30000000000001	-64.78494589433653
105.35	-64.80043712319333
105.39999999999999	-64.81555911232176
105.45	-64.83033084531151
105.5	-64.84483968614408
105.55000000000001	-64.85909424142999
105.6	-64.87326191231007
105.64999999999999	-64.88734254953202
105.7	-64.9016345781864
105.75	-64.91610478615185
105.80000000000001	-64.93101258251784
105.85	-64.94623537962896
105.89999999999999	-64.96202074429384
105.95	-64.97841092942751
106.0	-64.99559543992055
106.05000000000001	-65.01354973592524
106.1	-65.03224590287445
106.14999999999999	-65.05167271280688
106.2	-65.0717574929153
106.25	-65.09238420134368
106.30000000000001	-65.11341764876926
106.35	-65.13462136383005
106.39999999999999	-65.15570969395979
106.45	-65.17632516402935
106.5	-65.19619318447057
106.55000000000001	-65.21526054300881
106.6	-65.23347281755197
106.64999999999999	-65.25065807608479
106.7	-65.26666273930898
106.75	-65.28141235803037
106.80000000000001	-65.29494925534753
106.85	-65.30720502951226
106.89999999999999	-65.31810216034393
106.95	-65.32753764678874
107.0	-65.33551366313591
107.05000000000001	-65.34192269092256
107.1	-65.34689086880687
107.14999999999999	-65.35028030510483
107.2	-65.35239203014831
107.25	-65.3529569751978
107.30000000000001	-65.35240019443623
107.35	-65.35047695676995
107.39999999999999	-65.34755294571531
107.45	-65.34357477677918
107.5	-65.33874680377595
107.55000000000001	-65.33313624123483
107.6	-65.32693680768901
107.64999999999999	-65.32032526662866
107.7	-65.313459755851
107.75	-65.30648590766738
107.80000000000001	-65.29954095925166
107.85	-65.29277026761747
107.89999999999999	-65.28628255793672
107.95	-65.28034319170969
108.0	-65.27467427937358
108.05	-65.27016556015579
108.10000000000001	-65.26565300540676
108.14999999999999	-65.26230344948685
108.2	-65.25863033596048
108.25	-65.25620960024952
108.3	-65.253570855769
108.35000000000001	-65.25220262450165
108.39999999999999	-65.2505300523515
108.45	-65.24988429643315
108.5	-65.24879039964219
108.55	-65.24861052861301
108.60000000000001	-65.24819925268294
108.64999999999999	-65.24878667987932
108.7	-65.2493998225352
108.75	-65.25100827563867
108.8	-65.25273885127875
108.85000000000001	-65.25528466038881
108.89999999999999	-65.25801813311878
108.95	-65.26145440889289
109.0	-65.2652004487451
109.05	-65.2694177830114
109.10000000000001	-65.2739825378325
109.14999999999999	-65.27886003267851
109.2	-65.28396345175521
109.25	-65.28921198478747
109.3	-65.29455182220173
109.35000000000001	-65.29990985148369
109.39999999999999	-65.3052460447235
109.45	-65.3104726132032
109.5	-65.3156741703962
109.55	-65.32060043876177
109.60000000000001	-65.32568559774003
109.64999999999999	-65.33030029782553
109.7	-65.33518348828318
109.75	-65.33938657034176
109.8	-65.34425997887885
109.85000000000001	-65.34865428831282
109.89999999999999	-65.35410237999385
109.95	-65.35927922424415
110.0	-65.36576299830378
110.05	-65.37218522057087
110.10000000000001	-65.37985879319132
110.14999999999999	-65.38747411006827
110.2	-65.39637559420746
110.25	-65.40550260334281
110.3	-65.41592694914249
110.35000000000001	-65.42693280384411
110.39999999999999	-65.43924357704233
110.45	-65.45257735983974
110.5	-65.46722695954166
110.55	-65.4830561945585
110.60000000000001	-65.50017954876168
110.64999999999999	-65.51862305080533
110.7	-65.5384732867678
110.75	-65.55975536564378
110.8	-65.58243692587659
110.85000000000001	-65.6064230381316
110.9	-65.63143521994093
110.94999999999999	-65.6572249734445
111.0	-65.68381819902928
111.05	-65.71131226534612
111.10000000000001	-65.73967057677926
111.15	-65.76864712015785
111.19999999999999	-65.79796745259821
111.25	-65.82743033941817
111.3	-65.85684715345559
111.35000000000001	-65.88599239030054
111.4	-65.91464767965647
111.44999999999999	-65.94257035022291
111.5	-65.96952712946745
111.55	-65.99528385785047
111.60000000000001	-66.01953950834466
111.65	-66.0419777823361
111.69999999999999	-66.0622927374233
111.75	-66.08031531895196
111.8	-66.09588079206841
111.85000000000001	-66.10887760496368
111.9	-66.11935222594909
111.94999999999999	-66.12739489304137
112.0	-66.1330982734604
112.05	-66.13656739266028
112.10000000000001	-66.1378864168077
112.15	-66.13711283250277
112.19999999999999	-66.13429086188776
112.25	-66.12952116082779
112.3	-66.12297480755822
112.35000000000001	-66.11486120461016
112.4	-66.10539503814844
112.44999999999999	-66.09471468843984
112.5	-66.08291870769708
112.55	-66.07018182713594
112.60000000000001	-66.05669719216026
112.65	-66.0425924044388
112.69999999999999	-66.02796459868708
112.75	-66.01293062635213
112.8	-65.99765423086903
112.85000000000001	-65.98233434424642
112.9	-65.96717476160104
112.94999999999999	-65.95233625535931
113.0	-65.93791160915498
113.05	-65.92395449309083
113.10000000000001	-65.91047651124133
113.15	-65.89753471726691
113.19999999999999	-65.88527712973203
113.25	-65.87383402339196
113.3	-65.86323094254833
113.35000000000001	-65.85348393464422
113.4	-65.84445178201767
113.44999999999999	-65.8362193314803
113.5	-65.82850242540309
113.55	-65.82154555522561
113.60000000000001	-65.81489808400121
113.65	-65.80894403629297
113.69999999999999	-65.80308646095753
113.75	-65.79772069831404
113.8	-65.79239128680521
113.85000000000001	-65.78738915379186
113.9	-65.78238985778538
113.94999999999999	-65.7775556212503
114.0	-65.77270646598728
114.05	-65.76790991570644
114.1	-65.76317076773303
114.15	-65.75839194684777
114.2	-65.75370537570254
114.25	-65.74895951305835
114.3	-65.74449175490159
114.35	-65.7399288053031
114.4	-65.73593546851629
114.45	-65.73185728795455
114.5	-65.72873342947017
114.55	-65.7257250589966
114.6	-65.72427679259764
114.65	-65.72309710051024
114.7	-65.72374280281156
114.75	-65.72469970417592
114.8	-65.72772471454685
114.85	-65.73140085222211
114.9	-65.73727945834025
114.95	-65.74415196159168
115.0	-65.75280741668075
115.05	-65.76268598048787
115.1	-65.77403034605811
115.15	-65.78671067852528
115.2	-65.80071364817668
115.25	-65.81593599574819
115.3	-65.83226184240078
115.35	-65.84950933939771
115.4	-65.8673705592132
115.45	-65.88544222681973
115.5	-65.90336733667476
115.55	-65.92101387639136
115.6	-65.93831742178986
115.65	-65.9550760098508
115.7	-65.97097653224318
115.75	-65.98570482615138
115.8	-65.99905526914736
115.85	-66.01087541756843
115.9	-66.02104368301723
115.95	-66.0294785811881
116.0	-66.0361507535447
116.05	-66.04098413159366
116.1	-66.04402857879683
116.15	-66.04521656806415
116.2	-66.04470709458064
116.25	-66.0424407508144
116.3	-66.03852936336385
116.35	-66.03301132983236
116.4	-66.0260017256426
116.45	-66.01761602198282
116.5	-66.00799499615732
116.55	-65.997244947898
116.6	-65.98553128901543
116.65	-65.97302229687388
116.7	-65.95984758989694
116.75	-65.94611861354277
116.8	-65.93195036657424
116.85	-65.91747740290668
116.9	-65.90279519753221
116.95	-65.8879530680218
117.0	-65.87299154861108
117.05	-65.8579317238582
117.1	-65.84277334791902
117.15	-65.82745371540355
117.2	-65.81191326451486
117.25	-65.79612684505703
117.3	-65.7800826803429
117.35	-65.763783270992
117.4	-65.74717285484928
117.45	-65.7301586069325
117.5	-65.7127500786274
117.55	-65.69502506095685
117.6	-65.6770257187918
117.65	-65.65878730826427
117.7	-65.6403596899243
117.75	-65.62184303599952
117.8	-65.60334810088801
117.85	-65.5850111069084
117.9	-65.56702079230772
117.95	-65.54953869081375
118.0	-65.53271889312373
118.05	-65.51670914014373
118.1	-65.50162403161696
118.15	-65.48765282878313
118.2	-65.47500564226219
118.25	-65.46380886982055
118.3	-65.45416924031521
118.35	-65.44615828061424
118.4	-65.43976297476259
118.45	-65.43497158491684
118.5	-65.43166134847965
118.55	-65.42983674857383
118.6	-65.42935801439461
118.65	-65.4302192120831
118.7	-65.43231948956183
118.75	-65.43556670255913
118.8	-65.43986193569636
118.85	-65.4450867414365
118.9	-65.45112175653061
118.95	-65.45781738645496
119.0	-65.46506477716073
119.05	-65.47271050521567
119.1	-65.48085890261716
119.15	-65.48923117493547
119.2	-65.49820283821916
119.25	-65.50724143998879
119.3	-65.51709276012903
119.35	-65.52698195613215
119.4	-65.53792629276296
119.45	-65.54918872622608
119.5	-65.56150819143863
119.55	-65.57441399336983
119.6	-65.58837677050604
119.65	-65.60318106716028
119.7	-65.61899757496155
119.75	-65.63576373045655
119.8	-65.65349211351283
119.85	-65.67216512084451
119.9	-65.69165228838561
119.95	-65.71163801628444
120.0	-65.73167471062413
120.05	-65.75132375786256
120.1	-65.77033180601997
120.15	-65.78852922265207
120.2	-65.8057065701484
120.25	-65.82158239873027
120.3	-65.83588752617196
120.35	-65.84839680619797
120.39999999999999	-65.85889770178531
120.45	-65.86724508974058
120.5	-65.87343408341988
120.55000000000001	-65.8775598966721
120.6	-65.87975402235841
120.64999999999999	-65.88010836753875
120.7	-65.87871600350171
120.75	-65.8756627010351
120.80000000000001	-65.8710892177364
120.85	-65.86520069448663
120.89999999999999	-65.85826115894773
120.95	-65.85056340313284
121.0	-65.84244004621813
121.05000000000001	-65.83422468945564
121.1	-65.82618824188725
121.14999999999999	-65.81859329106149
121.2	-65.8116904632278
121.25	-65.80565091150578
121.30000000000001	-65.80059466907393
121.35	-65.7966152049022
121.39999999999999	-65.79375827895944
121.45	-65.79204365249757
121.5	-65.7914470604471
121.55000000000001	-65.79195079931871
121.6	-65.79351149949593
121.64999999999999	-65.79605947037061
121.7	-65.79947475214067
121.75	-65.8036119040438
121.80000000000001	-65.80833023387086
121.85	-65.81345265058421
121.89999999999999	-65.81877092911967
121.95	-65.82409942812878
122.0	-65.82930053432543
122.05000000000001	-65.83424606452095
122.1	-65.83881515400381
122.14999999999999	-65.84291232514643
122.2	-65.84644478747674
122.25	-65.84938860443386
122.30000000000001	-65.85165774205925
122.35	-65.85330079604908
122.39999999999999	-65.85416106572859
122.45	-65.85444164930017
122.5	-65.85391041013303
122.55000000000001	-65.85292581379022
122.6	-65.8512459468088
122.64999999999999	-65.84932424846902
122.7	-65.84681978921458
122.75	-65.8442438321324
122.80000000000001	-65.8411763624776
122.85	-65.83827488018568
122.89999999999999	-65.83512273991124
122.95	-65.832453339809
123.0	-65.82963244602448
123.05000000000001	-65.82743465709123
123.1	-65.82512814519873
123.14999999999999	-65.82347495938212
123.2	-65.82185143703593
123.25	-65.82089061310316
123.30000000000001	-65.82009809761077
123.35	-65.81984506974115
123.39999999999999	-65.81989212012982
123.45	-65.82037226876523
123.5	-65.82135592124109
123.55	-65.82267349308813
123.60000000000001	-65.82465259162535
123.64999999999999	-65.826915122469
123.7	-65.83010991714141
123.75	-65.83369650257211
123.8	-65.83832994395082
123.85000000000001	-65.8434150625533
123.89999999999999	-65.84962716003838
123.95	-65.85651451537397
124.0	-65.86444451775421
124.05	-65.87312022178646
124.10000000000001	-65.88280896003926
124.14999999999999	-65.89335384540568
124.2	-65.90493769175936
124.25	-65.91745833795261
124.3	-65.93093320596523
124.35000000000001	-65.94527300348794
124.39999999999999	-65.96034860386949
124.45	-65.97598766483082
124.5	-65.99196325822835
124.55	-66.00805586601261
124.60000000000001	-66.02403895581092
124.64999999999999	-66.03968983479571
124.7	-66.05476740873098
124.75	-66.06903515226051
124.8	-66.08234394799942
124.85000000000001	-66.0945622913006
124.89999999999999	-66.10557345383228
124.95	-66.11528654200096
125.0	-66.12360571363396
125.05	-66.13040497000219
125.1	-66.13561878802733
125.15	-66.1391227620824
125.2	-66.14090029795639
125.25	-66.14083998070656
125.3	-66.13903780970263
125.35	-66.1353768205478
125.4	-66.13000089221231
125.45	-66.12278086722996
125.5	-66.1138098692285
125.55	-66.10302675853352
125.6	-66.09055205963764
125.65	-66.07646476629456
125.7	-66.06087910075924
125.75	-66.0439135864707
125.8	-66.02574395969265
125.85	-66.00669426043586
125.9	-65.98713137659618
125.95	-65.96746157672538
126.0	-65.94806495032367
126.05	-65.92927394567478
126.1	-65.91132721856768
126.15	-65.89438759251476
126.2	-65.87855260406018
126.25	-65.86401041169913
126.3	-65.85089854478656
126.35	-65.83915524018275
126.4	-65.82896224604374
126.45	-65.81988417596004
126.5	-65.81254248559779
126.55	-65.80599223655469
126.6	-65.80138791440626
126.65	-65.7974667895447
126.7	-65.79576784429175
126.75	-65.79441281573679
126.8	-65.79487615031093
126.85	-65.79522597627883
126.9	-65.79740377572158
126.95	-65.79963876605999
127.0	-65.80359810214195
127.05	-65.80746763417946
127.1	-65.81271606364686
127.15000000000002	-65.81775325441639
127.2	-65.82394413534035
127.25	-65.82981328658119
127.3	-65.83676747564584
127.35	-65.84364779128845
127.40000000000002	-65.85189637210692
127.45	-65.86051472971242
127.5	-65.87033644402854
127.55	-65.88075050078723
127.6	-65.89235308352929
127.65000000000002	-65.90489060882848
127.7	-65.91867531314705
127.75	-65.93362715330673
127.8	-65.94984015951331
127.85	-65.96732977207027
127.90000000000002	-65.98606795285255
127.95	-66.00598398079721
128.0	-66.02697293788546
128.05	-66.04897443669513
128.1	-66.07190457700315
128.14999999999998	-66.09562557423864
128.20000000000002	-66.1199354806842
128.25	-66.14451294809813
128.3	-66.16901841072134
128.35	-66.19318383209838
128.39999999999998	-66.21677376751629
128.45000000000002	-66.23977482508329
128.5	-66.2620800645899
128.55	-66.28337193291866
128.6	-66.30354011880479
128.64999999999998	-66.32269873977165
128.70000000000002	-66.3407815338056
128.75	-66.3575068629306
128.8	-66.37264254590389
128.85	-66.38610210015725
128.89999999999998	-66.39785757023142
128.95000000000002	-66.40782070914804
129.0	-66.4159282009737
129.05	-66.42203620306118
129.1	-66.42604602282199
