129.14999999999998	-66.42787621191745
129.20000000000002	-66.42756706068371
129.25	-66.42503258868723
129.3	-66.42032809756577
129.35	-66.41332554902493
129.39999999999998	-66.40402596792143
129.45000000000002	-66.39234362283383
129.5	-66.37828674194037
129.55	-66.3618692108102
129.6	-66.34313025317527
129.64999999999998	-66.32213407182826
129.70000000000002	-66.29900117107587
129.75	-66.27393677570521
129.8	-66.24712207654628
129.85	-66.21879074055227
129.89999999999998	-66.18931885898886
129.95000000000002	-66.15897891921306
130.0	-66.12785763249758
130.05	-66.09604013455342
130.1	-66.06370720491458
130.14999999999998	-66.03114250448237
130.20000000000002	-65.99858420572473
130.25	-65.96617708544466
130.3	-65.93404558604581
130.35	-65.902289157389
130.39999999999998	-65.87089185213351
130.45000000000002	-65.83987854739176
130.5	-65.80933063324755
130.55	-65.77931955796807
130.6	-65.74994825441203
130.64999999999998	-65.72134512084605
130.70000000000002	-65.6936638472988
130.75	-65.66700634793088
130.8	-65.64140852005025
130.85	-65.61684055873532
130.89999999999998	-65.59328826655964
130.95000000000002	-65.57080588125694
131.0	-65.54946077391965
131.05	-65.52926093187958
131.1	-65.5102179235578
131.14999999999998	-65.49232798983209
131.20000000000002	-65.47556743496682
131.25	-65.45990377830722
131.3	-65.4451720143733
131.35	-65.4313807082219
131.39999999999998	-65.41832057593089
131.45000000000002	-65.40615091941301
131.5	-65.39428029173075
131.55	-65.38290682745247
131.6	-65.37156169836051
131.64999999999998	-65.36045320833455
131.70000000000002	-65.34924515260539
131.75	-65.33803024995939
131.8	-65.32653603950241
131.85	-65.31476794845237
131.89999999999998	-65.30256694397278
131.95000000000002	-65.28989961989393
132.0	-65.27674230613434
132.05	-65.26309499073284
132.1	-65.24890022530126
132.14999999999998	-65.23413828419802
132.20000000000002	-65.21886140962509
132.25	-65.20314111162551
132.3	-65.1869538785936
132.35	-65.17032333040831
132.39999999999998	-65.15341960708393
132.45000000000002	-65.13638913208055
132.5	-65.11927534137962
132.55	-65.10208371187997
132.6	-65.08487455734942
132.64999999999998	-65.06776499082412
132.70000000000002	-65.0508634203824
132.75	-65.0342740721602
132.8	-65.01813976866444
132.85	-65.00263604782107
132.89999999999998	-64.98796653914495
132.95000000000002	-64.97432357956463
133.0	-64.96184568877084
133.05	-64.95064548364411
133.1	-64.94081807290439
133.14999999999998	-64.93244249619153
133.20000000000002	-64.92558192169443
133.25	-64.92024292210634
133.3	-64.9163857291816
133.35	-64.91393762113817
133.39999999999998	-64.91282436295073
133.45000000000002	-64.91294507195529
133.5	-64.91421395517065
133.55	-64.91650213972159
133.6	-64.91963502637827
133.64999999999998	-64.92340315094147
133.70000000000002	-64.9276079681219
133.75	-64.93203679098647
133.8	-64.93647404764202
133.85	-64.94066371624854
133.89999999999998	-64.94437078161803
133.95000000000002	-64.9473449970636
134.0	-64.94943865370472
134.05	-64.95038511714657
134.1	-64.95020373273368
134.14999999999998	-64.94850225525543
134.20000000000002	-64.9454223020895
134.25	-64.94057332153986
134.3	-64.93405309833663
134.35	-64.92569031753743
134.4	-64.91558875674147
134.45	-64.9037363053392
134.5	-64.89017063249713
134.55	-64.87476245801383
134.6	-64.85759075866619
134.65	-64.83877621868604
134.7	-64.81840230834527
134.75	-64.79654338955177
134.8	-64.77325454985248
134.85	-64.74867284590769
134.9	-64.72312608357954
134.95	-64.69715938387286
135.0	-64.67129839932484
135.05	-64.64589864275979
135.1	-64.62124878722426
135.15	-64.5975903557756
135.2	-64.57499017240319
135.25	-64.55348854468568
135.3	-64.53313798220285
135.35	-64.51406659243327
135.4	-64.49636983443874
135.45	-64.48002664867771
135.5	-64.46508467181081
135.55	-64.45139294769173
135.6	-64.43902321048398
135.65	-64.42781697743519
135.7	-64.41808308716463
135.75	-64.40917472210074
135.8	-64.40174183729263
135.85	-64.39478493895894
135.9	-64.38943398437998
135.95	-64.38443640920897
136.0	-64.38129348932256
136.05	-64.37830435173088
136.1	-64.37727632814841
136.15	-64.3763060956222
136.2	-64.37740284556281
136.25	-64.37850149128899
136.3	-64.38152351535327
136.35	-64.38457288967606
136.4	-64.38931142045152
136.45	-64.3941853006608
136.5	-64.40014921632836
136.55	-64.40617134598924
136.6	-64.41273032468693
136.65	-64.41943550174949
136.7	-64.42637513208487
136.75	-64.43342058065159
136.8	-64.44044827716735
136.85	-64.44731035110817
136.9	-64.45399284360084
136.95	-64.46034350878533
137.0	-64.46665508315687
137.05	-64.4724450767057
137.1	-64.47826054433025
137.15	-64.48311191926297
137.2	-64.48821847263955
137.25	-64.49239392744246
137.3	-64.49726950274709
137.35	-64.50136246310433
137.4	-64.50641351832427
137.45	-64.51099274796982
137.5	-64.51672758966897
137.55	-64.52214265868481
137.6	-64.52857002863777
137.65	-64.53482698490706
137.7	-64.54216620209287
137.75	-64.54973934037253
137.8	-64.5581411214888
137.85	-64.5669992266259
137.9	-64.5764701346574
137.95	-64.5864061524454
138.0	-64.59677135179439
138.05	-64.6074018085974
138.1	-64.61806125668245
138.15	-64.62854152634372
138.2	-64.63864893738305
138.25	-64.64819487016038
138.3	-64.65698299805544
138.35	-64.6647970760711
138.4	-64.67145029281114
138.45	-64.676716373142
138.5	-64.68044019769765
138.55	-64.6824533938267
138.6	-64.68272153983035
138.65	-64.68102206687816
138.7	-64.67743325367528
138.75	-64.67167368963747
138.8	-64.66375849441692
138.85	-64.6534567726898
138.9	-64.6407813054383
138.95	-64.62573021709917
139.0	-64.60836284920867
139.05	-64.58873668188889
139.1	-64.56691382178269
139.15	-64.54305910165812
139.2	-64.5173553288239
139.25	-64.4900381576694
139.3	-64.46139132212026
139.35	-64.4316396921667
139.4	-64.40106332931738
139.45	-64.36999635053724
139.5	-64.33881740213593
139.55	-64.30803373847323
139.6	-64.27806321348356
139.65	-64.24922813175797
139.7	-64.22177964409418
139.75	-64.19579816115916
139.8	-64.17133867171248
139.85	-64.14841790171724
139.9	-64.12706322778048
139.95	-64.10736648099024
140.0	-64.08941457383804
140.05	-64.07318809184943
140.1	-64.05854018540641
140.15	-64.04538729625143
140.2	-64.03367320996853
140.25	-64.02348575478449
140.3	-64.01454010282785
140.35	-64.0069819764087
140.4	-64.00034495623555
140.45	-63.99503159419194
140.5	-63.990394468052756
140.55	-63.98711228168444
140.6	-63.98427244203137
140.65	-63.982748173893306
140.7	-63.98133521802778
140.75	-63.98116762578107
140.8	-63.9809740986371
140.85	-63.98192129228733
140.9	-63.982694415887565
140.95	-63.98468204286901
141.0	-63.98669831615667
141.05	-63.9897490098316
141.1	-63.99272884023867
141.15	-63.996376233988215
141.2	-63.99999531341979
141.25	-64.00396530095111
141.3	-64.00802227140895
141.35	-64.01224896779411
141.4	-64.01665429953948
141.45	-64.02116791439671
141.5	-64.02610228928495
141.55	-64.03098269612386
141.6	-64.03645240281008
141.65	-64.0415553790797
141.7	-64.04754053588418
141.75	-64.0530277616444
141.8	-64.05961912160963
141.85	-64.06572460444508
141.9	-64.07332085906307
141.95	-64.08091608724519
142.0	-64.08997552070201
142.05	-64.09933823940378
142.1	-64.10947261010455
142.15	-64.11990988903008
142.2	-64.13093277916893
142.25	-64.14231950633541
142.3	-64.15412302959065
142.35	-64.1661437501579
142.4	-64.17823184297976
142.45	-64.19022850861373
142.5	-64.20195571862328
142.55	-64.21319957824764
142.6	-64.22370735293217
142.65	-64.23325325239657
142.7	-64.24167427049717
142.75	-64.24879786031573
142.8	-64.25448842991193
142.85	-64.25860789570949
142.9	-64.26116494181073
142.95	-64.26201139570274
143.0	-64.2612680262127
143.05	-64.25876117765488
143.1	-64.254560394761
143.15	-64.2485520477353
143.2	-64.24080497518628
143.25	-64.23131787465024
143.3	-64.22015005657481
143.35	-64.20735458250124
143.4	-64.19304803132424
143.45	-64.17743314405013
143.5	-64.16071864460805
143.55	-64.14303985680539
143.6	-64.1245016257449
143.65	-64.10521030314669
143.7	-64.08532662121557
143.75	-64.06508494901651
143.8	-64.0447495836435
143.85	-64.02454312314543
143.9	-64.00462921184716
143.95	-63.985228949426784
144.0	-63.96661604537911
144.05	-63.94899554347344
144.1	-63.93256009019335
144.15	-63.91745234744242
144.2	-63.90380181800127
144.25	-63.89180719555596
144.3	-63.88157027702441
144.35	-63.87294311740455
144.4	-63.86599076631987
144.45	-63.86041577242054
144.5	-63.856468863762714
144.55	-63.853651178247304
144.6	-63.85231060517711
144.65	-63.85188296155218
144.7	-63.852564138806486
144.75	-63.85389596458299
144.8	-63.85580067205851
144.85	-63.85806112748145
144.9	-63.86049599820484
144.95	-63.862898876789814
145.0	-63.86509530533512
145.05	-63.86689852573977
145.1	-63.868210093435835
145.15	-63.8688599230296
145.2	-63.86883899705865
145.25	-63.867975677595794
145.3	-63.8662813174217
145.35	-63.86363046460064
145.4	-63.86004416419192
145.45	-63.85542667619305
145.5	-63.849838431705315
145.55	-63.8432195570451
145.6	-63.835671631449536
145.65	-63.8270821270839
145.7	-63.81756330551525
145.75	-63.80698205915776
145.8	-63.795500883046735
145.85	-63.78302132993446
145.9	-63.76966297031034
145.95	-63.7553605698111
146.0	-63.74024270132947
146.05	-63.72424845235125
146.1	-63.70741981095871
146.15	-63.689756398182254
146.2	-63.67149682048873
146.25	-63.65280138998785
146.3	-63.633698562068766
146.35	-63.614207229281604
146.4	-63.5944234316905
146.45	-63.57454944851192
146.5	-63.55490446456524
146.55	-63.53586299948813
146.6	-63.517803221154225
146.65	-63.50099720203012
146.7	-63.48564413336856
146.75	-63.471919592353764
146.8	-63.4599882921498
146.85	-63.45005233360523
146.9	-63.44226289202952
146.95	-63.43661580800075
147.0	-63.43298245172383
147.04999999999998	-63.43118188719481
147.10000000000002	-63.43108274565617
147.15	-63.43260332322183
147.2	-63.43561278411629
147.25	-63.43989717498226
147.29999999999998	-63.44517656882228
147.35000000000002	-63.45114092284216
147.4	-63.457480191947724
147.45	-63.46390742818141
147.5	-63.47015673081346
147.54999999999998	-63.475948344200305
147.60000000000002	-63.48095416174942
147.65	-63.484862256561826
147.7	-63.487441008475
147.75	-63.488540714083165
147.79999999999998	-63.48802147515018
147.85000000000002	-63.48581031158973
147.9	-63.481780624662186
147.95	-63.47588835227485
148.0	-63.46806793996826
148.04999999999998	-63.45831625586979
148.10000000000002	-63.446587060443704
148.15	-63.43285239307494
148.2	-63.417149272097504
148.25	-63.39968235496139
148.29999999999998	-63.380824149729236
148.35000000000002	-63.360956773619975
148.4	-63.340349244845314
148.45	-63.31918649466033
148.5	-63.29782489375224
148.54999999999998	-63.27673103452949
148.60000000000002	-63.256220316502336
148.65	-63.23649219836933
148.7	-63.21764666768041
148.75	-63.19976794516356
148.79999999999998	-63.1828847815563
148.85000000000002	-63.16683170205446
148.9	-63.151634325377415
148.95	-63.136926443551616
149.0	-63.12310198004412
149.04999999999998	-63.1093028131629
149.10000000000002	-63.09607975238344
149.15	-63.082515821646965
149.2	-63.06903376635374
149.25	-63.05520228406684
149.29999999999998	-63.04109249273071
149.35000000000002	-63.02652081425326
149.4	-63.011505298375
149.45	-62.996025843481654
149.5	-62.98002788958987
149.54999999999998	-62.96354175544758
149.60000000000002	-62.94671143585485
149.65	-62.929642588622116
149.7	-62.91244080245242
149.75	-62.895209187691236
149.79999999999998	-62.878049919831355
149.85000000000002	-62.86115251012767
149.9	-62.844718193089136
149.95	-62.82881637649698
150.0	-62.813451496774746
150.04999999999998	-62.79847875878834
150.10000000000002	-62.78398948880796
150.15	-62.769838176338155
150.2	-62.756254351988154
150.25	-62.74301667909992
150.29999999999998	-62.73047197661494
150.35000000000002	-62.71805840668431
150.4	-62.70621244625247
150.45	-62.69442802600163
150.5	-62.68310435809434
150.54999999999998	-62.672004378862624
150.60000000000002	-62.66145476553086
150.65	-62.6512490657296
150.7	-62.64164869376143
150.75	-62.63246132623722
150.79999999999998	-62.62396643269304
150.85000000000002	-62.61595937462124
150.9	-62.608732243831156
150.95	-62.60201883257538
151.0	-62.596229533424136
151.04999999999998	-62.59092668495472
151.10000000000002	-62.586826781135386
151.15	-62.5832005675615
151.2	-62.58106463148806
151.25	-62.57931783946339
151.29999999999998	-62.579093127442825
151.35000000000002	-62.579032202137554
151.4	-62.58029257500417
151.45	-62.581575718889084
151.5	-62.58403448122434
151.54999999999998	-62.586461192350484
151.60000000000002	-62.589782505775204
151.65	-62.592811629374765
151.7	-62.59611477323096
151.75	-62.59848730539561
151.79999999999998	-62.60078346077722
151.85000000000002	-62.601793468642185
151.9	-62.60242021265957
151.95	-62.60129563226077
152.0	-62.599415599147086
152.04999999999998	-62.59556283106323
152.10000000000002	-62.59063228082943
152.15	-62.58377996605884
152.2	-62.575460397515776
152.25	-62.565334249862204
152.29999999999998	-62.553459863658865
152.35000000000002	-62.53966716992818
152.4	-62.52398175105541
152.45	-62.506398726434824
152.5	-62.4869263794603
152.54999999999998	-62.4655913286128
152.60000000000002	-62.442461231332906
152.65	-62.41753293890831
152.7	-62.3908725121443
152.75	-62.36255961029586
152.79999999999998	-62.33264219387941
152.85000000000002	-62.30121592460137
152.9	-62.26842411509551
152.95	-62.23442685820234
153.0	-62.199489761901745
153.04999999999998	-62.1640295476314
153.10000000000002	-62.128489715083504
153.15	-62.093180566647916
153.2	-62.0582537856485
153.25	-62.02397811484652
153.29999999999998	-61.99063404796539
153.35	-61.958443407340155
153.4	-61.92757268562545
153.45000000000002	-61.89826896048721
153.5	-61.870833466050456
153.54999999999998	-61.84537476662432
153.6	-61.821784215212446
153.65	-61.799953743469246
153.70000000000002	-61.77981891686893
153.75	-61.761393003154424
153.79999999999998	-61.744577814848896
153.85	-61.72918969034502
153.9	-61.71504034296708
153.95000000000002	-61.70206967581523
154.0	-61.69009415818727
154.04999999999998	-61.67907945119428
154.1	-61.668714538585725
154.15	-61.658984127408615
154.20000000000002	-61.64958800344156
154.25	-61.6405399223729
154.29999999999998	-61.63159122971134
154.35	-61.62273711367638
154.4	-61.61380007195456
154.45000000000002	-61.60475078349074
154.5	-61.59548322636593
154.54999999999998	-61.58601049141663
154.6	-61.576322504676796
154.65	-61.56639539527437
154.70000000000002	-61.55620086864592
154.75	-61.54575670595834
154.79999999999998	-61.53508586690094
154.85	-61.524194485592595
154.9	-61.51309659719152
154.95000000000002	-61.50183185791463
155.0	-61.490447435333984
155.04999999999998	-61.47898059353722
155.1	-61.46747362146421
155.15	-61.45596389527225
155.20000000000002	-61.444541731637926
155.25	-61.43326937059337
155.29999999999998	-61.42218526339161
155.35	-61.41126889029196
155.4	-61.40054319383795
155.45000000000002	-61.39008209855389
155.5	-61.38000183804817
155.54999999999998	-61.37035153910132
155.6	-61.36119089374129
155.65	-61.35254096002215
155.70000000000002	-61.34446752998967
155.75	-61.33701205727532
155.79999999999998	-61.33026954191361
155.85	-61.32430730327782
155.9	-61.319200992608344
155.95000000000002	-61.31493935022627
156.0	-61.311681396067556
156.04999999999998	-61.309140523341284
156.1	-61.307825199062506
156.15	-61.30705005430942
156.20000000000002	-61.30747023996187
156.25	-61.30823050819356
156.29999999999998	-61.31002991470355
156.35	-61.31190694112588
156.4	-61.314521581405245
156.45000000000002	-61.316925391294916
156.5	-61.31988840309931
156.54999999999998	-61.32244857237184
156.6	-61.32513622907619
156.65	-61.32698237795611
156.70000000000002	-61.32852221817875
156.75	-61.32879545165363
156.79999999999998	-61.328455469222085
156.85	-61.32660324623234
156.9	-61.323829745489704
156.95000000000002	-61.31931886072556
157.0	-61.31354435450487
157.04999999999998	-61.30590412528389
157.1	-61.296653047050995
157.15	-61.285464176114125
157.20000000000002	-61.27240940597771
157.25	-61.25731882813484
157.29999999999998	-61.240142521970995
157.35	-61.22077149651705
157.4	-61.199175584098356
157.45000000000002	-61.17535195592673
157.5	-61.14939042395925
157.54999999999998	-61.12159784097386
157.6	-61.09220266166945
157.65	-61.0613228245078
157.70000000000002	-61.02930808415594
157.75	-60.99665456805372
157.79999999999998	-60.9638006399032
157.85	-60.93113037822478
157.9	-60.89892400387664
157.95000000000002	-60.86744790021496
158.0	-60.83694056202327
158.04999999999998	-60.807665680155765
158.1	-60.77977242270018
158.15	-60.75325324443194
158.20000000000002	-60.728128144358166
158.25	-60.70456019706775
158.29999999999998	-60.68272585491332
158.35	-60.662684695159854
158.4	-60.64436880786976
158.45000000000002	-60.627737079238244
158.5	-60.61273997630244
158.54999999999998	-60.59936778597535
158.6	-60.587514537232416
158.65	-60.57726763089011
158.70000000000002	-60.56820997046151
158.75	-60.560817928157505
158.79999999999998	-60.5541268274916
158.85	-60.549012445574306
158.9	-60.54411886527319
158.95000000000002	-60.540412547881786
159.0	-60.53672777743933
159.04999999999998	-60.5341092941487
159.1	-60.53153155693135
159.15	-60.5297389016507
159.20000000000002	-60.52791491068634
159.25	-60.5265289751828
159.3	-60.52527005605637
159.35	-60.52414611252236
159.39999999999998	-60.52331654184489
159.45000000000002	-60.52227007342607
159.5	-60.521813255971566
159.55	-60.520933980332984
159.6	-60.520962780099865
159.64999999999998	-60.52037171516147
159.70000000000002	-60.520932326145676
159.75	-60.52057495062064
159.8	-60.52129937564227
159.85	-60.52082197403713
159.89999999999998	-60.52168809413598
159.95000000000002	-60.52170688936981
160.0	-60.52324327375086
160.05	-60.52419908070289
160.1	-60.52699415044328
160.14999999999998	-60.5295394528417
160.20000000000002	-60.53390942214823
160.25	-60.538385439941294
160.3	-60.544851588096726
160.35	-60.55198201362233
160.39999999999998	-60.56080664394935
160.45000000000002	-60.5705911648719
160.5	-60.5817960115392
160.55	-60.594290730501235
160.6	-60.60833270409259
160.64999999999998	-60.62392373051657
160.70000000000002	-60.64095998218035
160.75	-60.65933231853448
160.8	-60.678908379501934
160.85	-60.69952286189056
160.89999999999998	-60.72090813679691
160.95000000000002	-60.742905345499764
161.0	-60.765462444385506
161.05	-60.788467781451565
161.1	-60.811739465946744
161.14999999999998	-60.835081764421304
161.20000000000002	-60.858290234036346
161.25	-60.881215238020246
161.3	-60.90371911225225
161.35	-60.92567999226348
161.39999999999998	-60.94689482135823
161.45000000000002	-60.9671252611195
161.5	-60.98609746742238
161.55	-61.00352470799025
161.6	-61.01916637208393
161.64999999999998	-61.03281928226497
161.70000000000002	-61.04432225907189
161.75	-61.05358996902319
161.8	-61.06057796269659
161.85	-61.06530478683189
161.89999999999998	-61.06778824271704
161.95000000000002	-61.068084722879334
162.0	-61.06617203824189
162.05	-61.06206957574436
162.1	-61.05578637908059
162.14999999999998	-61.04736797378223
162.20000000000002	-61.03686173969973
162.25	-61.02439830989472
162.3	-61.010176856734816
162.35	-60.994443276641654
162.39999999999998	-60.9774495247981
162.45000000000002	-60.95934797618749
162.5	-60.94034017194311
162.55	-60.92066917201778
162.6	-60.90052946213757
162.64999999999998	-60.88015082177067
162.70000000000002	-60.85966094151462
162.75	-60.839099100369566
162.8	-60.81856151372432
162.85	-60.7982608891927
162.89999999999998	-60.77839935140399
162.95000000000002	-60.759081340478126
163.0	-60.74037327590112
163.05	-60.722346720904554
163.1	-60.70506256773004
163.14999999999998	-60.68863579590123
163.20000000000002	-60.67315188472524
163.25	-60.65860010146151
163.3	-60.64493154276751
163.35	-60.63216065716162
163.39999999999998	-60.620215163340504
163.45000000000002	-60.609073841773636
163.5	-60.59857419586508
163.55	-60.588764153200955
163.6	-60.57953077164352
163.64999999999998	-60.57094117696353
163.70000000000002	-60.56274552117564
163.75	-60.555057082016816
163.8	-60.54757844110523
163.85	-60.54049475640082
163.89999999999998	-60.533436108408736
163.95000000000002	-60.526614078569445
164.0	-60.51973142876557
164.05	-60.51296033484675
164.1	-60.50604882216383
164.14999999999998	-60.499109132789656
164.20000000000002	-60.49210996937728
164.25	-60.48513382190178
164.3	-60.47819431037043
164.35	-60.471395023144055
164.39999999999998	-60.4648147695212
164.45000000000002	-60.45854797708709
164.5	-60.452694148724575
164.55	-60.447394520640145
164.6	-60.44278337644502
164.64999999999998	-60.43897868510119
164.70000000000002	-60.436060326125826
164.75	-60.43413851716209
164.8	-60.433226966397356
164.85	-60.43343152719183
164.89999999999998	-60.43466240322137
164.95000000000002	-60.437071691669765
165.0	-60.44052905016633
165.05	-60.44511697208631
165.1	-60.45073573279038
165.14999999999998	-60.45730612478182
165.20000000000002	-60.464681470056476
165.25	-60.472685859481075
165.3	-60.481089021768895
165.35	-60.48960733376086
165.39999999999998	-60.49792373153523
165.45000000000002	-60.50574872254903
165.5	-60.51289929661644
165.55	-60.519228732011214
165.6	-60.524611356921156
165.65	-60.5288351272243
165.7	-60.53186962246663
165.75	-60.533468958174744
165.8	-60.53373794850826
165.85	-60.53241797856836
165.9	-60.52961078066495
165.95	-60.52513245816667
166.0	-60.519036806055865
166.05	-60.511256265460844
166.1	-60.50188986129383
166.15	-60.49091007467452
166.2	-60.47832787413339
166.25	-60.46407500763923
166.3	-60.44824843791943
166.35	-60.4309534372047
166.4	-60.412270647131834
166.45	-60.39214943436863
166.5	-60.370561632432015
166.55	-60.34768995495233
166.6	-60.32385706796078
166.65	-60.299430545635445
166.7	-60.27471676356986
166.75	-60.250027502705464
166.8	-60.2258184928993
166.85	-60.202427629203726
166.9	-60.18001121896343
166.95	-60.15873429880957
167.0	-60.138749645511375
167.05	-60.12021201680217
167.1	-60.10317607166907
167.15	-60.087582634895575
167.2	-60.07354935049027
167.25	-60.06095699539462
167.3	-60.04997892912637
167.35	-60.04031574576746
167.4	-60.03227336889687
167.45	-60.02531522174071
167.5	-60.019987230345635
167.55	-60.01548194091262
167.6	-60.01249121271665
167.65	-60.01005914947186
167.7	-60.00878142418728
167.75	-60.00780201371984
167.8	-60.00738992466649
167.85	-60.006900601396474
167.9	-60.00638880084693
167.95	-60.005524216555045
168.0	-60.004229528570605
168.05	-60.00244148349418
168.1	-59.999909564491475
168.15	-59.99668473124764
168.2	-59.992479147982294
168.25	-59.98734921591025
168.3	-59.981226327730425
168.35	-59.97418274702761
168.4	-59.966225699341265
168.45	-59.95741892698028
168.5	-59.94788284633079
168.55	-59.93779514718605
168.6	-59.92736779775832
168.65	-59.91686140477886
168.7	-59.90651579878448
168.75	-59.8964848774166
168.8	-59.88689541311798
168.85	-59.87789797587746
168.9	-59.86971367757306
168.95	-59.86252374933751
169.0	-59.85653345644545
169.05	-59.851852081855924
169.1	-59.84865490415147
169.15	-59.846872725967614
169.2	-59.846753843213705
169.25	-59.8480424383212
169.3	-59.85102568675215
169.35	-59.85547848717056
169.4	-59.861493668886624
169.45	-59.868897377216314
169.5	-59.87765266384692
169.55	-59.887587902868106
169.6	-59.89855025158761
169.65	-59.91033464778671
169.7	-59.92274526914491
169.75	-59.93554766125207
169.8	-59.948419655295105
169.85	-59.960963722550716
169.9	-59.97284288231752
169.95	-59.98380994034041
170.0	-59.993644173815696
170.05	-60.00216818334102
170.1	-60.009239273818636
170.15	-60.0147077974179
170.2	-60.01850788767251
170.25	-60.02056009898746
170.3	-60.020889351741246
170.35	-60.01940632284827
170.4	-60.0161151910669
170.45	-60.010952148269894
170.5	-60.00394825401791
170.55	-59.99519198873686
170.6	-59.98481763521794
170.65	-59.97293467848812
170.7	-59.95961491612974
170.75	-59.944875433787544
170.8	-59.92870851139206
170.85	-59.911145731370894
170.9	-59.89227657657572
170.95	-59.872217618773576
171.0	-59.85103695703364
171.05	-59.8286781910042
171.1	-59.80512794684212
171.15	-59.78043384684068
171.2	-59.754697716062594
171.25	-59.72796007554157
171.3	-59.70022131961418
171.35	-59.67150982939394
171.4	-59.64161100585672
171.45	-59.610178583539394
171.5	-59.57707751195867
171.55	-59.542362082969746
171.6	-59.506201967644685
171.65	-59.46886581698837
171.7	-59.43065380700378
171.75	-59.39184609383514
171.8	-59.3525965283777
171.85	-59.313168222230296
171.9	-59.273979235848245
171.95	-59.235452036547656
172.0	-59.19807898244315
172.05	-59.16247051818031
172.1	-59.12902063751683
172.15	-59.09783470104237
172.2	-59.06883831777466
172.25	-59.041850129816815
172.3	-59.016846739759224
172.35	-58.99383545778024
172.4	-58.972569765972956
172.45	-58.9530019736678
172.5	-58.93456841813974
172.55	-58.91751201152016
172.6	-58.90133229372043
172.65	-58.88646416479029
172.7	-58.872053058160404
172.75	-58.85868004619472
172.8	-58.84541306546434
172.85	-58.83276730557391
172.9	-58.820122551495324
172.95	-58.807779037591
173.0	-58.79535483368498
173.05	-58.78299994935617
173.1	-58.77056310773072
173.15	-58.758126608457346
173.2	-58.74564334764954
173.25	-58.73317077040337
173.3	-58.720667219897535
173.35	-58.70824959528759
173.4	-58.69606401925628
173.45	-58.68427305952335
173.5	-58.67298942679791
173.55	-58.66233453747145
173.6	-58.65247609614582
173.65	-58.64360501832479
173.7	-58.63586069478386
173.75	-58.62937621838701
173.8	-58.62425421567504
173.85	-58.620601740661684
173.9	-58.61846614150686
173.95	-58.61787785161607
174.0	-58.618799006472955
174.05	-58.621265818487856
174.1	-58.62523598018582
174.15	-58.63067386622312
174.2	-58.637461511568574
174.25	-58.64547307034389
174.3	-58.654520482096146
174.35	-58.66436062695444
174.4	-58.67473287112146
174.45	-58.68534810220473
174.5	-58.695957640497554
174.55	-58.70634056478422
174.6	-58.716273721601674
174.65	-58.72554469537576
174.7	-58.73392265583948
174.75	-58.74125472295098
174.8	-58.74734328429818
174.85	-58.752128189904816
174.9	-58.755406289472106
174.95	-58.75723216214895
175.0	-58.75734159831049
175.05	-58.7558880203933
175.1	-58.75259582956575
175.15	-58.74762581561047
175.2	-58.74072385164902
175.25	-58.73192962489787
175.3	-58.72115501940701
175.35	-58.708495546162084
175.4	-58.69406952580676
175.45	-58.677942203941384
175.5	-58.66009172960763
175.55	-58.64053373737267
175.6	-58.619295945776706
175.65	-58.59646989168759
175.7	-58.572233896379714
175.75	-58.54679279782749
175.8	-58.52043900474873
175.85	-58.49341672738037
175.9	-58.4659001274688
175.95	-58.438038147789825
176.0	-58.40998274773813
176.05	-58.381902390611984
176.1	-58.35394351482792
176.15	-58.326246761429175
176.2	-58.29894850672443
176.25	-58.272120324439015
176.3	-58.24591285172943
176.35	-58.220654613218606
176.4	-58.19661656987873
176.45	-58.17397762041037
176.5	-58.152767993271404
176.55	-58.132964683840505
176.6	-58.11462625665851
176.65	-58.09785896870204
176.7	-58.082694044145256
176.75	-58.06906242832777
176.8	-58.05690592414854
176.85	-58.04627410895178
176.9	-58.0373017613391
176.95	-58.03009594583172
177.0	-58.024661146053774
177.05	-58.020904429283505
177.1	-58.01871168703903
177.15	-58.01794894452024
177.2	-58.01853177228032
177.25	-58.020379797240764
177.3	-58.02343153299803
177.35	-58.027576769965975
177.4	-58.03266884913491
177.45	-58.03856482905966
177.5	-58.045121049304456
177.55	-58.0521843822475
177.6	-58.05953826171003
177.65	-58.06704556106254
177.7	-58.074819527908055
177.75	-58.082499659505864
177.8	-58.09062584995378
177.85	-58.09839966275669
177.9	-58.10701147558455
177.95	-58.11558570787724
178.0	-58.12512202462902
178.05	-58.13504745221032
178.1	-58.14574017310012
178.15	-58.15707363504896
178.2	-58.16913600522254
178.25	-58.181834432054586
178.29999999999998	-58.19513474225157
178.35000000000002	-58.20902707914905
178.4	-58.2235317590456
178.45	-58.23861771625647
178.5	-58.25420174687921
178.54999999999998	-58.27022716504798
178.60000000000002	-58.28659688373955
178.65	-58.30312013060399
178.7	-58.31963217336608
178.75	-58.33598296631667
178.79999999999998	-58.351989381359246
178.85000000000002	-58.36738945591002
178.9	-58.38188835531231
178.95	-58.39526392821549
179.0	-58.40732731208459
179.04999999999998	-58.41786712937494
179.10000000000002	-58.42671059585699
179.15	-58.433781884417755
179.2	-58.438966947008836
179.25	-58.44231922596027
179.29999999999998	-58.44363583623351
179.35000000000002	-58.44303996403846
179.4	-58.44027970457485
179.45	-58.435525375049345
179.5	-58.42849605440088
179.54999999999998	-58.4192454415664
179.60000000000002	-58.407713150087126
179.65	-58.39399388932769
179.7	-58.3781236659041
179.75	-58.360127020547345
179.79999999999998	-58.34011691677735
179.85000000000002	-58.31833997713929
179.9	-58.29496474731296
179.95	-58.27015838934986
180.0	-58.24425224808644
180.04999999999998	-58.21751715666812
180.10000000000002	-58.19009263585819
180.15	-58.16203863890706
180.2	-58.13352330846212
180.25	-58.104898410611085
180.29999999999998	-58.07652847249812
180.35000000000002	-58.04862195885836
180.4	-58.021346382836356
180.45	-57.99486529162719
180.5	-57.96925877198519
180.54999999999998	-57.94447021050303
180.60000000000002	-57.92045758242162
180.65	-57.89729410912078
180.7	-57.87504374729383
180.75	-57.85366079183264
180.79999999999998	-57.83306745807286
180.85000000000002	-57.81324598654088
180.9	-57.79418326394385
180.95	-57.77581997598253
181.0	-57.758098524858454
181.04999999999998	-57.7409497701709
181.10000000000002	-57.72428924444064
181.15	-57.70807973394761
181.2	-57.69231190167749
181.25	-57.67703867885259
181.29999999999998	-57.66236998134176
181.35000000000002	-57.64839189081652
181.4	-57.635135354198745
181.45	-57.62256370693543
181.5	-57.61061726647486
181.54999999999998	-57.59933152347406
181.60000000000002	-57.58873917488646
181.65	-57.57886284279353
181.7	-57.56970269144526
181.75	-57.56124897048208
181.79999999999998	-57.55350931250466
181.85000000000002	-57.5464729354196
181.9	-57.54021336728505
181.95	-57.53459069609837
182.0	-57.52987069741592
182.04999999999998	-57.5255616227892
182.10000000000002	-57.52227537220681
182.15	-57.519212173060794
182.2	-57.51732261255507
182.25	-57.51549450286851
182.29999999999998	-57.5149860362128
182.35000000000002	-57.51445858876923
182.4	-57.5155615543526
182.45	-57.51666360444645
182.5	-57.51948740759876
182.54999999999998	-57.52214015699309
182.60000000000002	-57.526592195755576
182.65	-57.53107802939341
182.7	-57.537386712089045
182.75	-57.543832962323066
182.79999999999998	-57.55192732791117
182.85000000000002	-57.56041716040235
182.9	-57.57034661442795
182.95	-57.581075886629264
183.0	-57.592848373179734
183.04999999999998	-57.60551624919661
183.10000000000002	-57.61895781268785
183.15	-57.63300410834208
183.2	-57.6473829569731
183.25	-57.661866539831536
183.29999999999998	-57.67624763969881
183.35000000000002	-57.69036653360573
183.4	-57.70401070417306
183.45	-57.7168807624179
183.5	-57.72869193976116
183.54999999999998	-57.739214555607695
183.60000000000002	-57.74833333441679
183.65	-57.755934251623835
183.7	-57.76201048290812
183.75	-57.76635152232463
183.79999999999998	-57.7690040861921
183.85000000000002	-57.76968605221285
183.9	-57.76864462166459
183.95	-57.76556013571678
184.0	-57.76060002913357
184.04999999999998	-57.753576200025364
184.10000000000002	-57.74457448764434
184.15	-57.73365399905937
184.2	-57.72094381443018
184.25	-57.706502249561936
184.29999999999998	-57.690379529810144
184.35000000000002	-57.672631696003464
184.4	-57.653423920342114
184.45	-57.63285113061883
184.5	-57.61090965714502
184.54999999999998	-57.587684365865385
184.6	-57.5633453002087
184.65	-57.53807662211818
184.70000000000002	-57.512088829450875
184.75	-57.485537876622075
184.79999999999998	-57.45856180181889
184.85	-57.431322147250725
184.9	-57.404168201577804
184.95000000000002	-57.377562240418214
185.0	-57.35183747017048
185.04999999999998	-57.32719694500892
185.1	-57.30370308327261
185.15	-57.28123224464293
185.20000000000002	-57.259770219557524
185.25	-57.239300326831554
185.29999999999998	-57.21979553430492
185.35	-57.20109083799853
185.4	-57.18319298890759
185.45000000000002	-57.165845199248686
185.5	-57.149122996655294
185.54999999999998	-57.132744871325514
185.6	-57.11683330929135
185.65	-57.10113516973507
185.70000000000002	-57.0857158374133
185.75	-57.07028912535026
185.79999999999998	-57.05491547929919
185.85	-57.039418003925434
185.9	-57.02377466849633
185.95000000000002	-57.00778304422003
186.0	-56.991441558491715
186.04999999999998	-56.974666413503826
186.1	-56.95750507647077
186.15	-56.939922739752454
186.20000000000002	-56.92188671846894
186.25	-56.90345762197896
186.29999999999998	-56.88475082315814
186.35	-56.86582639605715
186.4	-56.84671053453788
186.45000000000002	-56.82740013366812
186.5	-56.807938180898596
186.54999999999998	-56.788453056752175
186.6	-56.76912591539235
186.65	-56.75019216911042
186.70000000000002	-56.73194106839446
186.75	-56.71456911807911
186.79999999999998	-56.6982039839978
186.85	-56.68296239924965
186.9	-56.66900368161278
186.95000000000002	-56.65653755927114
187.0	-56.645824758752205
187.04999999999998	-56.63705329441749
187.1	-56.630318825473736
187.15	-56.625637848388536
187.20000000000002	-56.62312801839461
187.25	-56.622716078569965
187.29999999999998	-56.624588391857216
187.35	-56.62859227939403
187.4	-56.63493369428092
187.45000000000002	-56.64349111347786
187.5	-56.65430122246407
187.54999999999998	-56.66731013772166
187.6	-56.68246521179351
187.65	-56.699582413044936
187.70000000000002	-56.718416874636624
187.75	-56.73867629852484
187.79999999999998	-56.76003992048143
187.85	-56.78217337344856
187.9	-56.804694481162805
187.95000000000002	-56.82719307062804
188.0	-56.84913860956317
188.04999999999998	-56.86989716076636
188.1	-56.88890636778953
188.15	-56.90580608057143
188.20000000000002	-56.920428812412496
188.25	-56.932620154738615
188.29999999999998	-56.94225064572626
188.35	-56.94922965308479
188.4	-56.95355625653667
188.45000000000002	-56.95515383234999
188.5	-56.954051926919554
188.54999999999998	-56.95013417969346
188.6	-56.943409768087534
188.65	-56.93384755914764
188.70000000000002	-56.921446476206725
188.75	-56.906150722803105
188.79999999999998	-56.887923664740356
188.85	-56.86684960613958
188.9	-56.8431529421721
188.95000000000002	-56.81716470166785
189.0	-56.78920346248951
189.04999999999998	-56.75936478622603
189.1	-56.727631708308685
189.15	-56.694082296842666
189.20000000000002	-56.65911422262823
189.25	-56.62328949597181
189.29999999999998	-56.58703253922886
189.35	-56.550719779626654
189.4	-56.51477072755307
189.45000000000002	-56.47949649646589
189.5	-56.44512154520265
189.54999999999998	-56.41161953999
189.6	-56.37893086362445
189.65	-56.347124027374335
189.70000000000002	-56.31621167436779
189.75	-56.28623673972244
189.79999999999998	-56.25722289579864
189.85	-56.22924859205254
189.9	-56.202539552979395
189.95000000000002	-56.177211499546694
190.0	-56.15325592778013
190.04999999999998	-56.13069765657235
190.1	-56.10947397158036
190.15	-56.08942892733509
190.20000000000002	-56.07044851698021
190.25	-56.05233739157153
190.29999999999998	-56.0350645614533
190.35	-56.0183807804463
190.4	-56.00225078442466
190.45000000000002	-55.9865121994043
190.5	-55.97116672308378
190.55	-55.95602733260388
190.6	-55.94102121379069
190.64999999999998	-55.926001272036906
190.70000000000002	-55.910990440164696
190.75	-55.895920124167084
190.8	-55.880714940182116
190.85	-55.865294168267475
190.89999999999998	-55.849683544130315
190.95000000000002	-55.8339436607764
191.0	-55.81806764676871
191.05	-55.801982119518655
191.1	-55.78567195612051
191.14999999999998	-55.769185767401225
191.20000000000002	-55.752534776076416
191.25	-55.73567655031998
191.3	-55.7186115386105
191.35	-55.701432890699294
191.39999999999998	-55.68422225794795
191.45000000000002	-55.666998636170185
191.5	-55.649713750327024
191.55	-55.63241056686723
191.6	-55.61525067359415
191.64999999999998	-55.59838698988291
191.70000000000002	-55.58197134008053
191.75	-55.5661316550658
191.8	-55.550942610718565
191.85	-55.536495949010856
191.89999999999998	-55.52284995116905
191.95000000000002	-55.51005364457387
192.0	-55.49814694313157
192.05	-55.487110202714646
192.1	-55.476866788461116
192.14999999999998	-55.46736496393131
192.20000000000002	-55.45850360608742
192.25	-55.45026861491979
192.3	-55.44243410055778
192.35	-55.435038077142636
192.39999999999998	-55.427735088230136
192.45000000000002	-55.420628963245335
192.5	-55.413259851459664
192.55	-55.405710920145765
192.6	-55.3975969236425
192.64999999999998	-55.38891546217299
192.70000000000002	-55.379493663791784
192.75	-55.369301931438656
192.8	-55.35815063657369
192.85	-55.34587014372805
192.89999999999998	-55.33234933494579
192.95000000000002	-55.31754925317685
193.0	-55.30140389345747
193.05	-55.283868466240314
193.1	-55.26496270558977
193.14999999999998	-55.24474667302777
193.20000000000002	-55.223233957838985
193.25	-55.20044258743706
193.3	-55.176382976975844
193.35	-55.15107273349627
193.39999999999998	-55.124658439208716
193.45000000000002	-55.09739241579251
193.5	-55.069455916332316
193.55	-55.04100553559928
193.6	-55.012170544130306
193.64999999999998	-54.98311450501519
193.70000000000002	-54.95400431558621
193.75	-54.92498388935038
193.8	-54.89628483522768
193.85	-54.86819664389126
193.89999999999998	-54.84105717110553
193.95000000000002	-54.8152593441863
194.0	-54.791104325635736
194.05	-54.76882485771361
194.1	-54.74856133179544
194.14999999999998	-54.730430264963445
194.20000000000002	-54.71439646250361
194.25	-54.70039521021076
194.3	-54.688562849555545
194.35	-54.67821498305351
194.39999999999998	-54.67026218120984
194.45000000000002	-54.66331915154011
194.5	-54.658867418562835
194.55	-54.654945789792556
194.6	-54.65345580742913
194.64999999999998	-54.65230444489491
194.70000000000002	-54.653036363524706
194.75	-54.65354031853944
194.8	-54.655262530809786
194.85	-54.6563425613966
194.89999999999998	-54.65804012781358
194.95000000000002	-54.65878594088146
195.0	-54.659693532716645
195.05	-54.65943056814556
195.1	-54.65892193659053
195.14999999999998	-54.65702655077639
195.20000000000002	-54.65445958618919
195.25	-54.650517110545856
195.3	-54.64568107041683
195.35	-54.63953538947758
195.39999999999998	-54.63219360065729
195.45000000000002	-54.62353120008522
195.5	-54.61357003545454
195.55	-54.60224724798246
195.6	-54.589582749014696
195.64999999999998	-54.57563709827344
195.70000000000002	-54.56044950957677
195.75	-54.54404937541666
195.8	-54.526462459082836
195.85	-54.50778051328268
195.89999999999998	-54.48814132162744
195.95000000000002	-54.46762347620718
196.0	-54.44628216368982
196.05	-54.424209318291105
196.1	-54.40150276383959
196.14999999999998	-54.37831903692275
196.20000000000002	-54.354766476618074
196.25	-54.33087401334272
196.3	-54.30674657787612
196.35	-54.28256360471103
196.39999999999998	-54.25846503146152
196.45000000000002	-54.23461377404219
196.5	-54.21129291557579
196.55	-54.188871448838015
196.6	-54.167607063857574
196.64999999999998	-54.147656684951336
196.70000000000002	-54.12909411795633
196.75	-54.11205104543488
196.8	-54.09649166174861
196.85	-54.08219693957987
196.9	-54.06928392296222
196.95	-54.057071195270304
197.0	-54.046373069956346
197.05	-54.035632962679806
197.1	-54.02602911214525
197.15	-54.01577632621089
197.2	-54.00612508339482
197.25	-53.99555785022367
197.3	-53.98495721246921
197.35	-53.973429467978704
197.4	-53.96141055137328
197.45	-53.948297687411085
197.5	-53.93422013756215
197.55	-53.918701308383504
197.6	-53.901679986883074
197.65	-53.882983170652736
197.7	-53.86253653404233
197.75	-53.84037375176715
197.8	-53.81661579845932
197.85	-53.79129846587446
197.9	-53.764321202706256
197.95	-53.73569802395603
198.0	-53.70557246259862
198.05	-53.674084316566606
198.1	-53.64135702028037
198.15	-53.60739671470875
198.2	-53.572259641641665
198.25	-53.53626693737261
198.3	-53.499805783777916
198.35	-53.46317748106087
198.4	-53.426719208905865
198.45	-53.39080744920085
198.5	-53.35589984953652
198.55	-53.32224271454503
198.6	-53.28986988652815
198.65	-53.25887784881138
198.7	-53.22933459514489
198.75	-53.20121051027256
198.8	-53.17431097610557
198.85	-53.14845347666011
198.9	-53.12362305349052
198.95	-53.099805820167745
199.0	-53.07696688856416
199.05	-53.05509582012718
199.1	-53.0341213886353
199.15	-53.01405027751862
199.2	-52.99485089695635
199.25	-52.97635628540607
199.3	-52.95844625611568
199.35	-52.94107571938495
199.4	-52.92415335927362
199.45	-52.90754798907836
199.5	-52.89117802994444
199.55	-52.87499542571926
199.6	-52.85892259791096
199.65	-52.842897654991916
199.7	-52.826851925496456
199.75	-52.810692283033674
199.8	-52.794368012935166
199.85	-52.77780676258844
199.9	-52.760873335229434
199.95	-52.74348344803835
200.0	-52.725523483788606
200.05	-52.70682256736018
200.1	-52.68712667041829
200.15	-52.66624993796516
200.2	-52.644114147349576
200.25	-52.620645008144706
200.3	-52.59568021551105
200.35	-52.56903287656549
200.4	-52.54056736507543
200.45	-52.51023338365808
200.5	-52.47784082492465
200.55	-52.44308160069444
200.6	-52.40574043406227
200.65	-52.36573956289884
200.7	-52.323086389443276
200.75	-52.27764023457224
200.8	-52.22903422438844
200.85	-52.17697732148031
200.9	-52.12137383079509
200.95	-52.06234721612146
201.0	-52.000106262668524
201.05	-51.93462673701997
201.1	-51.86615756498497
201.15	-51.795038652411684
201.2	-51.72135166664573
201.25	-51.64526769390993
201.3	-51.5670447527512
201.35	-51.486534641320986
201.4	-51.403233483189354
201.45	-51.31690455956415
201.5	-51.22758614025322
201.55	-51.13470124080361
201.6	-51.03735385185512
201.65	-50.93487101594529
201.7	-50.826786258188136
201.75	-50.71295576658221
201.8	-50.593199803105165
201.85	-50.46707121724356
201.9	-50.33484345919946
201.95	-50.19639469789415
202.0	-50.05081537415637
202.05	-49.897867545382965
202.1	-49.7364669838458
202.15	-49.5650689293428
202.2	-49.38301430136674
202.25	-49.190603255446256
202.3	-48.989193913220575
202.35	-48.77946338969284
202.4	-48.55945177935124
202.45	-48.32611841871109
202.5	-48.07801124955924
202.55	-47.81491406724662
202.6	-47.53490057110013
202.65	-47.23622606867674
202.7	-46.920362149629334
202.75	-46.588337574149236
202.8	-46.23610810591674
202.85	-45.85060280274723
202.9	-45.42710917935676
202.95	-44.971891016018326
203.0	-44.49148587892435
203.05	-43.98891806757135
203.1	-43.457297992720825
203.15	-42.884628715781815
203.2	-42.282564119763805
203.25	-41.669026165915504
203.3	-41.03701648762555
203.35	-40.36442424916733
203.4	-39.634742841240225
203.45	-38.85149846278617
203.5	-38.016722248733814
203.55	-37.11238659305994
203.6	-36.13526340842749
203.65	-35.1031079444418
203.7	-34.001517162182026
203.75	-32.81219961919048
203.8	-31.52427377808246
203.85	-30.197631250131764
203.9	-28.823353385114242
203.95	-27.370030929243413
204.0	-25.902267127461027
204.05	-24.454851647344498
204.1	-22.992900374815946
204.15	-21.443780283554453
204.2	-19.822733529524292
204.25	-18.2860478841423
204.3	-16.911827792048875
204.35	-15.577250756313582
204.4	-14.202005588378523
204.45	-12.796651611095474
204.5	-11.48023328036623
204.55	-10.270916284584445
204.6	-9.130838221545412
204.65	-8.076621446750194
204.7	-7.123682109327829
204.75	-6.265796592730336
204.8	-5.454936739190673
204.85	-4.657524126739112
204.9	-3.9002469511425657
204.95	-3.215573601737597
205.0	-2.6016138239312663
205.05	-2.0419700839090478
205.1	-1.5206273353726014
205.15	-1.0297718437135701
205.2	-0.5592586698247872
205.25	-0.10215664468666635
205.3	0.33003640460892947
205.35	0.7298805800432444
205.4	1.1032699601893672
205.45	1.457324492144183
205.5	1.793922263507712
205.55	2.1112739010806276
205.6	2.411162779145086
205.65	2.697948807569401
205.7	2.971579902349376
205.75	3.230649189301966
205.8	3.4745229250980847
205.85	3.705470565378625
205.9	3.9248597672535603
205.95	4.130189032700483
206.0	4.321342677837999
206.05	4.501849177270719
206.1	4.675635986596143
206.15	4.844646330649999
206.2	5.008133800564655
206.25	5.165745315778858
206.3	5.317523074982647
206.35	5.4632398899638215
206.4	5.604109423724368
206.45	5.740820392281368
206.5	5.872898528531683
206.55	6.00086892290061
206.6	6.125440374398503
206.65	6.2467811449099155
206.7	6.365077694619638
206.75	6.479809806521487
206.8	6.590652262168984
206.85	6.698038804791871
206.9	6.802768134806807
206.95	6.905204874949552
207.0	7.004749068188209
207.05	7.101214795384884
207.1	7.195305482575449
207.15	7.288054227470516
207.2	7.380407367613097
207.25	7.472431151091399
207.3	7.563509633045808
207.35	7.652824690868684
207.4	7.739608952544808
207.45	7.823387723307672
207.5	7.9033001732049915
207.55	7.978720117948605
207.6	8.049342861200152
207.65	8.1148295500974
207.7	8.175110483510585
207.75	8.230395193556367
207.8	8.2809316202258
207.85	8.326948863691577
207.9	8.368647275487415
207.95	8.40626115706311
208.0	8.43998515796041
208.05	8.470010080563462
208.1	8.496763409965528
208.15	8.520686428531773
208.2	8.542157946780991
208.25	8.561450809206217
208.3	8.578776703213915
208.35	8.594311795745377
208.4	8.608395482159846
208.45	8.6211154940516
208.5	8.632783789101552
208.55	8.643383291825378
208.6	8.653295991495586
208.65	8.6624823143344
208.7	8.671265970088115
208.75	8.679512219195889
208.8	8.687419246108313
208.85	8.69484625358196
208.9	8.702017919970942
208.95	8.708749108188092
209.0	8.715111482561383
209.05	8.720873914505972
209.1	8.726221062739299
209.15	8.7308445140829
209.2	8.7349476299086
209.25	8.737972044569052
209.3	8.74030920112046
209.35	8.741294457849985
209.4	8.741573017675762
209.45	8.740480189773596
209.5	8.738516825492376
209.54999999999998	8.735100181161929
209.60000000000002	8.730597429434333
209.65	8.724578690939847
209.7	8.717258858785502
209.75	8.7082875338848
209.79999999999998	8.697702833365597
209.85000000000002	8.685317708896743
209.9	8.67114407800154
209.95	8.655140293592265
210.0	8.637204704618718
210.04999999999998	8.61724194418882
210.10000000000002	8.595248010301574
210.15	8.571277546185861
210.2	8.54537753215181
210.25	8.517536193009542
210.29999999999998	8.487725624884153
210.35000000000002	8.455911628730497
210.4	8.422056452322652
210.45	8.386159055449113
210.5	8.348240865655686
210.54999999999998	8.308457719372214
210.60000000000002	8.267006182468288
210.65	8.224194785992832
210.7	8.180451847434629
210.75	8.136131595105883
210.79999999999998	8.091416099067217
210.85000000000002	8.046375543907619
210.9	8.000978614434889
210.95	7.955178922186494
211.0	7.908883881253698
211.04999999999998	7.861943800836276
211.10000000000002	7.8144802391597725
211.15	7.76667266419933
211.2	7.718606054739477
211.25	7.670191455480515
211.29999999999998	7.621310005277316
211.35000000000002	7.572025744354092
211.4	7.5223003614264154
211.45	7.472077880284811
211.5	7.421663670333947
211.54999999999998	7.371428419576375
211.60000000000002	7.3217169629611725
211.65	7.272999370626654
211.7	7.225378227158622
211.75	7.178806532738643
211.79999999999998	7.1333826395153395
211.85000000000002	7.089323773306893
211.9	7.046719598227016
211.95	7.005442071076609
212.0	6.965336276239334
212.04999999999998	6.926511525762155
212.10000000000002	6.8893599504832235
212.15	6.854151463661724
212.2	6.820706186117594
212.25	6.788827065239085
212.29999999999998	6.758568182583199
212.35000000000002	6.730003779854507
212.4	6.703134293233635
212.45	6.677857921839166
212.5	6.654167196093549
212.54999999999998	6.632115190232615
212.60000000000002	6.611581861762079
212.65	6.592368053889247
212.7	6.574366641183982
212.75	6.557421130723448
212.79999999999998	6.541406876428429
212.85000000000002	6.526117122315544
212.9	6.511498467806016
212.95	6.497212798879243
213.0	6.483256037306665
213.04999999999998	6.469135893329073
213.10000000000002	6.454882671480803
213.15	6.440061111251207
213.2	6.424603255274365
213.25	6.408189356285918
213.29999999999998	6.390774350781457
213.35000000000002	6.372274067526895
213.4	6.352594287386957
213.45	6.331648524201324
213.5	6.309333889787936
213.54999999999998	6.285620250624374
213.60000000000002	6.260542076227697
213.65	6.234185863880331
213.7	6.2065601828983485
213.75	6.1774841136546055
213.79999999999998	6.146812539589588
213.85000000000002	6.11454666263888
213.9	6.0805950129283755
213.95	6.044784100070395
214.0	6.007134915795619
214.04999999999998	5.967817064108356
214.10000000000002	5.927064306150493
214.15	5.884973744363496
214.2	5.841618909329922
214.25	5.79708974241079
214.29999999999998	5.751220823460501
214.35000000000002	5.70387823499058
214.4	5.655220051762518
214.45	5.605504120721437
214.5	5.554543979653959
214.54999999999998	5.501827365703715
214.60000000000002	5.44699577583516
214.65	5.390077708610546
214.7	5.331048763597369
214.75	5.269601877571464
214.79999999999998	5.2054261689246015
214.85000000000002	5.1386339571434
214.9	5.069597859884541
214.95	4.998397755111402
215.0	4.9248299973414555
215.04999999999998	4.848970425629432
215.10000000000002	4.7719165175691725
215.15	4.695113461132943
215.2	4.6194548307821375
215.25	4.545049355359052
215.29999999999998	4.471503748745604
215.35000000000002	4.3985644553599155
215.4	4.326673289567578
215.45	4.256508483256021
215.5	4.188449393198287
215.54999999999998	4.12251076446533
215.60000000000002	4.058343256653146
215.65	3.995806214950182
215.7	3.935097225775161
215.75	3.8763922888176676
215.79999999999998	3.8196902709181866
215.85	3.7647225220091767
215.9	3.71125975242422
215.95000000000002	3.6594183221088095
216.0	3.6091206240523865
216.04999999999998	3.56013379540956
216.1	3.5122930136885078
216.15	3.4655957122025756
216.20000000000002	3.4200349633879172
216.25	3.375354035304408
216.29999999999998	3.331230213260787
216.35	3.287529258184799
216.4	3.244198475679336
216.45000000000002	3.201049720171567
216.5	3.157478219897149
216.54999999999998	3.1128305976093116
216.6	3.0668213895200345
216.65	3.0193755134871028
216.70000000000002	2.9703166539713726
216.75	2.9193376834552556
216.79999999999998	2.866547392812903
216.85	2.812417948048369
216.9	2.7571356931951336
216.95000000000002	2.7005498408473496
217.0	2.6427664516503278
217.04999999999998	2.5840879580476193
217.1	2.524941016340173
217.15	2.46567916255957
217.20000000000002	2.406242801460233
217.25	2.3463541284094083
217.29999999999998	2.285884177817757
217.35	2.224903278375817
217.4	2.163408270475219
217.45000000000002	2.1014569435663937
217.5	2.0391778306457993
217.54999999999998	1.9765307131182261
217.6	1.91344414632634
217.65	1.849981511878494
217.70000000000002	1.7863176045130458
217.75	1.722762956476119
217.79999999999998	1.6595703025953068
217.85	1.5968621509759058
217.9	1.534420778828786
217.95000000000002	1.4717782167727558
218.0	1.408665746139841
218.04999999999998	1.344702957779072
218.1	1.2798213582948808
218.15	1.2141250871036757
218.20000000000002	1.14738630827254
218.25	1.079146273881658
218.29999999999998	1.0090414919036637
218.35	0.9368091085727674
218.4	0.8624363097266539
218.45000000000002	0.7862288382664063
218.5	0.7086857538990612
218.54999999999998	0.6300121943576876
218.6	0.5500231478774269
218.65	0.4688480215860657
218.70000000000002	0.38696402351340853
218.75	0.3045271937582976
218.79999999999998	0.2214040930095903
218.85	0.13735636852023336
218.9	0.05230894380511688
218.95000000000002	-0.03362158890412531
219.0	-0.12055476109147058
219.04999999999998	-0.20848224406607352
219.1	-0.2975106955591017
219.15	-0.3877921930431364
219.20000000000002	-0.4793347190196519
219.25	-0.5725808215667856
219.29999999999998	-0.6682930587728542
219.35	-0.7667645660755038
219.4	-0.8675898463982901
219.45000000000002	-0.9705520257616471
219.5	-1.0764668544017737
219.54999999999998	-1.1859302280090298
219.6	-1.2987176376529765
219.65	-1.4144116174559902
219.70000000000002	-1.531800783863809
219.75	-1.64947776393374
219.79999999999998	-1.766206666394068
219.85	-1.881623967287057
219.9	-1.9961627161878863
219.95000000000002	-2.1101490712903757
220.0	-2.2236711849851476
220.04999999999998	-2.336300994443122
220.1	-2.4471134706894957
220.15	-2.555983637030488
220.20000000000002	-2.6626585283427744
220.25	-2.766480190363963
220.29999999999998	-2.867487048107666
220.35	-2.9658389072117646
220.4	-3.061695135234584
220.45000000000002	-3.1550228187080087
220.5	-3.245698872111828
220.54999999999998	-3.334025644022563
220.6	-3.420407548948509
220.65	-3.504952392092668
220.70000000000002	-3.5876142161287436
220.75	-3.668008285300929
220.79999999999998	-3.7461660127919716
220.85	-3.8221395915956595
220.9	-3.8957855492835183
220.95000000000002	-3.967338202646603
221.0	-4.037441485284655
221.04999999999998	-4.106977265013578
221.1	-4.176718874404088
221.15	-4.24683661131613
221.20000000000002	-4.316990213878172
221.25	-4.3867639517842685
221.29999999999998	-4.455939334680128
221.35	-4.524717837635732
221.4	-4.59343307775293
221.45000000000002	-4.662099646939234
221.5	-4.730215342719122
221.54999999999998	-4.797216185080189
221.6	-4.862936392835238
221.65	-4.927226045315724
221.70000000000002	-4.989766747573219
221.75	-5.050113262719649
221.8	-5.107859659128964
221.85	-5.162659675165802
221.89999999999998	-5.214141290072542
221.95000000000002	-5.261988446800159
222.0	-5.30577650677056
222.05	-5.344973268519203
222.1	-5.379307119730797
222.14999999999998	-5.4087686667111345
222.20000000000002	-5.433470817966515
222.25	-5.453480052330653
222.3	-5.4689992975770405
222.35	-5.480478908710285
222.39999999999998	-5.488339013743248
222.45000000000002	-5.492912678699895
222.5	-5.494539446127148
222.55	-5.493506738289291
222.6	-5.490092297707944
222.64999999999998	-5.484704287164925
222.70000000000002	-5.477864876800501
222.75	-5.470144876991162
222.8	-5.462132757487131
222.85	-5.454435393601825
222.89999999999998	-5.44766901460422
222.95000000000002	-5.442371639032435
223.0	-5.438986762675144
223.05	-5.437858496071481
223.1	-5.439229029919988
223.14999999999998	-5.44334346020365
223.20000000000002	-5.450490803668497
223.25	-5.460960320060973
223.3	-5.475070121938653
223.35	-5.493139780526533
223.39999999999998	-5.515341941185641
223.45000000000002	-5.541596230784365
223.5	-5.571649802688217
223.55	-5.605279375078922
223.6	-5.642214272618068
223.64999999999998	-5.682192375033567
223.70000000000002	-5.725076160905109
223.75	-5.770664637924591
223.8	-5.818712282955317
223.85	-5.8689254437173775
223.89999999999998	-5.921139207637403
223.95000000000002	-5.975482639992438
224.0	-6.0321651495957305
224.05	-6.091280111897904
224.1	-6.152867873814179
224.14999999999998	-6.216922483983647
224.20000000000002	-6.283154357431155
224.25	-6.350641400242543
224.3	-6.4183693611454515
224.35	-6.486041312016411
224.39999999999998	-6.553791975063646
224.45000000000002	-6.621799068482979
224.5	-6.6899598382298375
224.55	-6.758188402371459
224.6	-6.826655483774987
224.64999999999998	-6.895220597891962
224.70000000000002	-6.963484541553347
224.75	-7.031196874984063
224.8	-7.098060635228871
224.85	-7.163962548372218
224.89999999999998	-7.22877785366899
224.95000000000002	-7.292276826439705
225.0	-7.35451506505993
225.05	-7.415539932404938
225.1	-7.475513502640567
225.14999999999998	-7.534411447119531
225.20000000000002	-7.592164990923482
225.25	-7.649007622380116
225.3	-7.705168733459779
225.35	-7.760674280405155
225.39999999999998	-7.815414779311819
225.45000000000002	-7.869279872613794
225.5	-7.9224947455219255
225.55	-7.975495363037458
225.6	-8.028844229245756
225.64999999999998	-8.083144063617164
225.70000000000002	-8.138588392357903
225.75	-8.195286363663085
225.8	-8.253427154013547
225.85	-8.313142361418798
225.89999999999998	-8.374537239644429
225.95000000000002	-8.437758009056234
226.0	-8.502796351120157
226.05	-8.569337550499226
226.1	-8.636944489619385
226.14999999999998	-8.705447159579151
226.20000000000002	-8.774551317727326
226.25	-8.844077968322003
226.3	-8.914258155261038
226.35	-8.985075967375142
226.39999999999998	-9.056311662892334
226.45000000000002	-9.127292870466542
226.5	-9.197307042808841
226.55	-9.266349996294908
226.6	-9.334450807364998
226.64999999999998	-9.401280361546554
226.70000000000002	-9.46673425235728
226.75	-9.531133436276507
226.8	-9.595050384581242
226.85	-9.658924924318708
226.89999999999998	-9.722950840861845
226.95000000000002	-9.787204987774615
227.0	-9.8518795037471
227.05	-9.917282306381917
227.1	-9.98332769267182
227.14999999999998	-10.049646312717144
227.20000000000002	-10.115857140940776
227.25	-10.181872937567856
227.3	-10.247739496330603
227.35	-10.313792525272323
227.39999999999998	-10.380460079110094
227.45000000000002	-10.448051975396071
227.5	-10.516869485978017
227.55	-10.587456832895827
227.6	-10.660092256863186
227.64999999999998	-10.73485030351249
227.70000000000002	-10.811827159638637
227.75	-10.890637005614021
227.8	-10.970826513795714
227.85	-11.052831612013442
227.89999999999998	-11.137161464179261
227.95000000000002	-11.223604395544307
228.0	-11.3117759285783
228.05	-11.40124691111944
228.1	-11.491736159196098
228.15	-11.582689660778088
228.2	-11.673269860068647
228.25	-11.763345736701426
228.3	-11.853204055580791
228.35	-11.942891445257231
228.4	-12.032355577979484
228.45	-12.121390834868059
228.5	-12.210002802803313
228.55	-12.298145301923242
228.6	-12.385568126050947
228.65	-12.472598181662537
228.7	-12.559210950099903
228.75	-12.644713465296496
228.8	-12.728428663364816
228.85	-12.81020968804064
228.9	-12.890394263125929
228.95	-12.969225782465054
229.0	-13.046691398773444
229.05	-13.122757705761902
229.1	-13.197060233231696
229.15	-13.269271627108743
229.2	-13.33911982750825
229.25	-13.406443302199811
229.3	-13.471508602567367
229.35	-13.534552735602599
229.4	-13.595653262113412
229.45	-13.654810057833629
229.5	-13.712127722509258
229.55	-13.767929717976417
229.6	-13.822262534533614
229.65	-13.874816608806794
229.7	-13.925409294109828
229.75	-13.974124534490198
229.8	-14.021441733737788
229.85	-14.067899496523452
229.9	-14.113696179414376
229.95	-14.158745965639273
230.0	-14.203013020841784
230.05	-14.246692861778156
230.1	-14.290158671723166
230.15	-14.333894487451708
230.2	-14.378316442221749
230.25	-14.423390343447549
230.3	-14.469104816222693
230.35	-14.515759321314965
230.4	-14.563661826381779
230.45	-14.612957536379852
230.5	-14.663606440895196
230.55	-14.715610526745191
230.6	-14.769090008966817
230.65	-14.824109365332035
230.7	-14.880495665717095
230.75	-14.937916933943999
230.8	-14.996057372150094
230.85	-15.054926210651425
230.9	-15.114510047086249
230.95	-15.17463049702385
231.0	-15.235463622019136
231.05	-15.297335853935822
231.1	-15.360410461856112
231.15	-15.424532514928236
231.2	-15.489265898453883
231.25	-15.554234144408557
231.3	-15.619471967550954
231.35	-15.685140115851548
231.4	-15.7511055440349
231.45	-15.816805096894003
231.5	-15.8819391794371
231.55	-15.946533421527237
231.6	-16.010679229927145
231.65	-16.074669752840137
231.7	-16.13886543727106
231.75	-16.20347175303111
231.8	-16.268454028784724
231.85	-16.333702717875532
231.9	-16.399226275386585
231.95	-16.46486663235542
232.0	-16.530365293913974
232.05	-16.59583526726512
232.1	-16.661374562723104
232.15	-16.7269690206572
232.2	-16.792603184493323
232.25	-16.858203239490443
232.3	-16.92388159037291
232.35	-16.989814471702978
232.4	-17.05584867800848
232.45	-17.121572256180578
232.5	-17.186468570736235
232.55	-17.250478719729536
232.6	-17.3138305277772
232.65	-17.37674774722937
232.7	-17.439511946285293
232.75	-17.502416272036122
232.8	-17.565871416048704
232.85	-17.63022834596439
232.9	-17.69599106345516
232.95	-17.763684601786704
233.0	-17.833211420969725
233.05	-17.904172982379347
233.1	-17.976458136200876
233.15	-18.05034441806375
233.2	-18.12615645765475
233.25	-18.20333124792307
233.3	-18.280837891101854
233.35	-18.358090511888513
233.4	-18.43473055574962
233.45	-18.510682799349407
233.5	-18.585751802707705
233.55	-18.659760248974166
233.6	-18.732969435207462
233.65	-18.80544810389766
233.7	-18.877096730081867
233.75	-18.94814439373547
233.8	-19.01868960913368
233.85	-19.088741996525933
233.9	-19.158153002306207
233.95	-19.226977796301046
234.0	-19.295489712423098
234.05	-19.363634308356232
234.1	-19.43102727645691
234.15	-19.497162901097912
234.2	-19.561507152599678
234.25	-19.624027507615963
234.3	-19.685124618085982
234.35	-19.745220845383486
234.4	-19.80452639275161
234.45	-19.862819541135956
234.5	-19.91976437239562
234.55	-19.975290311827585
234.6	-20.02986562424083
234.65	-20.08421500895789
234.7	-20.138730319355744
234.75	-20.193565439043063
234.8	-20.248905630435623
234.85	-20.304823141040067
234.9	-20.36151146968754
234.95	-20.41912457709496
235.0	-20.477731795943516
235.05	-20.537566382471436
235.1	-20.598597919410224
235.15	-20.660599007640013
235.2	-20.723121031816056
235.25	-20.785771556457387
235.3	-20.848750153187353
235.35	-20.912524633911893
235.4	-20.977196743188976
235.45	-21.04247618426451
235.5	-21.107967325286197
235.55	-21.173653863800517
235.6	-21.239476809051983
235.65	-21.305437535823955
235.7	-21.372024746092883
235.75	-21.439582278770615
235.8	-21.50782227753968
235.85	-21.576116351082938
235.9	-21.64421415759994
235.95	-21.712654088463303
236.0	-21.782155603329198
236.05	-21.853074594579375
236.1	-21.925476904602753
236.15	-21.999298152516296
236.2	-22.07457189944362
236.25	-22.15113424069844
236.3	-22.22891293987424
236.35	-22.307994540446693
236.4	-22.388050251024303
236.45	-22.468546453918076
236.5	-22.548865073708708
236.55	-22.62867935961119
236.6	-22.708504400530067
236.65	-22.78880146374181
236.7	-22.86954416201514
236.75	-22.950973658791867
236.8	-23.033392019333885
236.85	-23.117154892229237
236.9	-23.202155869977386
236.95	-23.287854112715475
237.0	-23.374177023108352
237.05	-23.461544865935593
237.1	-23.550529312143176
237.15	-23.64123001671913
237.2	-23.733246157042792
237.25	-23.826011859847156
237.3	-23.919057657089567
237.35	-24.01265258544266
237.4	-24.107452425790825
237.45	-24.20343989034002
237.5	-24.30069570597779
237.55	-24.399057477306428
237.6	-24.498147870018496
237.65	-24.597836265246457
237.7	-24.69818081609034
237.75	-24.799048627437905
237.8	-24.89995043176316
237.85	-25.000309680649778
237.9	-25.099686833448047
237.95	-25.197315913506472
238.0	-25.293085364735948
238.05	-25.387913153999257
238.1	-25.482255843119617
238.15	-25.576081726566933
238.2	-25.66892842024463
238.25	-25.76055349144634
238.3	-25.851326540167186
238.35	-25.941305379602966
238.4	-26.03008595042182
238.45	-26.11755163279978
238.5	-26.203875247741223
238.55	-26.28966885970074
238.6	-26.375699253554103
238.65	-26.462347582306208
238.7	-26.548732437053097
238.75	-26.633461603872675
238.8	-26.715983100803065
238.85	-26.795907607549644
238.9	-26.87265474652029
238.95	-26.946449763209067
239.0	-27.017759773219403
239.05	-27.086820495152395
239.1	-27.154223397724724
239.15	-27.22079854883096
239.2	-27.287231130554986
239.25	-27.353511261121277
239.3	-27.41966603810276
239.35	-27.48630271781286
239.4	-27.55398562112415
239.45	-27.622770378327882
239.5	-27.69243095208391
239.55	-27.763044933989292
239.6	-27.835692077222173
239.65	-27.911464508869933
239.7	-27.990794828929545
239.75	-28.073884246487665
239.8	-28.160953861658825
239.85	-28.251735716845502
239.9	-28.34551184912931
239.95	-28.44201758077385
240.0	-28.5412676837106
240.05	-28.64289343053969
240.1	-28.746406357986547
240.15	-28.851835875646362
240.2	-28.958756343175644
240.25	-29.065402766018906
240.3	-29.1696426217115
240.35	-29.270576178444287
240.4	-29.36848876973935
240.45	-29.46363813425497
240.5	-29.556246086326187
240.55	-29.64662588796172
240.6	-29.73522924728219
240.65	-29.822652965247016
240.7	-29.90927396674289
240.75	-29.99515807422773
240.79999999999998	-30.0801003613702
240.85000000000002	-30.164057163389774
240.9	-30.247586979656504
240.95	-30.33107210767974
241.0	-30.414612078637052
241.04999999999998	-30.498447424991788
241.10000000000002	-30.58287377327563
241.15	-30.668299114045567
241.2	-30.75458524152095
241.25	-30.841201698601505
241.29999999999998	-30.927818384367416
241.35000000000002	-31.014014314423136
241.4	-31.09939255279314
241.45	-31.18427403743991
241.5	-31.26925364376653
241.54999999999998	-31.354705806636282
241.60000000000002	-31.44056787647903
241.65	-31.52664979292903
241.7	-31.61310525660722
241.75	-31.70009168011778
241.79999999999998	-31.78794539640934
241.85000000000002	-31.87731287604896
241.9	-31.968965191161523
241.95	-32.06363092707707
242.0	-32.16164087600143
242.04999999999998	-32.26302968580568
242.10000000000002	-32.3678316890235
242.15	-32.475737639297456
242.2	-32.586635143377606
242.25	-32.700274075474866
242.29999999999998	-32.81592606832446
242.35000000000002	-32.93307491849346
242.4	-33.05092245091012
242.45	-33.16790618927599
242.5	-33.282701316314416
242.54999999999998	-33.39486088914769
242.60000000000002	-33.50455281260515
242.65	-33.61185687652339
242.7	-33.71711752259116
242.75	-33.82073773893387
242.79999999999998	-33.92291793847712
242.85000000000002	-34.02427667494993
242.9	-34.12488705069578
242.95	-34.22462653402
243.0	-34.323783818023585
243.04999999999998	-34.422460382134226
243.10000000000002	-34.52071166666033
243.15	-34.61870820500249
243.2	-34.71652009873086
243.25	-34.81417060053511
243.29999999999998	-34.910995175939995
243.35000000000002	-35.00627676336157
243.4	-35.1001213312925
243.45	-35.19292447740909
243.5	-35.284763597679685
243.54999999999998	-35.375297465359765
243.60000000000002	-35.46462757341692
243.65	-35.553390670373446
243.7	-35.64224944636091
243.75	-35.73174109415311
243.79999999999998	-35.822101154761256
243.85000000000002	-35.91345150044732
243.9	-36.00658351014566
243.95	-36.102260012599274
244.0	-36.20072550866168
244.04999999999998	-36.30191354341193
244.10000000000002	-36.405394439992065
244.15	-36.51101368213334
244.2	-36.618527499121214
244.25	-36.727302504516985
244.29999999999998	-36.837154371391875
244.35000000000002	-36.948208811380645
244.4	-37.0602571171741
244.45	-37.172664978168854
244.5	-37.2848010483884
244.54999999999998	-37.396811687117804
244.60000000000002	-37.508633418284276
244.65	-37.620327282289885
244.7	-37.73272348179212
244.75	-37.846447843212545
244.79999999999998	-37.96148751607018
244.85000000000002	-38.07670493748208
244.9	-38.19059036004056
244.95	-38.30253807096475
245.0	-38.412401512029945
245.04999999999998	-38.52003193921884
245.10000000000002	-38.62585936473461
245.15	-38.73002621359775
245.2	-38.83264088813409
245.25	-38.93394050132987
245.29999999999998	-39.033791609724986
245.35000000000002	-39.13198571407623
245.4	-39.22850399533486
245.45	-39.32360805574349
245.5	-39.41693316992141
245.54999999999998	-39.50807384686598
245.60000000000002	-39.59726549756161
245.65	-39.68481506477518
245.7	-39.77091830131113
245.75	-39.85592287384175
245.79999999999998	-39.940107675219636
245.85000000000002	-40.023787415027016
245.9	-40.10706580679198
245.95	-40.18986172615719
246.0	-40.272227669517804
246.04999999999998	-40.35415238672458
246.10000000000002	-40.43561193255613
246.15	-40.51649574752828
246.2	-40.59675927652036
246.25	-40.676529861824704
246.29999999999998	-40.755425991011926
246.35000000000002	-40.83285431536185
246.4	-40.909234333476284
246.45	-40.98562521147721
246.5	-41.06346615195104
246.54999999999998	-41.143554764476065
246.60000000000002	-41.2258563513375
246.65	-41.31054326815871
246.7	-41.39799453232821
246.75	-41.488565068583625
246.79999999999998	-41.58188151489914
246.85000000000002	-41.67732927628808
246.9	-41.775039299730025
246.95	-41.87530615812146
247.0	-41.97760629055285
247.04999999999998	-42.080895468624675
247.1	-42.18409386599704
247.15	-42.286792806093914
247.20000000000002	-42.38826966661148
247.25	-42.48739127533884
247.29999999999998	-42.58446734256541
247.35	-42.68071100568288
247.4	-42.77662024366654
247.45000000000002	-42.87208944247416
247.5	-42.966993730108264
247.54999999999998	-43.06136744609097
247.6	-43.155321565959675
247.65	-43.24907187826845
247.70000000000002	-43.34238041350517
247.75	-43.434546778033166
247.79999999999998	-43.5252187363772
247.85	-43.614036988210835
247.9	-43.70080444551941
247.95000000000002	-43.785782492697706
248.0	-43.86931327554247
248.04999999999998	-43.951465193925664
248.1	-44.03212949996671
248.15	-44.11125209740235
248.20000000000002	-44.18928868675853
248.25	-44.266418661125414
248.29999999999998	-44.3424711470831
248.35	-44.41782719472727
248.4	-44.492923100521395
248.45000000000002	-44.567899868330095
248.5	-44.6425126593705
248.54999999999998	-44.71650837023708
248.6	-44.79025485371207
248.65	-44.863994975089796
248.70000000000002	-44.93768414348375
248.75	-45.011495685103604
248.79999999999998	-45.08525979399231
248.85	-45.1587541498168
248.9	-45.23213497641508
248.95000000000002	-45.30571084354085
249.0	-45.37974941719327
249.04999999999998	-45.454087354961615
249.1	-45.52818833252392
249.15	-45.601516608879365
249.20000000000002	-45.67404453745753
249.25	-45.74621134357116
249.29999999999998	-45.81852119166251
249.35	-45.89125485771936
249.4	-45.964378136233115
249.45000000000002	-46.03762993478259
249.5	-46.11095514623662
249.54999999999998	-46.184223954184745
249.6	-46.256966539552195
249.65	-46.329108830850714
249.70000000000002	-46.40078684659291
249.75	-46.47196322991422
249.79999999999998	-46.542323711843814
249.85	-46.611757877643754
249.9	-46.68047007754244
249.95000000000002	-46.748833273459105
250.0	-46.81715596524559
250.04999999999998	-46.88554129976562
250.1	-46.953912319177746
250.14999999999998	-47.022309580274054
250.2	-47.090453191341545
250.24999999999997	-47.158024986574674
250.3	-47.22512525882139
250.35000000000002	-47.291850398298834
250.4	-47.3582107979055
250.45000000000002	-47.42400534448707
250.5	-47.489202989506886
250.54999999999998	-47.55426718331427
250.6	-47.61982402661861
250.64999999999998	-47.686091952615556
250.7	-47.75285752142355
250.74999999999997	-47.82020662945216
250.8	-47.88873836533693
250.85000000000002	-47.95870459151901
250.9	-48.030401552651355
250.95000000000002	-48.10474744587489
251.0	-48.182622537857036
251.04999999999998	-48.264006200739374
251.1	-48.34819415523236
251.14999999999998	-48.43475196450609
251.2	-48.523798192535686
251.24999999999997	-48.615321726046275
251.3	-48.708868214112265
251.35000000000002	-48.80372178570522
251.4	-48.89890633695115
251.45000000000002	-48.993796485374915
251.5	-49.08757761752341
251.54999999999998	-49.179337600173724
251.6	-49.26919950291479
251.64999999999998	-49.35783694229896
251.7	-49.44524424899316
251.74999999999997	-49.5305597881074
251.8	-49.61319939753283
251.85000000000002	-49.69328009929764
251.9	-49.77062506518479
251.95000000000002	-49.84498613599732
252.0	-49.91674674098178
252.04999999999998	-49.985925682063886
252.1	-50.0520791189995
252.14999999999998	-50.11499217514955
252.2	-50.175066698925995
252.24999999999997	-50.23279875610859
252.3	-50.28820660813895
252.35000000000002	-50.34121362614795
252.4	-50.392167171567074
252.45000000000002	-50.44146844083062
252.5	-50.48938977088173
252.54999999999998	-50.53600961396111
252.6	-50.58130881580846
252.64999999999998	-50.62551445848976
252.7	-50.669106771847645
252.74999999999997	-50.712451485384975
252.8	-50.75556300148602
252.85000000000002	-50.798551084814335
252.9	-50.84197564425084
252.95000000000002	-50.88634870758633
253.0	-50.931799386161885
253.05	-50.978332806938795
253.1	-51.0259932191873
253.14999999999998	-51.074833265836475
253.2	-51.12476898667065
253.24999999999997	-51.17589543753214
253.3	-51.22853630080949
253.35000000000002	-51.282760606027864
253.4	-51.33859159310346
253.45000000000002	-51.3957105821798
253.5	-51.4533577238324
253.55	-51.51098525612292
253.6	-51.568448566360395
253.64999999999998	-51.62578491141008
253.7	-51.68333127443165
253.74999999999997	-51.74148393289197
253.8	-51.800468152334446
253.85000000000002	-51.86001352430208
253.9	-51.91965001673144
253.95000000000002	-51.979172767756346
254.0	-52.03852251670518
254.05	-52.09767152799156
254.1	-52.15656404368673
254.14999999999998	-52.21504934081207
254.2	-52.27321552352124
254.24999999999997	-52.33138379271463
254.30000000000004	-52.389589337174684
254.35000000000002	-52.44771281408309
254.4	-52.50577835754887
254.45000000000002	-52.564033960475335
254.5	-52.622449550616246
254.55	-52.68088012315537
254.6	-52.73955043652719
254.64999999999998	-52.79885121586905
254.7	-52.85890366537392
254.74999999999997	-52.91949886283072
254.80000000000004	-52.98025781280731
254.85000000000002	-53.04116936483158
254.9	-53.10250859476082
254.95000000000002	-53.164395027329846
255.0	-53.22705679205855
255.05	-53.29076328791861
255.1	-53.35563314580144
255.14999999999998	-53.42143419276644
255.2	-53.48754185412288
255.24999999999997	-53.553547826244895
255.30000000000004	-53.61945392305315
255.35000000000002	-53.685212847994265
255.4	-53.75097589984492
255.45000000000002	-53.81701753245357
255.5	-53.88364313334322
255.55	-53.950693166844374
255.6	-54.01781312895913
255.64999999999998	-54.08499277517372
255.7	-54.1522820411295
255.74999999999997	-54.21962540429751
255.80000000000004	-54.2869872892462
255.85000000000002	-54.35432521664174
255.9	-54.42147591239115
255.95000000000002	-54.48819480737346
256.0	-54.55438846146722
256.05	-54.62006775001128
256.1	-54.684796459722854
256.15	-54.74828052886097
256.2	-54.81052091139685
256.25	-54.87147254763104
256.29999999999995	-54.93097087001329
256.35	-54.98882695846967
256.40000000000003	-55.044974667978266
256.45	-55.09955116666749
256.5	-55.1526194312758
256.55	-55.2041265964815
256.6	-55.25391718084062
256.65	-55.30201085877693
256.7	-55.34853437909722
256.75	-55.393382631118754
256.79999999999995	-55.43618662332848
256.85	-55.47671401180612
256.90000000000003	-55.51517337862735
256.95	-55.55207046862637
257.0	-55.58776856099938
257.05	-55.62238164566807
257.1	-55.65585306669007
257.15	-55.68815510971298
257.2	-55.71954663602057
257.25	-55.75034491710561
257.29999999999995	-55.78087493646926
257.35	-55.81144942038409
257.40000000000003	-55.84226344204758
257.45	-55.87350553374729
257.5	-55.90534700694644
257.55	-55.93788968749348
257.6	-55.97127883210761
257.65	-56.00561724245857
257.7	-56.041048571397894
257.75	-56.07795788176178
257.79999999999995	-56.1166494663628
257.85	-56.15710832499717
257.90000000000003	-56.19909664603914
257.95	-56.24254294350463
258.0	-56.28770421016802
258.05	-56.33485265902459
258.1	-56.38404858064999
258.15	-56.43517847408863
258.2	-56.487971738831845
258.25	-56.542398234165105
258.29999999999995	-56.59852350348564
258.35	-56.65621456233674
258.40000000000003	-56.71525177299788
258.45	-56.775274615460106
258.5	-56.835981811661334
258.55	-56.897186842692534
258.6	-56.95868324165851
258.65	-57.02029375735066
258.7	-57.08181639000445
258.75	-57.14329124888738
258.79999999999995	-57.2048988918947
258.85	-57.26625949293707
258.90000000000003	-57.326935269907935
258.95	-57.38679588051851
259.0	-57.44593906116991
259.05	-57.50421982218246
259.1	-57.56128842819335
259.15	-57.61722303501526
259.2	-57.67229130581891
259.25	-57.726379928345374
259.29999999999995	-57.77933153100171
259.35	-57.83117501671087
259.40000000000003	-57.88208722086637
259.45	-57.93247131985824
259.5	-57.98273213541426
259.55	-58.03294675651083
259.6	-58.0828902672189
259.65	-58.132605303365935
259.7	-58.18252483109242
259.75	-58.23302472626113
259.79999999999995	-58.28415474699296
259.85	-58.33588423718471
259.90000000000003	-58.38832469254086
259.95	-58.44175734939763
260.0	-58.496380675088716
260.05	-58.55226724806921
260.1	-58.609278795508786
260.15	-58.66715790488689
260.2	-58.725924850239124
260.25	-58.78545136327638
260.29999999999995	-58.845572519997326
260.35	-58.906425543666145
260.40000000000003	-58.967902807426725
260.45	-59.029441582175735
260.5	-59.09066874090803
260.55	-59.15137226943605
260.6	-59.21137868972161
260.65	-59.27067630273366
260.7	-59.32948824429262
260.75	-59.388145750433736
260.79999999999995	-59.44679032653082
260.85	-59.50533297454713
260.90000000000003	-59.56361132313424
260.95	-59.621408720509564
261.0	-59.67874536402961
261.05	-59.735860247925416
261.1	-59.792727149866295
261.15	-59.849222530889364
261.2	-59.905228191679115
261.25	-59.96064646674854
261.29999999999995	-60.01539202897901
261.35	-60.06947195546287
261.40000000000003	-60.12301800124088
261.45	-60.17594858619078
261.5	-60.227737419807085
261.55	-60.27753168880646
261.6	-60.324587993203295
261.65	-60.36887610916112
261.7	-60.41075101749679
261.75	-60.45052098839283
261.79999999999995	-60.48853782107385
261.85	-60.52516649364725
261.90000000000003	-60.56081321055503
261.95	-60.59569070796532
262.0	-60.62987289645575
262.05	-60.663579743772424
262.1	-60.69699368271904
262.15	-60.73004031119213
262.2	-60.762608016637856
262.25	-60.79465151585433
262.29999999999995	-60.82624361828489
262.35	-60.8574403658927
262.40000000000003	-60.88826377143613
262.45	-60.91888228167699
262.5	-60.949352143543415
262.55	-60.979474840432665
262.6	-61.00899877419753
262.65	-61.037806249222236
262.7	-61.06596457480911
262.75	-61.0935257953891
262.79999999999995	-61.120505218904164
262.84999999999997	-61.146899808304696
262.90000000000003	-61.172635199624324
262.95000000000005	-61.19770155071329
263.0	-61.22210787706687
263.05	-61.24584597734656
263.1	-61.26902675107671
263.15	-61.29186757288255
263.2	-61.314564166242654
263.25	-61.33722985762581
263.29999999999995	-61.35991828625724
263.34999999999997	-61.38277076446217
263.40000000000003	-61.40601163169673
263.45000000000005	-61.429908510104056
263.5	-61.454694301567415
263.55	-61.480449788553145
263.6	-61.50714938032905
263.65	-61.53472240507093
263.7	-61.563219176339096
263.75	-61.59283910565258
263.79999999999995	-61.62372810371243
263.84999999999997	-61.655834912407514
263.90000000000003	-61.689042560815764
263.95000000000005	-61.72342418303098
264.0	-61.75925349605549
264.05	-61.796715388980616
264.1	-61.83587105152774
264.15	-61.876735032528074
264.2	-61.919250702777724
264.25	-61.963450247055775
264.29999999999995	-62.0092854266326
264.34999999999997	-62.05656934782073
264.40000000000003	-62.10524733106756
264.45000000000005	-62.15535673962384
264.5	-62.20676591825351
264.55	-62.25920044189289
264.6	-62.31236362811859
264.65	-62.36629553087464
264.7	-62.42101643753045
264.75	-62.47615096254239
264.79999999999995	-62.53148166575471
264.84999999999997	-62.58690533435989
264.90000000000003	-62.642103558927964
264.95000000000005	-62.69652751594151
265.0	-62.74964286774091
265.05	-62.800919267416724
265.1	-62.84977308807585
265.15	-62.89585346004743
265.2	-62.93915849825633
265.25	-62.979867058946525
265.29999999999995	-63.018174151505434
265.34999999999997	-63.054000746809045
265.40000000000003	-63.08712701143244
265.45000000000005	-63.11753254233251
265.5	-63.14530384028996
265.55	-63.17051776909008
265.6	-63.19316273678323
265.65	-63.21318912325998
265.7	-63.23071591977034
265.75	-63.24593851175635
265.79999999999995	-63.25894660819458
265.84999999999997	-63.269790105888625
265.90000000000003	-63.278569134266405
265.95000000000005	-63.28546540488185
266.0	-63.29064021279979
266.05	-63.294294404355625
266.1	-63.29656269742703
266.15	-63.297649949422315
266.2	-63.297676006410924
266.25	-63.29686808720858
266.29999999999995	-63.295365467384
266.34999999999997	-63.29339493307866
266.40000000000003	-63.291147032773516
266.45000000000005	-63.28886652198882
266.5	-63.286780868525966
266.55	-63.285138856561886
266.6	-63.28398752763032
266.65	-63.283776892328945
266.7	-63.28428658061526
266.75	-63.286111235765134
266.79999999999995	-63.28891866961578
266.84999999999997	-63.29318373750623
266.90000000000003	-63.298672933044784
266.95000000000005	-63.30562960207709
267.0	-63.313983472933046
267.05	-63.323843172503004
267.1	-63.33515907045223
267.15	-63.34794633786579
267.2	-63.362156773123786
267.25	-63.37771140599996
267.29999999999995	-63.39447605499464
267.34999999999997	-63.41234408238343
267.40000000000003	-63.43125892297968
267.45000000000005	-63.45117154498586
267.5	-63.472030546488966
267.55	-63.49380220882516
267.6	-63.516430236908214
267.65	-63.539908300587896
267.7	-63.56419316934061
267.75	-63.58914392573817
267.79999999999995	-63.614642639175386
267.84999999999997	-63.640528168289315
267.90000000000003	-63.66655532515466
267.95000000000005	-63.692549723995334
268.0	-63.718448657507295
268.05	-63.74420271505609
268.1	-63.76961837072653
268.15	-63.79441630424445
268.2	-63.81847709395907
268.25	-63.84180533489756
268.29999999999995	-63.8643987149898
268.34999999999997	-63.8861337453864
268.40000000000003	-63.9068532943425
268.45000000000005	-63.92657168468496
268.5	-63.94546581813774
268.55	-63.96370978060045
268.6	-63.981381661169465
268.65	-63.99855017372826
268.7	-64.01532614096469
268.75	-64.03197132723979
268.8	-64.04864931428757
268.84999999999997	-64.06555488164047
268.9	-64.08284594587201
268.95000000000005	-64.10081321679553
269.0	-64.11964612301784
269.05	-64.13950852807656
269.1	-64.16052401469005
269.15	-64.18279405900483
269.2	-64.20638071403806
269.25	-64.23130361711901
269.3	-64.25757608769462
269.34999999999997	-64.28530710985812
269.4	-64.31452332014955
269.45000000000005	-64.34524089376274
269.5	-64.3775119519583
269.55	-64.41111515615572
269.6	-64.44558827868673
269.65	-64.48035886170783
269.7	-64.51515834728002
269.75	-64.55000496059326
269.8	-64.58485739656763
269.84999999999997	-64.61949977288651
269.9	-64.65350919991404
269.95000000000005	-64.68641237355739
270.0	-64.71794435721516
270.05	-64.74787111465216
270.1	-64.77588539346495
270.15	-64.80181708120892
270.2	-64.82559442686448
270.25	-64.84722192039986
270.3	-64.86666833102132
270.34999999999997	-64.88384303575711
270.4	-64.8987020362676
270.45000000000005	-64.91121392046814
270.5	-64.92135872580768
270.55	-64.92916854206258
270.6	-64.93476532112948
270.65	-64.93826945236894
270.7	-64.93986792220281
270.75	-64.93964790511791
270.8	-64.93774783069047
270.84999999999997	-64.93426562385413
270.9	-64.92935414539787
270.95000000000005	-64.92321407657832
271.0	-64.91608994660638
271.05	-64.90824024608537
271.1	-64.89991530666371
271.15	-64.89134113536997
271.2	-64.8827298490325
271.25	-64.87412615088934
271.3	-64.8657481523122
271.34999999999997	-64.85747131303613
271.4	-64.84980178180635
271.45000000000005	-64.84214198750955
271.5	-64.83567495645829
271.55	-64.82907339959463
271.6	-64.82401274682795
271.65	-64.81846084261056
271.7	-64.81474789753868
271.75	-64.81051827963857
271.8	-64.80813367263131
271.84999999999997	-64.80494728823577
271.9	-64.80348927729843
271.95000000000005	-64.80098138771679
272.0	-64.7997935070276
272.05	-64.7974999657821
272.1	-64.79660169015361
272.15	-64.79483885958982
272.2	-64.79406440443215
272.25	-64.79243819336165
272.3	-64.79158176494137
272.34999999999997	-64.79010209961237
272.4	-64.78919083344223
272.45000000000005	-64.78796610418881
272.5	-64.78722170790807
272.55	-64.78651979933844
272.6	-64.78624384424835
272.65	-64.78615634702734
272.7	-64.78635064238941
272.75	-64.78683935061534
272.8	-64.78753738293514
272.84999999999997	-64.78859062725508
272.9	-64.78981765436858
272.95000000000005	-64.79136627694413
273.0	-64.79305294362152
273.05	-64.79495226349839
273.1	-64.79693974195004
273.15	-64.79900656078408
273.2	-64.80108897343723
273.25	-64.80314973956969
273.3	-64.80515619919458
273.34999999999997	-64.8070969772663
273.4	-64.80899179311112
273.45000000000005	-64.81073695307062
273.5	-64.81255260910693
273.55	-64.81415617875649
273.6	-64.81611526564281
273.65	-64.81800512356465
273.7	-64.82059684776175
273.75	-64.82337819878651
273.8	-64.82743597414805
273.84999999999997	-64.83213522014073
273.9	-64.83854736922761
273.95000000000005	-64.84598907737967
274.0	-64.85531248850424
274.05	-64.8661889214248
274.1	-64.87897591735029
274.15	-64.89371552421088
274.2	-64.91042039084664
274.25	-64.92905119899166
274.3	-64.94939096150898
274.34999999999997	-64.9711760516339
274.4	-64.99401396811734
274.45000000000005	-65.01751102675658
274.5	-65.0413675154282
274.55	-65.0653483755253
274.6	-65.08915063765183
274.65	-65.11240190024091
274.7	-65.13475637273226
274.75	-65.15586690729677
274.8	-65.17540152448338
274.84999999999997	-65.19317790248131
274.9	-65.20907155581793
274.95000000000005	-65.22294945072645
275.0	-65.23476370017899
275.05	-65.24450448085877
275.1	-65.25229583140546
275.15	-65.25811631018792
275.2	-65.26209386158176
275.25	-65.26418800023905
275.3	-65.26462130756755
275.34999999999997	-65.26338669722941
275.4	-65.2606346111352
275.45	-65.2564670876539
275.5	-65.25107307204287
275.55	-65.2446496175724
275.6	-65.23740051122358
275.65000000000003	-65.2294854464512
275.7	-65.22106052131676
275.75	-65.21232522651846
275.8	-65.20350332594934
275.84999999999997	-65.19473983948193
275.9	-65.18620445139567
275.95	-65.17794921543651
276.0	-65.17017913854706
276.05	-65.16283308725454
276.1	-65.15612924646379
276.15000000000003	-65.14984138788896
276.2	-65.14449937506981
276.25	-65.13954136696825
276.3	-65.1360979082502
276.34999999999997	-65.13299079528826
276.4	-65.13194499220863
276.45	-65.13103357732595
276.5	-65.13220292459611
276.55	-65.1333077628949
276.6	-65.13651822886209
276.65000000000003	-65.13950860711314
276.7	-65.14425774381485
276.75	-65.14873872937068
276.8	-65.15478354499268
276.84999999999997	-65.16077526826926
276.9	-65.16766508465263
276.95	-65.17434575986448
277.0	-65.181310793992
277.05	-65.18810081529946
277.1	-65.19502822055138
277.15000000000003	-65.20190055937192
277.2	-65.20882826766149
277.25	-65.21578215786218
277.3	-65.2227852144357
277.34999999999997	-65.23002581744308
277.4	-65.23723453827492
277.45	-65.24514349879338
277.5	-65.25321588326199
277.55	-65.26234496857876
277.6	-65.27195341848426
277.65000000000003	-65.28271052558163
277.7	-65.29414219905647
277.75	-65.30698830018514
277.8	-65.32088543190135
277.84999999999997	-65.33638666431531
277.9	-65.35334735205907
277.95	-65.37205592542819
278.0	-65.39251778698853
278.05	-65.41495236962146
278.1	-65.43947973332459
278.15000000000003	-65.46607696726541
278.2	-65.49454735228939
278.25	-65.52474684707971
278.3	-65.55663760883235
278.34999999999997	-65.59008420814199
278.4	-65.62473044021064
278.45	-65.66011216950187
278.5	-65.69579390125595
278.55	-65.73128374368451
278.6	-65.76601011904742
278.65000000000003	-65.79935730710945
278.7	-65.8308046275309
278.75	-65.86013297561304
278.8	-65.88706028967314
278.84999999999997	-65.91106540346672
278.9	-65.93176733290589
278.95	-65.94899912016905
279.0	-65.96262063000918
279.05	-65.9724985590173
279.1	-65.97853309186411
279.15000000000003	-65.98074004715026
279.2	-65.97902412565688
279.25	-65.97338863694924
279.3	-65.96359589860317
279.34999999999997	-65.94955833438331
279.4	-65.93116895350953
279.45	-65.90841654929845
279.5	-65.88133957272943
279.55	-65.8499748735672
279.6	-65.81442655771174
279.65000000000003	-65.77473598997486
279.7	-65.73075547712202
279.75	-65.68253406062318
279.8	-65.63077526669649
279.84999999999997	-65.57647238201562
279.9	-65.52065784478037
279.95	-65.46450301071891
280.0	-65.4093461498492
280.05	-65.35659045391446
280.1	-65.30711291885487
280.15000000000003	-65.26121526840056
280.2	-65.21931128803172
280.25	-65.18142345839829
280.3	-65.14789766960553
280.34999999999997	-65.11820760275099
280.4	-65.0913676852156
280.45	-65.06783358512394
280.5	-65.04556670585814
280.55	-65.02713259726879
280.6	-65.00879292378148
280.65000000000003	-64.9932697128379
280.7	-64.97663009857766
280.75	-64.96131782535281
280.8	-64.94536475685665
280.84999999999997	-64.92996804133568
280.9	-64.91500328819639
280.95	-64.9004521226623
281.0	-64.8866375748945
281.05	-64.87365327547415
281.1	-64.86191029304628
281.15000000000003	-64.85182651962411
281.2	-64.84400929080101
281.25	-64.83889781170888
281.3	-64.8366072506173
281.34999999999997	-64.8370913282851
281.4	-64.8403999351714
281.45	-64.84669590703996
281.5	-64.85612482452355
281.55	-64.86872052169477
281.6	-64.88443525557425
281.65000000000003	-64.90315949993918
281.7	-64.9246335608993
281.75	-64.9485232830128
281.8	-64.97444142715479
281.84999999999997	-65.00200028024548
281.9	-65.030887871348
281.95	-65.06085883559142
282.0	-65.09170860429569
282.05	-65.12319240233587
282.1	-65.15501775878872
282.15000000000003	-65.18702968091533
282.2	-65.21915321677085
282.25	-65.25122399122262
282.3	-65.28304149681075
282.34999999999997	-65.31456544343412
282.4	-65.34577155681734
282.45	-65.37632282975034
282.5	-65.40601378854902
282.55	-65.43494777697993
282.6	-65.46318404302261
282.65000000000003	-65.49066226814135
282.7	-65.51731316051362
282.75	-65.54319633541864
282.8	-65.56848046468406
282.84999999999997	-65.59323066346602
282.9	-65.61754151939378
282.95	-65.64159938769578
283.0	-65.66547761440023
283.05	-65.6890913851787
283.1	-65.71218113302137
283.15000000000003	-65.73443795593893
283.2	-65.75576100075162
283.25	-65.77609549818996
283.3	-65.79527939198107
283.34999999999997	-65.81320840559067
283.4	-65.82983309855803
283.45	-65.8450954120918
283.5	-65.8589361157528
283.55	-65.87133852080564
283.6	-65.88227833349781
283.65000000000003	-65.89171098230491
283.7	-65.89957041240434
283.75	-65.90584885315039
283.8	-65.9105371997512
283.84999999999997	-65.91375406876844
283.9	-65.91550388423967
283.95	-65.91591607110075
284.0	-65.91498638013834
284.05	-65.91282670810946
284.1	-65.90950159832818
284.15000000000003	-65.9051286465401
284.2	-65.89979884404741
284.25	-65.89362629570664
284.3	-65.88672718309994
284.34999999999997	-65.87920112649624
284.4	-65.87118104674562
284.45	-65.86280575679942
284.5	-65.85430502770052
284.55	-65.84565727227545
284.6	-65.83699141642516
284.65000000000003	-65.82827262130628
284.7	-65.8197746547791
284.75	-65.81126961204221
284.8	-65.80310650741768
284.84999999999997	-65.7948657136278
284.9	-65.78711970337866
284.95	-65.77928068609987
285.0	-65.77223284359471
285.05	-65.76497787047288
285.1	-65.75869356222424
285.15000000000003	-65.75215185445236
285.2	-65.74668136173034
285.25	-65.74070909404446
285.3	-65.73567286568198
285.34999999999997	-65.73017788534489
285.4	-65.72553710060414
285.45	-65.72038282450774
285.5	-65.71577211446576
285.55	-65.71070216461003
285.6	-65.7060320468157
285.65000000000003	-65.70116387330191
285.7	-65.69662465755785
285.75	-65.69209738861372
285.8	-65.68787426529738
285.84999999999997	-65.68382187434739
285.9	-65.68017246460526
285.95	-65.67675840746725
286.0	-65.67396194308284
286.05	-65.67145675425573
286.1	-65.66980296988679
286.15000000000003	-65.66841287968137
286.2	-65.66802279943289
286.25	-65.66795364941575
286.3	-65.66901973553152
286.34999999999997	-65.6705433858705
286.4	-65.6731392670805
286.45	-65.6762184160676
286.5	-65.68014104247575
286.55	-65.68461034477173
286.6	-65.68984717886492
286.65000000000003	-65.69577183155864
286.7	-65.70244515976185
286.75	-65.70988205283676
286.8	-65.71804496171107
286.84999999999997	-65.72705606797759
286.9	-65.73677875873989
286.95	-65.74742681613934
287.0	-65.75875322728278
287.05	-65.77123193747728
287.1	-65.78449230599216
287.15000000000003	-65.799049284962
287.2	-65.8144701289093
287.25	-65.83129683619607
287.3	-65.84923519214207
287.35	-65.86869236060382
287.4	-65.88959974991867
287.45	-65.9121393955446
287.5	-65.93631953322065
287.54999999999995	-65.96219250594183
287.6	-65.98962605813051
287.65000000000003	-66.0182217557725
287.7	-66.0475680529257
287.75	-66.07724005728815
287.8	-66.1068814561545
287.85	-66.13613923228743
287.9	-66.16469113134252
287.95	-66.19217628172882
288.0	-66.2182392889236
288.04999999999995	-66.24247345974257
288.1	-66.26441741058116
288.15000000000003	-66.28373405620519
288.2	-66.30018177633809
288.25	-66.31357611556464
288.3	-66.32382166077983
288.35	-66.33086034073905
288.4	-66.33468079339225
