288.45	-66.33527309863355
288.5	-66.33267594457979
288.54999999999995	-66.326795706694
288.6	-66.31760323547786
288.65000000000003	-66.30509418488518
288.7	-66.28934967923337
288.75	-66.27044596680355
288.8	-66.24847970630404
288.85	-66.22361345982627
288.9	-66.1960709018345
288.95	-66.1662496327128
289.0	-66.13462067360004
289.04999999999995	-66.10175130586296
289.1	-66.06825205268592
289.15000000000003	-66.03475278713115
289.2	-66.00183938773873
289.25	-65.96964556726843
289.3	-65.93820278385593
289.35	-65.90780796940554
289.4	-65.8787592983811
289.45	-65.85122272830053
289.5	-65.825293215965
289.54999999999995	-65.80104580991511
289.6	-65.7786143326195
289.65000000000003	-65.75805903883047
289.7	-65.73931185663105
289.75	-65.72231832140436
289.8	-65.70705502789556
289.85	-65.69339045700738
289.9	-65.68125035220345
289.95	-65.67028835093213
290.0	-65.66064050414172
290.04999999999995	-65.65166245687334
290.1	-65.64377093409975
290.15000000000003	-65.63609289509155
290.2	-65.62916227981289
290.25	-65.62206103145476
290.3	-65.61523156463126
290.35	-65.60804718146872
290.4	-65.60073322133597
290.45	-65.59297393460753
290.5	-65.58480781291031
290.54999999999995	-65.57611720209819
290.6	-65.56693886711707
290.65000000000003	-65.55723266344013
290.7	-65.54699082249095
290.75	-65.5362093273884
290.8	-65.52494460118209
290.85	-65.51326405404097
290.9	-65.50130286658599
290.95	-65.48919785354005
291.0	-65.47708698981995
291.04999999999995	-65.46518165535991
291.1	-65.45369650770891
291.15000000000003	-65.442773301085
291.2	-65.43251583106296
291.25	-65.42301263782346
291.3	-65.41439615676393
291.35	-65.40679062695088
291.4	-65.40034694668826
291.45	-65.39513299709452
291.5	-65.39125110527254
291.54999999999995	-65.38860991285921
291.6	-65.38734065618424
291.65000000000003	-65.38726243328168
291.7	-65.38853978877174
291.75	-65.39095400828481
291.8	-65.39460206307261
291.85	-65.39931984844179
291.9	-65.40506264896479
291.95	-65.41166075712626
292.0	-65.41894206227033
292.04999999999995	-65.42670693856047
292.1	-65.43477239254938
292.15000000000003	-65.4429419927266
292.2	-65.4509797132591
292.25	-65.45861567465172
292.3	-65.46560763386444
292.35	-65.47181034078787
292.4	-65.47706752290543
292.45	-65.48130145614039
292.5	-65.48430661741703
292.54999999999995	-65.48617397504484
292.6	-65.48664077214514
292.65000000000003	-65.48585185615546
292.7	-65.48357450890077
292.75	-65.47991050401384
292.8	-65.47477209595358
292.85	-65.46824681222664
292.9	-65.46028139077622
292.95	-65.4509376356999
293.0	-65.44024079738074
293.04999999999995	-65.42825841143713
293.1	-65.4150275759386
293.15000000000003	-65.40063900081907
293.2	-65.38515174759758
293.25	-65.36864503775497
293.3	-65.35125077814553
293.35	-65.33316696062055
293.4	-65.31462491469729
293.45	-65.29580314830133
293.5	-65.27682984072736
293.54999999999995	-65.25784883903168
293.6	-65.2390065685599
293.65000000000003	-65.22049933901634
293.7	-65.20249190588004
293.75	-65.18514533310864
293.8	-65.16857497253818
293.85	-65.15281501806527
293.9	-65.13791567076305
293.95	-65.12398301501099
294.0	-65.11107590587196
294.04999999999995	-65.09936733557295
294.09999999999997	-65.08899843999725
294.15000000000003	-65.08014008284599
294.20000000000005	-65.07275935180172
294.25	-65.06705566296989
294.3	-65.062779936845
294.35	-65.06036813177501
294.4	-65.05931674902982
294.45	-65.06032597870995
294.5	-65.06279597481918
294.54999999999995	-65.06730983383902
294.59999999999997	-65.07336017837896
294.65000000000003	-65.08117159624352
294.70000000000005	-65.09056648105289
294.75	-65.10156654570673
294.8	-65.11402668268757
294.85	-65.12769404770336
294.9	-65.14226857094066
294.95	-65.15748590196657
295.0	-65.17313756331075
295.04999999999995	-65.18900358897066
295.09999999999997	-65.20486932894798
295.15000000000003	-65.2205169367612
295.20000000000005	-65.23568389081186
295.25	-65.25010158557697
295.3	-65.26354809851802
295.35	-65.27589351544111
295.4	-65.28700981500518
295.45	-65.29680203229934
295.5	-65.30518150539636
295.54999999999995	-65.31209712655829
295.59999999999997	-65.3174428933853
295.65000000000003	-65.32122358656657
295.70000000000005	-65.3233642461111
295.75	-65.32404564126121
295.8	-65.32317779155252
295.85	-65.32095004468441
295.9	-65.31733798620529
295.95	-65.3125018040598
296.0	-65.30649814892237
296.04999999999995	-65.29948458020905
296.09999999999997	-65.29158488209833
296.15000000000003	-65.28300914774239
296.20000000000005	-65.27394707906831
296.25	-65.26457853101311
296.3	-65.25504256828711
296.35	-65.24547797518008
296.4	-65.23607589104809
296.45	-65.22702432002988
296.5	-65.2185723482417
296.54999999999995	-65.21079437229085
296.59999999999997	-65.20357209624544
296.65000000000003	-65.19760594647488
296.70000000000005	-65.19194082057838
296.75	-65.18785906297357
296.8	-65.18347480237068
296.85	-65.18038166502735
296.9	-65.17643799324429
296.95	-65.17354440319842
297.0	-65.16961486505726
297.04999999999995	-65.16656094471406
297.09999999999997	-65.16222093506786
297.15000000000003	-65.1582598072706
297.20000000000005	-65.15285633261766
297.25	-65.14749002213655
297.3	-65.14070001957813
297.35	-65.13351763229473
297.4	-65.12505389803408
297.45	-65.11579501275186
297.5	-65.10534557362243
297.54999999999995	-65.09383397710499
297.59999999999997	-65.08107515701766
297.65000000000003	-65.06714803699455
297.70000000000005	-65.05204501933352
297.75	-65.03579386250792
297.8	-65.01837164931001
297.85	-64.99984386882007
297.9	-64.98030327487432
297.95	-64.95983538443565
298.0	-64.9384663533456
298.04999999999995	-64.91629952583912
298.09999999999997	-64.89363157904515
298.15000000000003	-64.87086235746398
298.20000000000005	-64.84830705480671
298.25	-64.82610560433388
298.3	-64.80432395303839
298.35	-64.78310167258634
298.4	-64.76257446389712
298.45	-64.74283825882615
298.5	-64.72392463197822
298.54999999999995	-64.70582788091595
298.59999999999997	-64.68849512116948
298.65000000000003	-64.6719743997334
298.70000000000005	-64.65621754064708
298.75	-64.6413043263093
298.8	-64.62706641345204
298.85	-64.61353529241512
298.9	-64.60049405067701
298.95	-64.58800637700612
299.0	-64.57598616579594
299.04999999999995	-64.5645179145964
299.09999999999997	-64.55356728479111
299.15000000000003	-64.54320851265071
299.20000000000005	-64.53334283137569
299.25	-64.52396069904025
299.3	-64.5149863498373
299.35	-64.5064660626241
299.4	-64.4984200066391
299.45	-64.49090842634897
299.5	-64.48392675980853
299.54999999999995	-64.47750854693648
299.59999999999997	-64.47163573572038
299.65000000000003	-64.4663862704752
299.70000000000005	-64.46172840446498
299.75	-64.4577569845712
299.8	-64.45436913826512
299.85	-64.45189973157301
299.9	-64.4499402480603
299.95	-64.44905809054619
300.0	-64.44856874935434
300.05	-64.44923174255237
300.09999999999997	-64.45022086848427
300.15	-64.45236860560239
300.20000000000005	-64.45483498496552
300.25	-64.45850370367182
300.3	-64.46249501708718
300.35	-64.46770498721938
300.4	-64.47336135404169
300.45	-64.48040443696581
300.5	-64.4882622648057
300.55	-64.49735804179467
300.59999999999997	-64.50741652632392
300.65	-64.51871768681546
300.70000000000005	-64.53115990974823
300.75	-64.54487002266954
300.8	-64.55979840195877
300.85	-64.57601387482457
300.9	-64.59345826889827
300.95	-64.61204408468055
301.0	-64.63170142353123
301.05	-64.65240088814477
301.09999999999997	-64.67415821398333
301.15	-64.69690860393348
301.20000000000005	-64.72046330227805
301.25	-64.74443306456794
301.3	-64.76834595488096
301.35	-64.79188555547843
301.4	-64.81481041567298
301.45	-64.83690452274818
301.5	-64.85802047407671
301.55	-64.8779870927852
301.59999999999997	-64.89664667186453
301.65	-64.91381289283316
301.70000000000005	-64.92932869989708
301.75	-64.9431286273826
301.8	-64.95514490700205
301.85	-64.96526668203056
301.9	-64.9734608736687
301.95	-64.97963709099957
302.0	-64.98382924949415
302.05	-64.98596245809165
302.09999999999997	-64.98622133602068
302.15	-64.98450804888628
302.20000000000005	-64.98102398513416
302.25	-64.97569218848038
302.3	-64.96864174436357
302.35	-64.95984918903378
302.4	-64.94946146775987
302.45	-64.93762249143342
302.5	-64.92448154562985
302.55	-64.91016929071573
302.59999999999997	-64.89484064032942
302.65	-64.8787123880025
302.70000000000005	-64.86204546676983
302.75	-64.84510248262158
302.8	-64.82814537503934
302.85	-64.81138964560427
302.9	-64.79499317612384
302.95	-64.77911907375338
303.0	-64.76381462353697
303.05	-64.74915723747274
303.09999999999997	-64.7350895617229
303.15	-64.72173640550187
303.20000000000005	-64.7090625013589
303.25	-64.69723668424749
303.3	-64.68619528776492
303.35	-64.6761665503243
303.4	-64.66697653130589
303.45	-64.65893295294393
303.5	-64.65156515318441
303.55	-64.6455950262361
303.59999999999997	-64.64020202245526
303.65	-64.6363558069044
303.70000000000005	-64.63287097281729
303.75	-64.63073775877832
303.8	-64.62887226647985
303.85	-64.62817825569239
303.9	-64.62785637668324
303.95	-64.62865580656916
304.0	-64.6299192826993
304.05	-64.63222096387736
304.09999999999997	-64.63511690660303
304.15	-64.6389557563167
304.20000000000005	-64.64337966189801
304.25	-64.64868114337318
304.3	-64.65456599725363
304.35	-64.66132971132865
304.4	-64.66876855013828
304.45	-64.67700924386757
304.5	-64.68595996759103
304.55	-64.69556166899977
304.59999999999997	-64.70570077316913
304.65	-64.71624292220571
304.70000000000005	-64.72704155498282
304.75	-64.73793707085896
304.8	-64.74874332800928
304.85	-64.75924053675081
304.9	-64.76927815102754
304.95	-64.77875939430325
305.0	-64.78761367383983
305.05	-64.7957088279394
305.09999999999997	-64.80291636196239
305.15	-64.80941808878903
305.20000000000005	-64.81493525788001
305.25	-64.81997027597359
305.3	-64.82382791263291
305.35	-64.82731948954186
305.4	-64.82956010694954
305.45	-64.83172284431465
305.5	-64.8326751999462
305.55	-64.83377369908786
305.59999999999997	-64.83382600128894
305.65	-64.83444364528873
305.70000000000005	-64.83443480097812
305.75	-64.83538633983912
305.8	-64.83554330617343
305.85	-64.83638825769057
305.9	-64.83619776358748
305.95	-64.83654538962173
306.0	-64.83543295630889
306.05	-64.83434565002665
306.09999999999997	-64.83128676357354
306.15	-64.82785673017159
306.20000000000005	-64.82242190884578
306.25	-64.81646604184935
306.3	-64.80840937790117
306.35	-64.79929650299468
306.4	-64.788057046341
306.45	-64.77512344334932
306.5	-64.76011825031085
306.55	-64.74304357977346
306.59999999999997	-64.7238270908054
306.65	-64.70246879131044
306.7	-64.67902210821217
306.75	-64.6535398862876
306.8	-64.626170345922
306.85	-64.59705843128668
306.90000000000003	-64.56623640839162
306.95	-64.53381495105842
307.0	-64.5000767806707
307.05	-64.46537638349959
307.09999999999997	-64.430180966495
307.15	-64.39505419244958
307.2	-64.36046214429939
307.25	-64.3267160907606
307.3	-64.29405087612481
307.35	-64.26288019439315
307.40000000000003	-64.2335992927428
307.45	-64.20643205258696
307.5	-64.18157221577175
307.55	-64.1591197061058
307.59999999999997	-64.13913041168564
307.65	-64.12154639469063
307.7	-64.10620864058882
307.75	-64.09297987404318
307.8	-64.08159839875016
307.85	-64.07198294923009
307.90000000000003	-64.06371571522325
307.95	-64.05685705900602
308.0	-64.0509249790268
308.05	-64.04608816178586
308.09999999999997	-64.04168422635274
308.15	-64.03785309923256
308.2	-64.03409835484406
308.25	-64.03042967662903
308.3	-64.02658320414209
308.35	-64.0224364960072
308.40000000000003	-64.017832947878
308.45	-64.01263973842725
308.5	-64.00677264218578
308.55	-64.0001332578356
308.59999999999997	-63.992706299228125
308.65	-63.984515562952424
308.7	-63.9756010621511
308.75	-63.965990492381394
308.8	-63.95576437752723
308.85	-63.94505621892988
308.90000000000003	-63.934018519576405
308.95	-63.922802321688714
309.0	-63.91156038344032
309.05	-63.900483210259544
309.09999999999997	-63.889680063405564
309.15	-63.879217317417115
309.2	-63.869157987665204
309.25	-63.85957508931588
309.3	-63.85049041255611
309.35	-63.841947364856765
309.40000000000003	-63.83404703460218
309.45	-63.82683516833487
309.5	-63.82044686451094
309.55	-63.81474665154681
309.59999999999997	-63.810012546001225
309.65	-63.80577142288143
309.7	-63.80268082097561
309.75	-63.80002329327978
309.8	-63.79874051665895
309.85	-63.79772659397671
309.90000000000003	-63.798235071981594
309.95	-63.798959363011605
310.0	-63.801148110729386
310.05	-63.80348492332615
310.09999999999997	-63.807170083273164
310.15	-63.81108305399605
310.2	-63.81586320939459
310.25	-63.82085192842817
310.3	-63.826060481985664
310.35	-63.8312890430702
310.40000000000003	-63.83641002821871
310.45	-63.84123327878714
310.5	-63.84567146000558
310.55	-63.84961001334834
310.59999999999997	-63.85293874507149
310.65	-63.8556245670145
310.7	-63.85743356906796
310.75	-63.858534773586534
310.8	-63.85849981795103
310.85	-63.85767790171991
310.90000000000003	-63.85557229560909
310.95	-63.85265185448722
311.0	-63.84850651927508
311.05	-63.84356121250461
311.09999999999997	-63.837426745752154
311.15	-63.8304266628776
311.2	-63.82235385941513
311.25	-63.81343382803614
311.3	-63.803496054629434
311.35	-63.7926658826486
311.40000000000003	-63.78098809045958
311.45	-63.76857243946272
311.5	-63.75542665807724
311.55	-63.741603607773285
311.59999999999997	-63.7271508107695
311.65	-63.712182434582346
311.7	-63.69683205272692
311.75	-63.68120924711875
311.8	-63.66538527122596
311.85	-63.649413347897294
311.90000000000003	-63.6333086310201
311.95	-63.61701152186666
312.0	-63.60039148168069
312.05	-63.58332721721405
312.09999999999997	-63.5656897973561
312.15	-63.547388994498185
312.2	-63.52836886681059
312.25	-63.50855029639817
312.3	-63.48779643015864
312.35	-63.4658520997214
312.40000000000003	-63.44246051910825
312.45	-63.4175925779967
312.5	-63.39129321845551
312.55	-63.36362796350737
312.59999999999997	-63.33474699012747
312.65	-63.304622639447736
312.7	-63.27322317306415
312.75	-63.240646709981945
312.8	-63.20704761921395
312.85	-63.17268159388978
312.90000000000003	-63.13785756259861
312.95	-63.10270464534644
313.0	-63.06715580766064
313.05	-63.03132244580084
313.09999999999997	-62.99570121540164
313.15	-62.960912151512545
313.2	-62.92737514153142
313.25	-62.895309814855295
313.3	-62.864806562886436
313.35	-62.83599112119789
313.40000000000003	-62.80882560742823
313.45	-62.783173025923105
313.5	-62.75903205619317
313.55	-62.73633726428504
313.59999999999997	-62.71497575598007
313.65	-62.69495540321381
313.7	-62.676291639709476
313.75	-62.65897973958551
313.8	-62.64300694902299
313.85	-62.62838748892584
313.90000000000003	-62.61520911817192
313.95	-62.60354425518754
314.0	-62.59342167406904
314.05	-62.5848250672638
314.09999999999997	-62.57769504854131
314.15	-62.57199936915061
314.2	-62.56772565242249
314.25	-62.56484099973604
314.3	-62.56331395290722
314.35	-62.56310148850524
314.40000000000003	-62.564166007474654
314.45	-62.5664528571612
314.5	-62.56991770594095
314.55	-62.57450643228377
314.59999999999997	-62.58016903238787
314.65	-62.586821489883796
314.7	-62.594331949237684
314.75	-62.60252256920906
314.8	-62.61120949524297
314.85	-62.62018512254143
314.90000000000003	-62.62921182441703
314.95	-62.638077993200724
315.0	-62.64658362193225
315.05	-62.654599952036236
315.09999999999997	-62.66194173398543
315.15	-62.66854647402495
315.2	-62.67419181435588
315.25	-62.67887886491633
315.3	-62.68229568882856
315.35	-62.68459341180321
315.40000000000003	-62.685203929135696
315.45	-62.684624099782376
315.5	-62.6822059419013
315.55	-62.67852521020262
315.59999999999997	-62.67289165416509
315.65	-62.665775813173354
315.7	-62.65678354764435
315.75	-62.64610782619723
315.8	-62.63359649073324
315.85	-62.61935156305779
315.90000000000003	-62.60345675834698
315.95	-62.58601065080725
316.0	-62.567048105116164
316.05	-62.54661335960686
316.09999999999997	-62.52491475781423
316.15	-62.50217222547727
316.2	-62.47862287603588
316.25	-62.45465575944846
316.3	-62.430531539449916
316.35	-62.40632107144826
316.40000000000003	-62.381986234201875
316.45	-62.35755576022758
316.5	-62.33318055907225
316.55	-62.3089852065047
316.59999999999997	-62.285063786330454
316.65	-62.261473589494926
316.7	-62.23826402026346
316.75	-62.21553661232616
316.8	-62.19325902007125
316.85	-62.17131538656028
316.90000000000003	-62.14969995304439
316.95	-62.12847931200248
317.0	-62.107667066920285
317.05	-62.08718514405713
317.09999999999997	-62.066810208686185
317.15	-62.0464542840067
317.2	-62.02600688071849
317.25	-62.00535095749288
317.3	-61.98421678020523
317.35	-61.962503846739956
317.40000000000003	-61.940214138839636
317.45	-61.91742137764318
317.5	-61.894196102175655
317.55	-61.870538684738904
317.59999999999997	-61.84641425329771
317.65	-61.82200331278731
317.7	-61.79759718790463
317.75	-61.77341637363088
317.8	-61.749640662102635
317.85	-61.72635771485711
317.90000000000003	-61.70366688746525
317.95	-61.681817475854544
318.0	-61.66104131354538
318.05	-61.641563705886064
318.09999999999997	-61.623553301078324
318.15	-61.607091632407986
318.2	-61.59229019270251
318.25	-61.57925865350987
318.3	-61.56802095914718
318.35	-61.55853352040391
318.40000000000003	-61.55082102080048
318.45	-61.544816823159394
318.5	-61.540542996842916
318.55	-61.53778280404199
318.6	-61.53661063915425
318.65	-61.536810253453794
318.7	-61.53839388224246
318.75	-61.54122334146142
318.79999999999995	-61.54523142083722
318.85	-61.550284089861606
318.90000000000003	-61.5562897501281
318.95	-61.56313404259531
319.0	-61.57073397397987
319.05	-61.578957157072935
319.1	-61.58769066351441
319.15	-61.596807503899285
319.2	-61.60620096660409
319.25	-61.61579056823218
319.29999999999995	-61.62549244443244
319.35	-61.635183778905784
319.40000000000003	-61.644744743869204
319.45	-61.654095041732035
319.5	-61.66321076727027
319.55	-61.67203537691729
319.6	-61.68051336466584
319.65	-61.688612653566096
319.7	-61.696285352698375
319.75	-61.70360222238863
319.79999999999995	-61.71045480443216
319.85	-61.716879520014444
319.90000000000003	-61.722701789979304
319.95	-61.72805991429941
320.0	-61.73265708371109
320.05	-61.73689775848756
320.1	-61.740150985882195
320.15	-61.743078808049525
320.2	-61.74468702393017
320.25	-61.745923803253866
320.29999999999995	-61.74551580822011
320.35	-61.74467441300416
320.40000000000003	-61.742085650197694
320.45	-61.73899939637842
320.5	-61.73447596054629
320.55	-61.72951395624967
320.6	-61.72361097715569
320.65	-61.71719321950796
320.7	-61.71014980793525
320.75	-61.702638943307704
320.79999999999995	-61.69477162289776
320.85	-61.68668004139528
320.90000000000003	-61.67847611799315
320.95	-61.67029201079623
321.0	-61.66226710079535
321.05	-61.654325845024886
321.1	-61.64668513890611
321.15	-61.63901757866719
321.2	-61.63173689239172
321.25	-61.624405675540004
321.29999999999995	-61.61775865071284
321.35	-61.61087256553668
321.40000000000003	-61.604681592146804
321.45	-61.59803078220153
321.5	-61.591949743781356
321.55	-61.585377584793626
321.6	-61.579262467869725
321.65	-61.572706205627114
321.7	-61.56649372271597
321.75	-61.55983983116003
321.79999999999995	-61.553319514864896
321.85	-61.54629528608267
321.90000000000003	-61.5390843129678
321.95	-61.531388873300976
322.0	-61.523384472710205
322.05	-61.51495129965839
322.1	-61.506209246207874
322.15	-61.49686440792867
322.2	-61.48696429019367
322.25	-61.47645928755449
322.29999999999995	-61.465415501897475
322.35	-61.453819789790316
322.40000000000003	-61.44171563247701
322.45	-61.42917586353764
322.5	-61.41630456962865
322.55	-61.403204534770204
322.6	-61.38998704657631
322.65	-61.37682624022567
322.7	-61.36392330263692
322.75	-61.35147031759293
322.79999999999995	-61.33959309285139
322.85	-61.32834288649474
322.90000000000003	-61.317832793195976
322.95	-61.30823258582804
323.0	-61.29973298400678
323.05	-61.292466575562145
323.1	-61.286562050169096
323.15	-61.282023756143175
323.2	-61.27897691238509
323.25	-61.27738862091985
323.29999999999995	-61.27742358506652
323.35	-61.27894812054148
323.40000000000003	-61.28214791838738
323.45	-61.28684948519583
323.5	-61.29315182584544
323.55	-61.3009266300956
323.6	-61.31016338969283
323.65	-61.32073723020183
323.7	-61.33259008289443
323.75	-61.345597769680225
323.79999999999995	-61.359593359998996
323.85	-61.37426531832824
323.90000000000003	-61.38917877348082
323.95	-61.404022256863676
324.0	-61.41853018688603
324.05	-61.43242789136179
324.1	-61.445332989342575
324.15	-61.457015675288325
324.2	-61.467472914064516
324.25	-61.476491177562856
324.29999999999995	-61.48442322989841
324.35	-61.49049212454449
324.40000000000003	-61.49554844192929
324.45	-61.498277740324795
324.5	-61.49998785385132
324.55	-61.49920919524013
324.6	-61.49749939881485
324.65	-61.49351197076754
324.7	-61.48849086768877
324.75	-61.48145894266341
324.79999999999995	-61.47318907292303
324.85	-61.46324073740028
324.90000000000003	-61.45186173417082
324.95	-61.43890749661662
325.0	-61.42452505269142
325.05	-61.40867006422333
325.1	-61.39137453893398
325.15	-61.37259839331829
325.2	-61.352384953616706
325.25	-61.33078818978978
325.29999999999995	-61.307882947043694
325.34999999999997	-61.283785094218445
325.40000000000003	-61.25859461105664
325.45000000000005	-61.232330843434084
325.5	-61.20509455378291
325.55	-61.17700392221315
325.6	-61.14816948403771
325.65	-61.11888552217039
325.7	-61.08953787837216
325.75	-61.06046098217978
325.79999999999995	-61.031926793453465
325.84999999999997	-61.004216856608274
325.90000000000003	-60.97768301532814
325.95000000000005	-60.9526874705728
326.0	-60.92956968971046
326.05	-60.90864223737731
326.1	-60.89006484203867
326.15	-60.87390446006924
326.2	-60.860164013244365
326.25	-60.848779536546346
326.29999999999995	-60.839644544395135
326.34999999999997	-60.83260115219533
326.40000000000003	-60.827417317388566
326.45000000000005	-60.82389351282303
326.5	-60.82184909698475
326.55	-60.821105581648126
326.6	-60.82156378661464
326.65	-60.82306857231909
326.7	-60.82542539489662
326.75	-60.82842962614903
326.79999999999995	-60.83200671032002
326.84999999999997	-60.835846983869935
326.90000000000003	-60.84011525766991
326.95000000000005	-60.84427099806685
327.0	-60.84891922628737
327.05	-60.85327204370897
327.1	-60.85828003499242
327.15	-60.86288390759889
327.2	-60.86832266402482
327.25	-60.873369355189
327.29999999999995	-60.879569524406364
327.34999999999997	-60.885619287782376
327.40000000000003	-60.89316507623944
327.45000000000005	-60.900923367497924
327.5	-60.91042924136431
327.55	-60.92061726223949
327.6	-60.93258325094479
327.65	-60.9458771130067
327.7	-60.96087224546936
327.75	-60.97743616850491
327.79999999999995	-60.99557979127914
327.84999999999997	-61.01528929530697
327.90000000000003	-61.03664182080652
327.95000000000005	-61.05967560158902
328.0	-61.08444667199648
328.05	-61.11099497454934
328.1	-61.13919687458881
328.15	-61.16854278561087
328.2	-61.19832993883641
328.25	-61.228061161654594
328.29999999999995	-61.25731650753047
328.34999999999997	-61.28563742077086
328.40000000000003	-61.31263076870482
328.45000000000005	-61.337885658393205
328.5	-61.361142099700345
328.55	-61.382280824649655
328.6	-61.40118924186612
328.65	-61.41772146427772
328.7	-61.43169836211074
328.75	-61.44294995056609
328.79999999999995	-61.45135654219588
328.84999999999997	-61.4568516099844
328.90000000000003	-61.45941738886249
328.95000000000005	-61.459062445229634
329.0	-61.45574233036811
329.05	-61.449389855384794
329.1	-61.43991083417032
329.15	-61.4272660366315
329.2	-61.41147004429732
329.25	-61.39262179930326
329.29999999999995	-61.37086430416987
329.34999999999997	-61.34625998044339
329.40000000000003	-61.31885165662036
329.45000000000005	-61.288631600759004
329.5	-61.255625354404955
329.55	-61.21998644697892
329.6	-61.181742758635096
329.65	-61.14092402468741
329.7	-61.09786719241781
329.75	-61.05311758153772
329.79999999999995	-61.007555786356846
329.84999999999997	-60.96190346802252
329.90000000000003	-60.91647472258889
329.95000000000005	-60.87169497136017
330.0	-60.828145591304846
330.05	-60.786234603498315
330.1	-60.74602390396983
330.15	-60.70752036663411
330.2	-60.67079638096427
330.25	-60.635928887209914
330.29999999999995	-60.60289554257288
330.34999999999997	-60.57155879042147
330.40000000000003	-60.5416709858948
330.45000000000005	-60.51309240264601
330.5	-60.485759615614604
330.55	-60.459618851311845
330.6	-60.43467506062032
330.65	-60.410921352904275
330.7	-60.388327678924206
330.75	-60.366857834743314
330.79999999999995	-60.346446009929096
330.84999999999997	-60.32702189187741
330.90000000000003	-60.30855932538192
330.95000000000005	-60.291155447808066
331.0	-60.27495343593402
331.05	-60.26000473640025
331.1	-60.246349848514555
331.15	-60.233984877738244
331.2	-60.22286710370845
331.25	-60.21299623410414
331.3	-60.20436393909334
331.34999999999997	-60.1969415798515
331.4	-60.19065336070675
331.45000000000005	-60.18538813469385
331.5	-60.18114521408297
331.55	-60.177560628194314
331.6	-60.17482517706019
331.65	-60.17235503040192
331.7	-60.170366470354566
331.75	-60.16819022563
331.8	-60.16611593800603
331.84999999999997	-60.16349057364458
331.9	-60.16068302817726
331.95000000000005	-60.15696700249562
332.0	-60.15272114105653
332.05	-60.14744641249057
332.1	-60.14144731274338
332.15	-60.13434424137144
332.2	-60.12627492062113
332.25	-60.117223067545645
332.3	-60.10735543525654
332.34999999999997	-60.096815370557266
332.4	-60.08575953273026
332.45000000000005	-60.07434289036627
332.5	-60.06276604164353
332.55	-60.05127331121545
332.6	-60.04011002342827
332.65	-60.02954704691996
332.7	-60.019901982378
332.75	-60.011429359270565
332.8	-60.004350812337435
332.84999999999997	-59.99883354876964
332.9	-59.99492638928215
332.95000000000005	-59.99258783266178
333.0	-59.99173078649868
333.05	-59.9922624262927
333.1	-59.9940773909032
333.15	-59.99701873680925
333.2	-60.000862187211084
333.25	-60.00530282489815
333.3	-60.00997950120835
333.34999999999997	-60.0145161554216
333.4	-60.018526581982385
333.45000000000005	-60.02162511168004
333.5	-60.02344308522629
333.55	-60.023681948907885
333.6	-60.022119553128455
333.65	-60.01851731210323
333.7	-60.01260689023685
333.75	-60.00415307695077
333.8	-59.99299081810412
333.84999999999997	-59.97902716729236
333.9	-59.96218060213518
333.95000000000005	-59.94240156903214
334.0	-59.9197921856136
334.05	-59.894529146552856
334.1	-59.86671852526577
334.15	-59.83629821790703
334.2	-59.80323087113817
334.25	-59.767933808809666
334.3	-59.731093275851734
334.34999999999997	-59.69337299048023
334.4	-59.65535732394086
334.45000000000005	-59.61748015015317
334.5	-59.580234543709345
334.55	-59.5438832307764
334.6	-59.50852982585195
334.65	-59.474312946108
334.7	-59.44131063181852
334.75	-59.4096261712466
334.8	-59.37931455998714
334.84999999999997	-59.35039310184726
334.9	-59.32290031086795
334.95000000000005	-59.29684915518901
335.0	-59.2722378985924
335.05	-59.24906954044066
335.1	-59.22730536658977
335.15	-59.20684864031171
335.2	-59.187575760373946
335.25	-59.16942679875345
335.3	-59.152393908718636
335.34999999999997	-59.136527698509326
335.4	-59.12183165943463
335.45000000000005	-59.10828537317525
335.5	-59.09580340115859
335.55	-59.084462651660225
335.6	-59.07406537088028
335.65	-59.06483884779095
335.7	-59.056137033873284
335.75	-59.04858013315834
335.8	-59.0413290759013
335.84999999999997	-59.03521935686406
335.9	-59.02929159146377
335.95000000000005	-59.02433390665326
336.0	-59.01963887477133
336.05	-59.015702927148126
336.1	-59.01216115689074
336.15	-59.009104252371884
336.2	-59.006604640729265
336.25	-59.00426777229575
336.3	-59.00269164968408
336.34999999999997	-59.000975278890024
336.4	-59.00027369797738
336.45000000000005	-58.999382199177035
336.5	-58.99994141204812
336.55	-59.000439350783914
336.6	-59.00280239767056
336.65	-59.005334838786325
336.7	-59.00967000310018
336.75	-59.01418339628239
336.8	-59.01994457292479
336.84999999999997	-59.0256223215476
336.9	-59.03213378895228
336.95000000000005	-59.03859850466948
337.0	-59.0457278190038
337.05	-59.05300448304801
337.1	-59.060606771851745
337.15	-59.06825883571665
337.2	-59.07597173992424
337.25	-59.083570938907506
337.3	-59.09100359023839
337.34999999999997	-59.098124493416165
337.4	-59.10474823707575
337.45000000000005	-59.11067846520494
337.5	-59.115705993744
337.55	-59.11975654725715
337.6	-59.12259963257309
337.65	-59.12442506550394
337.7	-59.124752109343
337.75	-59.123951950641974
337.8	-59.12150855022857
337.84999999999997	-59.11777301133414
337.9	-59.112417420423554
337.95	-59.10558245153846
338.0	-59.09718604221095
338.05	-59.087314930881405
338.1	-59.07595113432758
338.15000000000003	-59.06314590851649
338.2	-59.04886152454943
338.25	-59.03308539698425
338.3	-59.01589627267278
338.34999999999997	-58.99743565723253
338.4	-58.97774768222677
338.45	-58.956841084244274
338.5	-58.934772665244964
338.55	-58.91167108890646
338.6	-58.887637892651895
338.65000000000003	-58.86265740485587
338.7	-58.83664283577582
338.75	-58.80952975898741
338.8	-58.781356219317914
338.84999999999997	-58.752225775939905
338.9	-58.72230195922123
338.95	-58.69192563390773
339.0	-58.66149380375422
339.05	-58.63133461549482
339.1	-58.60161859179364
339.15000000000003	-58.57239033845696
339.2	-58.543748432056475
339.25	-58.515821925832014
339.3	-58.48871184293431
339.34999999999997	-58.462585704541624
339.4	-58.437651623460944
339.45	-58.41399736934987
339.5	-58.391569981497135
339.55	-58.37036657270262
339.6	-58.35050016607464
339.65000000000003	-58.332018864752264
339.7	-58.314905000214566
339.75	-58.299147593668636
339.8	-58.28476057300327
339.84999999999997	-58.27166086189823
339.9	-58.25982698588848
339.95	-58.24907549175744
340.0	-58.23947237857051
340.05	-58.23084190720479
340.1	-58.2232961378583
340.15000000000003	-58.21660965758598
340.2	-58.210933599945186
340.25	-58.20587882140944
340.3	-58.20194393664754
340.34999999999997	-58.19844560698463
340.4	-58.1962306292983
340.45	-58.19412160055091
340.5	-58.193321210427726
340.55	-58.192397747593176
340.6	-58.19284582004575
340.65000000000003	-58.19298267326398
340.7	-58.194411691123676
340.75	-58.19504097769443
340.8	-58.196751136200675
340.84999999999997	-58.19728948176823
340.9	-58.19889947258289
340.95	-58.19927445225555
341.0	-58.20075715680113
341.05	-58.20110324452365
341.1	-58.20276393588854
341.15000000000003	-58.203532220262154
341.2	-58.2054327418076
341.25	-58.20642306468222
341.3	-58.20841321045779
341.34999999999997	-58.20998829005417
341.4	-58.21253542840536
341.45	-58.21502620211031
341.5	-58.218234460520335
341.55	-58.22175263569201
341.6	-58.22592774309743
341.65000000000003	-58.2308143809472
341.7	-58.236286571266
341.75	-58.242777413486365
341.8	-58.249908806810204
341.84999999999997	-58.25813463724834
341.9	-58.26711120822614
341.95	-58.27717614306942
342.0	-58.28815565105671
342.05	-58.30003526242264
342.1	-58.31267849344904
342.15000000000003	-58.32593121284056
342.2	-58.33957655021635
342.25	-58.353316748918104
342.3	-58.36685468360283
342.34999999999997	-58.37997792637894
342.4	-58.392513450473174
342.45	-58.40426622680049
342.5	-58.41498949480476
342.55	-58.42446131264953
342.6	-58.432518480374334
342.65000000000003	-58.43898746577047
342.7	-58.44371040167768
342.75	-58.446525709732086
342.8	-58.447373490051326
342.84999999999997	-58.44612754856518
342.9	-58.442817103450835
342.95	-58.43728140466032
343.0	-58.429562203564565
343.05	-58.41961297599142
343.1	-58.40746534302235
343.15000000000003	-58.39310279964579
343.2	-58.37655076713366
343.25	-58.357904975844136
343.3	-58.337332139637184
343.34999999999997	-58.315023419754134
343.4	-58.291324818890175
343.45	-58.26667157997473
343.5	-58.241486183781596
343.55	-58.2161950533978
343.6	-58.191228186991665
343.65000000000003	-58.16695695036621
343.7	-58.1436169580567
343.75	-58.121457564513435
343.8	-58.100750667647276
343.84999999999997	-58.08169343212532
343.9	-58.06442359299797
343.95	-58.04909089791778
344.0	-58.03580429918345
344.05	-58.02441148404941
344.1	-58.01528887841472
344.15000000000003	-58.0077030363252
344.2	-58.002562875238425
344.25	-57.998663372777116
344.3	-57.99728145096064
344.34999999999997	-57.99718510347833
344.4	-57.99951248147037
344.45	-58.002998612737464
344.5	-58.008365994734966
344.55	-58.01480285965363
344.6	-58.0226235122898
344.65000000000003	-58.03150597283458
344.7	-58.041402856793695
344.75	-58.05210326608167
344.8	-58.06337677238881
344.84999999999997	-58.07492783670112
344.9	-58.086475255495344
344.95	-58.09783571896857
345.0	-58.10883283723308
345.05	-58.11926489532139
345.1	-58.128979940819626
345.15000000000003	-58.13777342345573
345.2	-58.145425423774526
345.25	-58.15172982811515
345.3	-58.1566177637833
345.34999999999997	-58.15988971052576
345.4	-58.16177067552684
345.45	-58.161849322496295
345.5	-58.160565801766815
345.55	-58.15751248337462
345.6	-58.15304592364741
345.65000000000003	-58.146978018748165
345.7	-58.13947681755623
345.75	-58.13058235487816
345.8	-58.120516983308065
345.84999999999997	-58.10944153225097
345.9	-58.09746776701512
345.95	-58.0846636798085
346.0	-58.0712379114583
346.05	-58.05738571231079
346.1	-58.04322085175485
346.15000000000003	-58.028809952738605
346.2	-58.01423911057162
346.25	-57.999607359846
346.3	-57.985010270506294
346.34999999999997	-57.970519027087775
346.4	-57.95626056706352
346.45	-57.94232750562948
346.5	-57.928770364244826
346.55	-57.91553822510944
346.6	-57.90255557700405
346.65000000000003	-57.88979002783704
346.7	-57.877276973626024
346.75	-57.86502022179762
346.8	-57.85306178424373
346.84999999999997	-57.84137265623139
346.9	-57.82995100663616
346.95	-57.81865868290453
347.0	-57.807517589412114
347.05	-57.79653403875507
347.1	-57.7858041290438
347.15000000000003	-57.775028667238914
347.2	-57.76429789456577
347.25	-57.75341255674937
347.3	-57.742516992904584
347.34999999999997	-57.73144498010861
347.4	-57.720286522969474
347.45	-57.708972405482655
347.5	-57.69751456549491
347.55	-57.68583511240535
347.6	-57.67396811810214
347.65000000000003	-57.66194776806061
347.7	-57.64984303417229
347.75	-57.63769525191441
347.8	-57.62553439948024
347.84999999999997	-57.613300676840424
347.9	-57.6009362921593
347.95	-57.588434382156734
348.0	-57.57579701670768
348.05	-57.56301954722209
348.1	-57.550057995522806
348.15000000000003	-57.53684755541276
348.2	-57.52324515877646
348.25	-57.50911981033297
348.3	-57.494330834468684
348.34999999999997	-57.478851218443324
348.4	-57.462732383504886
348.45	-57.44603651304027
348.5	-57.42877724022797
348.55	-57.410949381137335
348.6	-57.39262446616216
348.65000000000003	-57.373919345853054
348.7	-57.35493108297406
348.75	-57.33570388950804
348.8	-57.316281060106824
348.84999999999997	-57.29673475195061
348.9	-57.27712518592153
348.95	-57.25750075894857
349.0	-57.23792900527196
349.05	-57.21846713883424
349.1	-57.19914945765676
349.15000000000003	-57.180041177228475
349.2	-57.16119868869691
349.25	-57.14271022694075
349.3	-57.124606790855445
349.34999999999997	-57.10685330842439
349.4	-57.08949572232037
349.45	-57.07261331648107
349.5	-57.05622289146733
349.55	-57.04026718605188
349.6	-57.02470718726684
349.65000000000003	-57.009625410933225
349.7	-56.99515874497891
349.75	-56.981425151796444
349.8	-56.968539474914735
349.85	-56.956579700679264
349.9	-56.945613816735204
349.95	-56.93569995929844
350.0	-56.92686634819897
350.04999999999995	-56.91918128433801
350.1	-56.912677812500775
350.15000000000003	-56.90735833724594
350.2	-56.9032090151164
350.25	-56.90024382440927
350.3	-56.89845273827025
350.35	-56.89783440613032
350.4	-56.89836126671054
350.45	-56.90001831596305
350.5	-56.902777033968235
350.54999999999995	-56.90657331548065
350.6	-56.91131629794815
350.65000000000003	-56.916871183960325
350.7	-56.923140694645895
350.75	-56.930032075592536
350.8	-56.937567999956286
350.85	-56.945665449548734
350.9	-56.95418609791275
350.95	-56.96294884848594
351.0	-56.97180249549896
351.04999999999995	-56.9805583162082
351.1	-56.988988800861556
351.15000000000003	-56.99684430796226
351.2	-57.00389977337256
351.25	-57.00995132313865
351.3	-57.01488410035402
351.35	-57.01855228018158
351.4	-57.02097187311781
351.45	-57.02190874737191
351.5	-57.02142964940347
351.54999999999995	-57.019229396837545
351.6	-57.01542585719692
351.65000000000003	-57.009731151279695
351.7	-57.00219768842211
351.75	-56.99273839173114
351.8	-56.98141263439244
351.85	-56.9682072299692
351.9	-56.95310889910026
351.95	-56.93607304284218
352.0	-56.917224766937906
352.04999999999995	-56.89672989078136
352.1	-56.87466833509783
352.15000000000003	-56.851119802732
352.2	-56.82619566012638
352.25	-56.800029611172185
352.3	-56.772719702062616
352.35	-56.7444559688853
352.4	-56.71555057963222
352.45	-56.686377058290475
352.5	-56.657214407804986
352.54999999999995	-56.628277958440236
352.6	-56.599878579035334
352.65000000000003	-56.57241819611697
352.7	-56.54610645941999
352.75	-56.52100092342372
352.8	-56.49723960518661
352.85	-56.47492174147864
352.9	-56.45406807525221
352.95	-56.43462491643245
353.0	-56.41653506722231
353.04999999999995	-56.39985117749691
353.1	-56.38451282674542
353.15000000000003	-56.370678349145
353.2	-56.35772973164997
353.25	-56.34635686074486
353.3	-56.335196602789225
353.35	-56.32561523400348
353.4	-56.31572905674581
353.45	-56.3071870824934
353.5	-56.298096786851296
353.54999999999995	-56.290205879723075
353.6	-56.28144789560056
353.65000000000003	-56.2732008409248
353.7	-56.26383264362499
353.75	-56.25440597581168
353.8	-56.24405017804174
353.85	-56.233076640718835
353.9	-56.221352412081956
353.95	-56.20894208808937
354.0	-56.19571633357317
354.04999999999995	-56.18168112384217
354.1	-56.166972828741834
354.15000000000003	-56.151714689463205
354.2	-56.13596596372836
354.25	-56.11975359228329
354.3	-56.103084259858136
354.35	-56.0860671375659
354.4	-56.06891128843293
354.45	-56.051814700276225
354.5	-56.03495834892347
354.54999999999995	-56.01845190808142
354.6	-56.00239115903305
354.65000000000003	-55.986897769854146
354.7	-55.97208337886795
354.75	-55.95804514822547
354.8	-55.944850046109835
354.85	-55.93236399126892
354.9	-55.92064268273816
354.95	-55.90953458244876
355.0	-55.89920576278578
355.04999999999995	-55.889401213338076
355.1	-55.880349726569435
355.15000000000003	-55.87162387834184
355.2	-55.863758769467424
355.25	-55.85582103555909
355.3	-55.84873897056512
355.35	-55.841368676474815
355.4	-55.83495446463803
355.45	-55.828008850665874
355.5	-55.82180562651709
355.54999999999995	-55.814721726124446
355.6	-55.80793854188563
355.65000000000003	-55.80010885375813
355.7	-55.792183012770714
355.75	-55.7833862964527
355.8	-55.77413908021299
355.85	-55.76413506258322
355.9	-55.753486764721
355.95	-55.7420690166237
356.0	-55.72991856504913
356.04999999999995	-55.717064229949
356.1	-55.703541962020964
356.15000000000003	-55.68938707049445
356.2	-55.6746843136974
356.25	-55.65950346914181
356.3	-55.64389301327894
356.35	-55.627872050030895
356.4	-55.611481253715894
356.45	-55.59483971549702
356.5	-55.57803578866825
356.54999999999995	-55.56110127848073
356.59999999999997	-55.54399959687126
356.65000000000003	-55.52668417229356
356.70000000000005	-55.50912410153269
356.75	-55.49125521147142
356.8	-55.47293496908784
356.85	-55.45415289720466
356.9	-55.43491724793152
356.95	-55.41524042215291
357.0	-55.395097955463456
357.04999999999995	-55.374439771280564
357.09999999999997	-55.353306628185706
357.15000000000003	-55.33179812243438
357.20000000000005	-55.30997853759547
357.25	-55.28785389143998
357.3	-55.265390489022955
357.35	-55.242641910716884
357.4	-55.219680760355274
357.45	-55.19662444882077
357.5	-55.173601391621574
357.54999999999995	-55.150704514872544
357.59999999999997	-55.12797769455905
357.65000000000003	-55.10540047379514
357.70000000000005	-55.08294856906842
357.75	-55.060707478084126
357.8	-55.038774354052535
357.85	-55.01716813997571
357.9	-54.99598293271433
357.95	-54.975378726909796
358.0	-54.9554678990107
358.04999999999995	-54.93623772080369
358.09999999999997	-54.91765633569367
358.15000000000003	-54.89978567062227
358.20000000000005	-54.88268029141308
358.25	-54.86632446310561
358.3	-54.850708328564444
358.35	-54.83582162917567
358.4	-54.821659531821055
358.45	-54.80819737497195
358.5	-54.7953561204924
358.54999999999995	-54.783078201977744
358.59999999999997	-54.7712938633849
358.65000000000003	-54.75992477541672
358.70000000000005	-54.74882694077136
358.75	-54.73784882944564
358.8	-54.72689476165212
358.85	-54.71589914240415
358.9	-54.70483423357784
358.95	-54.69366849015225
359.0	-54.68234493173497
359.04999999999995	-54.67074604948432
359.09999999999997	-54.65882278906859
359.15000000000003	-54.64656229271654
359.20000000000005	-54.63399470731433
359.25	-54.62110223555004
359.3	-54.60788556041202
359.35	-54.59442701041111
359.4	-54.58086915208112
359.45	-54.56737292738815
359.5	-54.55404839126905
359.54999999999995	-54.5409350694806
359.59999999999997	-54.52810528137772
359.65000000000003	-54.51568534665182
359.70000000000005	-54.50382595010882
359.75	-54.4926266848593
359.8	-54.48210645447174
359.85	-54.472336863283665
359.9	-54.46330662683387
359.95	-54.455099425317805
360.0	-54.44760105409554
360.04999999999995	-54.441024258083246
360.09999999999997	-54.43497038198346
360.15000000000003	-54.42992112412735
360.20000000000005	-54.42513506213098
360.25	-54.421332596057084
360.3	-54.41761430504795
360.35	-54.4147827168349
360.4	-54.41177471061394
360.45	-54.409474735124434
360.5	-54.40680879826327
360.54999999999995	-54.40464946783615
360.59999999999997	-54.401941042066355
360.65000000000003	-54.39966777155807
360.70000000000005	-54.39668978315227
360.75	-54.39402671409242
360.8	-54.39059658973193
360.85	-54.387541266701746
360.9	-54.383746053551235
360.95	-54.38043924381739
361.0	-54.37617204819537
361.04999999999995	-54.37216546585742
361.09999999999997	-54.367056958984506
361.15000000000003	-54.36211998868781
361.20000000000005	-54.35621323873531
361.25	-54.35041007780521
361.3	-54.34380474651708
361.35	-54.33720311796404
361.4	-54.33012191966076
361.45	-54.323044334408564
361.5	-54.31564973382433
361.54999999999995	-54.30819230384433
361.59999999999997	-54.30060152105291
361.65000000000003	-54.29304947877024
361.70000000000005	-54.28559271081747
361.75	-54.27829537593814
361.8	-54.2712508144527
361.85	-54.264571137602914
361.9	-54.258368024451634
361.95	-54.25265200218378
362.0	-54.24752814117974
362.04999999999995	-54.242817010715946
362.09999999999997	-54.23877562144877
362.15000000000003	-54.2349714434789
362.20000000000005	-54.23182418192123
362.25	-54.228732944017096
362.3	-54.22608718259315
362.35	-54.223229669321
362.4	-54.22038815856352
362.45	-54.21716135481076
362.5	-54.213497624423646
362.55	-54.209327585713645
362.59999999999997	-54.20434430919687
362.65	-54.19869430476569
362.70000000000005	-54.19189793917461
362.75	-54.184175723963065
362.8	-54.17511926826815
362.85	-54.16492522685185
362.9	-54.15320103821148
362.95	-54.14000333616473
363.0	-54.1251677335258
363.05	-54.108679941050944
363.09999999999997	-54.09049948364479
363.15	-54.070701187835496
363.20000000000005	-54.049462549985876
363.25	-54.02692991602553
363.3	-54.003154645947475
363.35	-53.97816163944309
363.4	-53.95202359710704
363.45	-53.92482454413725
363.5	-53.89678439513807
363.55	-53.86812617622604
363.59999999999997	-53.838986898261794
363.65	-53.80951040677739
363.70000000000005	-53.77983975371807
363.75	-53.75004250240707
363.8	-53.72003891786301
363.85	-53.68981249231015
363.9	-53.65951350432002
363.95	-53.62936583155064
364.0	-53.599546621244585
364.05	-53.570087263611725
364.09999999999997	-53.540839286672856
364.15	-53.51177630815158
364.20000000000005	-53.483005248093306
364.25	-53.45464697559812
364.3	-53.42675788029247
364.35	-53.3993209448423
364.4	-53.37231706166014
364.45	-53.34568433009669
364.5	-53.31929601805633
364.55	-53.29303818312357
364.59999999999997	-53.266670892055814
364.65	-53.23987007519143
364.70000000000005	-53.21233348872096
364.75	-53.18363447644953
364.8	-53.15327841526282
364.85	-53.12082646047376
364.9	-53.08592783904668
364.95	-53.04843269193019
365.0	-53.008253324284496
365.05	-52.965159316924726
365.09999999999997	-52.91876650837088
365.15	-52.86865439742722
365.20000000000005	-52.8146492945302
365.25	-52.756510154835055
365.3	-52.693725742396424
365.35	-52.62582895014111
365.4	-52.552466010324906
365.45	-52.47342478503391
365.5	-52.38824113720332
365.55	-52.296287826514444
365.59999999999997	-52.19722524145703
365.65	-52.09093679878694
365.70000000000005	-51.97704946310987
365.75	-51.85529500265264
365.8	-51.72600070722443
365.85	-51.58971526939476
365.9	-51.44554290176991
365.95	-51.29182121554276
366.0	-51.12726404973475
366.05	-50.9514186673066
366.09999999999997	-50.76567475132097
366.15	-50.57097055118088
366.20000000000005	-50.367258424395516
366.25	-50.15671813627931
366.3	-49.94062494102852
366.35	-49.71738062012846
366.4	-49.48501423026822
366.45	-49.242217371214466
366.5	-48.989293499126184
366.55	-48.725083396072705
366.59999999999997	-48.44763502319357
366.65	-48.15606068493671
366.70000000000005	-47.85090871111089
366.75	-47.5327832414925
366.8	-47.196038661193825
366.85	-46.831560551713636
366.9	-46.44124222551217
366.95	-46.0345614956949
367.0	-45.61329197345019
367.05	-45.17377016246691
367.09999999999997	-44.70869104005272
367.15	-44.21659875339607
367.20000000000005	-43.69729906086593
367.25	-43.14647092255715
367.3	-42.560057111160084
367.35	-41.94280220571907
367.4	-41.29729858525464
367.45	-40.62320629983693
367.5	-39.92056709244305
367.55	-39.16852636474868
367.59999999999997	-38.2862383127585
367.65	-37.273778130154
367.70000000000005	-36.255993923922894
367.75	-35.223216287215386
367.8	-34.14288613572372
367.85	-32.99070573971444
367.9	-31.72027328430107
367.95	-30.373728265625715
368.0	-29.01912549661867
368.05	-27.612144462422343
368.09999999999997	-26.1229304393984
368.15	-24.54007748109221
368.20000000000005	-22.96579215918169
368.25	-21.465210088781895
368.3	-19.97682537022127
368.35	-18.46058412851106
368.4	-16.93814254533377
368.45	-15.502283553313301
368.5	-14.170263472866615
368.55	-12.880185583887268
368.59999999999997	-11.632753219653326
368.65	-10.444517670822702
368.70000000000005	-9.30168052061147
368.75	-8.259304151582278
368.8	-7.289081940859889
368.85	-6.385053794898534
368.9	-5.559981753086516
368.95	-4.784043182197358
369.0	-4.0512544079223485
369.05	-3.3816319746346335
369.09999999999997	-2.779141542966628
369.15	-2.236660991036275
369.2	-1.7413471885579694
369.25	-1.2803038049569673
369.3	-0.8466588868878342
369.35	-0.4301886239120223
369.40000000000003	-0.025082330103150252
369.45	0.3656517874341467
369.5	0.7359826928445814
369.55	1.0911109356363573
369.59999999999997	1.4392326160011841
369.65	1.777104649332127
369.7	2.0984960756351474
369.75	2.402179812520103
369.8	2.6890513437594272
369.85	2.961332244317034
369.90000000000003	3.219095969378131
369.95	3.4621870700164403
370.0	3.6919010586599175
370.05	3.9098734651096057
370.09999999999997	4.119040733618546
370.15	4.321348356583901
370.2	4.518037292952999
370.25	4.709754958826472
370.3	4.895838868753587
370.35	5.076967093564834
370.40000000000003	5.254303170079054
370.45	5.4280682028904526
370.5	5.598598656425883
370.55	5.764927879338712
370.59999999999997	5.926436477688249
370.65	6.082546670085614
370.7	6.231810760126585
370.75	6.373379793810876
370.8	6.50721134065547
370.85	6.634022834580433
370.90000000000003	6.7552897565288745
370.95	6.8716825241690795
371.0	6.982733615573624
371.05	7.087957119156514
371.09999999999997	7.187444438991885
371.15	7.281908725754903
371.2	7.372138867417222
371.25	7.459252339407189
371.3	7.544051541756347
371.35	7.626437533849971
371.40000000000003	7.706140940534468
371.45	7.783105653772308
371.5	7.857151846877514
371.55	7.927983995800894
371.59999999999997	7.995540356134989
371.65	8.060140759111725
371.7	8.121956817833162
371.75	8.180852310231888
371.8	8.237085723872624
371.85	8.2911037011417
371.90000000000003	8.343263367449737
371.95	8.393626636977205
372.0	8.441956189302157
372.05	8.488229835662896
372.09999999999997	8.532830478003266
372.15	8.575969401255145
372.2	8.617608761732626
372.25	8.657640302876379
372.3	8.696025163317842
372.35	8.732726073602532
372.40000000000003	8.767685395485081
372.45	8.800816598163152
372.5	8.831960764485757
372.55	8.861063336161198
372.59999999999997	8.888142766780053
372.65	8.913066101908608
372.7	8.935661021780861
372.75	8.955842645587541
372.8	8.973480102105057
372.85	8.988478858576226
372.90000000000003	9.000790896129732
372.95	9.010420914134922
373.0	9.017339820918227
373.05	9.021594691917464
373.09999999999997	9.023133800167962
373.15	9.022124971485027
373.2	9.018458014182734
373.25	9.01222889091715
373.3	9.00333942205345
373.35	8.991871818559298
373.40000000000003	8.977837462706638
373.45	8.961259506236619
373.5	8.942173190428658
373.55	8.920675297649442
373.59999999999997	8.896972248212073
373.65	8.87129594975983
373.7	8.8437876112541
373.75	8.81465426140937
373.8	8.78437537000912
373.85	8.753567246450892
373.90000000000003	8.72263455408195
373.95	8.691638583725034
374.0	8.660686976348657
374.05	8.630059049936644
374.09999999999997	8.599954556443352
374.15	8.570542402821385
374.2	8.541893737968232
374.25	8.514147620638639
374.3	8.48747028404549
374.35	8.461883110281214
374.40000000000003	8.4373149978243
374.45	8.413706042538367
374.5	8.391070153339388
374.55	8.369535424296203
374.59999999999997	8.349225491716565
374.65	8.330248370347382
374.7	8.312587320625518
374.75	8.296074026637012
374.8	8.280559595763634
374.85	8.265998333384658
374.90000000000003	8.252323395971866
374.95	8.239459541995963
375.0	8.227266237974508
375.05	8.215626253655344
375.09999999999997	8.204299804964315
375.15	8.193180969641736
375.2	8.182061642170922
375.25	8.170870387181536
375.3	8.159359611935429
375.35	8.147369874113416
375.40000000000003	8.134609445646888
375.45	8.120934037874303
375.5	8.1062312776468
375.55	8.090454028812015
375.59999999999997	8.07357628680746
375.65	8.05551631376986
375.7	8.036143009682764
375.75	8.015392184083975
375.8	7.993292635161011
375.85	7.969895460202256
375.90000000000003	7.945137537648737
375.95	7.9189202205535985
376.0	7.8911482944490405
376.05	7.861769146979825
376.09999999999997	7.830875367645273
376.15	7.798629157197452
376.2	7.765180680670376
376.25	7.730731508614128
376.3	7.695465386828637
376.35	7.659668602993607
376.40000000000003	7.623824985611914
376.45	7.588254441010404
376.5	7.553072807020545
376.55	7.518248426897253
376.59999999999997	7.483827617039848
376.65	7.449960363001496
376.7	7.416606580074214
376.75	7.383616730377581
376.8	7.350887279979316
376.85	7.318285797895156
376.90000000000003	7.285647151277338
376.95	7.252710409938101
377.0	7.219094094835554
377.05	7.184394507170515
377.09999999999997	7.148349011579278
377.15	7.110708433036675
377.2	7.070917938517692
377.25	7.028633853741374
377.3	6.983881557895012
377.35	6.936722589574913
377.40000000000003	6.8872221180579665
377.45	6.835385258189291
377.5	6.781192300697459
377.55	6.724746789688654
377.59999999999997	6.665899354100704
377.65	6.60448583547516
377.7	6.54042372319634
377.75	6.473602737056349
377.8	6.403996502685039
377.85	6.331638298142183
377.90000000000003	6.2568381025507955
377.95	6.179524300058794
378.0	6.098849013897508
378.05	6.013762792442536
378.09999999999997	5.924180924918257
378.15	5.831522433817634
378.2	5.737244937245057
378.25	5.641820352451203
378.3	5.545820575663555
378.35	5.4497859528547465
378.40000000000003	5.354038081556693
378.45	5.259221604041761
378.5	5.165765481064362
378.55	5.073745573411681
378.59999999999997	4.983231374199773
378.65	4.894277112320422
378.7	4.807516286356993
378.75	4.7241409344869005
378.8	4.644643288320447
378.85	4.568781217678322
378.90000000000003	4.496243729961493
378.95	4.427159268330474
379.0	4.361648783364981
379.05	4.299542964529662
379.09999999999997	4.240726680068026
379.15	4.18547675591587
379.2	4.134130050044767
379.25	4.0867460514900875
379.3	4.043031791641483
379.35	4.002653680779665
379.40000000000003	3.9653764702390832
379.45	3.9308001392699223
379.5	3.89857982709784
379.55	3.8685305658104934
379.59999999999997	3.84037744871093
379.65	3.813939711985013
379.7	3.788586822743373
379.75	3.7640525985763222
379.8	3.7395489898258543
379.85	3.7149544642943906
379.90000000000003	3.689797205677094
379.95	3.6638525171842864
380.0	3.6368706982968977
380.05	3.608752996607694
380.09999999999997	3.5794779882944985
380.15	3.548988750490306
380.2	3.5171196177368262
380.25	3.4836407783780388
380.3	3.4483491139875024
380.35	3.411176255442404
380.40000000000003	3.3723567469106044
380.45	3.332057581653012
380.5	3.290225166272172
380.55	3.246776776085155
380.59999999999997	3.2015694721094805
380.65	3.1546444932660354
380.7	3.1061105781589093
380.75	3.0559727403937016
380.8	3.004334781941043
380.85	2.95134236952718
380.90000000000003	2.8969255983329196
380.95	2.8409413727252733
381.0	2.7831246758155856
381.05	2.7233667367902124
381.1	2.661873315605253
381.15	2.5988554419079977
381.2	2.5342624734341546
381.25	2.4678716320676513
381.29999999999995	2.399880552286306
381.35	2.3304289483559892
381.40000000000003	2.25914682522646
381.45	2.185841225150913
381.5	2.1109291499969
381.55	2.0353330078980094
381.6	1.960181176209994
381.65	1.8860849734689529
381.7	1.8128940391598212
381.75	1.7398287484002313
381.79999999999995	1.6661880487032779
381.85	1.5917421589267198
381.90000000000003	1.5168232517535745
381.95	1.4419644227802975
382.0	1.3672672176628824
382.05	1.2923138306706683
382.1	1.2168840372947722
382.15	1.1408541346027237
382.2	1.063892153770043
382.25	0.9854854547331411
382.29999999999995	0.9051980770948956
382.35	0.8235925435853144
382.40000000000003	0.7410614207849431
382.45	0.6568871185462137
382.5	0.5705210824843505
382.55	0.4820883266510071
382.6	0.3916711858894353
382.65	0.2993257402634976
382.7	0.20491306145181076
382.75	0.10854122918316231
382.79999999999995	0.010675470370452115
382.85	-0.08794002930665851
382.90000000000003	-0.18613354898879064
382.95	-0.28345570020978683
383.0	-0.37981612254998814
383.05	-0.4751711546433329
383.1	-0.5696320743815372
383.15	-0.6627968795195455
383.2	-0.7539971094325115
383.25	-0.8429190433227662
383.29999999999995	-0.9294318119297995
383.35	-1.0135556417465807
383.40000000000003	-1.0951831401131509
383.45	-1.1744550077531044
383.5	-1.2519090405040032
383.55	-1.3281954663120732
383.6	-1.4035353985452854
383.65	-1.4775278220085863
383.7	-1.550158210434676
383.75	-1.621922120895017
383.79999999999995	-1.6930750530690895
383.85	-1.7636642305825185
383.90000000000003	-1.8338859454018868
383.95	-1.9037867524394936
384.0	-1.9735098450679815
384.05	-2.0431221870244367
384.1	-2.1123476015722353
384.15	-2.181232864514982
384.2	-2.250143936277804
384.25	-2.3193486570362527
384.29999999999995	-2.3890093625904703
384.35	-2.4592732075072252
384.40000000000003	-2.5306779485057156
384.45	-2.6039211487135914
384.5	-2.6792950553946704
384.55	-2.756660271106865
384.6	-2.8358223666484657
384.65	-2.9166822391079252
384.7	-2.9987110735352664
384.75	-3.0815829007087236
384.79999999999995	-3.165192377549869
384.85	-3.249151063391384
384.90000000000003	-3.3331308715401997
384.95	-3.4174435667907543
385.0	-3.50242047819014
385.05	-3.5881720331549465
385.1	-3.6742718932752956
385.15	-3.760496175759715
385.2	-3.8470274739853947
385.25	-3.934187178093082
385.29999999999995	-4.022342426459435
385.35	-4.111180086000099
385.40000000000003	-4.199918504765691
385.45	-4.288374943428725
385.5	-4.3768244478240454
385.55	-4.4654896890224585
385.6	-4.554503064183359
385.65	-4.643142276826078
385.7	-4.730318245877143
385.75	-4.815275886740426
385.79999999999995	-4.897547562384241
385.85	-4.976639741177546
385.90000000000003	-5.052012874334288
385.95	-5.1233603402857835
386.0	-5.190544168640004
386.05	-5.253553199277785
386.1	-5.3123497677503675
386.15	-5.366703484037373
386.2	-5.416478442467438
386.25	-5.461807622387104
386.29999999999995	-5.502900288961348
386.35	-5.540171519150084
386.40000000000003	-5.57413233381598
386.45	-5.605276848141932
386.5	-5.634017974838606
386.55	-5.661516363434312
386.6	-5.687748566115914
386.65	-5.713697972134991
386.7	-5.739107117047861
386.75	-5.764921855781305
386.79999999999995	-5.7911977524144875
386.85	-5.818459008140042
386.90000000000003	-5.846841673586293
386.95	-5.876719730714931
387.0	-5.908520162713112
387.05	-5.942580815403891
387.1	-5.978998486154487
387.15	-6.017869446623037
387.2	-6.059392871487713
387.25	-6.10376087021936
387.29999999999995	-6.150890068568767
387.35	-6.200290825926269
387.40000000000003	-6.251328109469232
387.45	-6.303229787328657
387.5	-6.355223347991539
387.55	-6.406813385271363
387.6	-6.457732699067008
387.65	-6.507856692820226
387.7	-6.556926320474002
387.75	-6.604680720925952
387.79999999999995	-6.651047375948339
387.84999999999997	-6.69609324800903
387.90000000000003	-6.739922186325731
387.95000000000005	-6.782467563488221
388.0	-6.823266790158433
388.05	-6.862008316389961
388.1	-6.8985647670775005
388.15	-6.932809911295853
388.2	-6.964845532922001
388.25	-6.994902681615069
388.29999999999995	-7.023125573631779
388.34999999999997	-7.049610851852805
388.40000000000003	-7.074560303615293
388.45000000000005	-7.098324133158664
388.5	-7.121130360601891
388.55	-7.143234305449858
388.6	-7.164926501408004
388.65	-7.186520713781771
388.7	-7.2081655070285455
388.75	-7.230114147768166
388.79999999999995	-7.252565895659016
388.84999999999997	-7.275849515993636
388.90000000000003	-7.300270511196162
388.95000000000005	-7.326145536658236
389.0	-7.353707796971292
389.05	-7.383132539297021
389.1	-7.4145531806031855
389.15	-7.448020917267781
389.2	-7.483464464016445
389.25	-7.520874593678088
389.29999999999995	-7.560399456954162
389.34999999999997	-7.6021656243795634
389.40000000000003	-7.645839147290985
389.45000000000005	-7.690898718160689
389.5	-7.737192286043614
389.55	-7.784772189301253
389.6	-7.833567349412592
389.65	-7.883412187722995
389.7	-7.9341812889055205
389.75	-7.986125089522147
389.79999999999995	-8.039543731013403
389.84999999999997	-8.094547726847145
389.90000000000003	-8.151045986154415
389.95000000000005	-8.208721003402015
390.0	-8.267367444031438
390.05	-8.326752232784257
390.1	-8.386449184102435
390.15	-8.446188885001511
390.2	-8.505835877317416
390.25	-8.565370406971567
390.29999999999995	-8.624883795199839
390.34999999999997	-8.684281868046252
390.40000000000003	-8.743379258722346
390.45000000000005	-8.80214810448639
390.5	-8.860948401839666
390.55	-8.920300681910911
390.6	-8.98042467083287
390.65	-9.041114555126283
390.7	-9.102243063753495
390.75	-9.164007844564608
390.79999999999995	-9.226773627834014
390.84999999999997	-9.290427082696308
390.90000000000003	-9.354741979632617
390.95000000000005	-9.420016811820007
391.0	-9.486749434157797
391.05	-9.555202227802697
391.1	-9.62504441468807
391.15	-9.695870298583968
391.2	-9.767660198494555
391.25	-9.840571786222498
391.29999999999995	-9.914582286688999
391.34999999999997	-9.989569966545876
391.40000000000003	-10.06531450108227
391.45000000000005	-10.141823178937658
391.5	-10.219066357312933
391.55	-10.297108957410565
391.6	-10.376360396036823
391.65	-10.45702911382654
391.7	-10.539130135741807
391.75	-10.623021718748674
391.79999999999995	-10.709221455650699
391.84999999999997	-10.797561025244047
391.90000000000003	-10.88675882064068
391.95000000000005	-10.975467988967903
392.0	-11.063240925346687
392.05	-11.149846034536017
392.1	-11.235301899787192
392.15	-11.319179973025712
392.2	-11.400691937920602
392.25	-11.479754850194144
392.29999999999995	-11.556677082711138
392.34999999999997	-11.631601990667846
392.40000000000003	-11.70438827532381
392.45000000000005	-11.774595642016196
392.5	-11.841926674719033
392.55	-11.906368366576006
392.6	-11.968079000850835
392.65	-12.027360725584373
392.7	-12.084288931223604
392.75	-12.139009968572545
392.79999999999995	-12.191605897620487
392.84999999999997	-12.24209521333007
392.90000000000003	-12.290766478127601
392.95000000000005	-12.338025443452176
393.0	-12.384086977719413
393.05	-12.42904353916877
393.1	-12.472988465233783
393.15	-12.516113019458583
393.2	-12.558578398825105
393.25	-12.600589700331199
393.29999999999995	-12.642697617640351
393.34999999999997	-12.685449388436156
393.40000000000003	-12.729114684097226
393.45000000000005	-12.773734588106262
393.5	-12.819409018748072
393.55	-12.866267611277701
393.6	-12.91427583552801
393.65	-12.963305244244195
393.7	-13.013306188669734
393.75	-13.064093991527495
393.8	-13.115542757708127
393.84999999999997	-13.167905757053497
393.9	-13.221613026068624
393.95000000000005	-13.27683505470258
394.0	-13.333409924202407
394.05	-13.391172617021994
394.1	-13.449953315419439
394.15	-13.509512068248526
394.2	-13.569663179216128
394.25	-13.630697807876796
394.3	-13.69305251663409
394.34999999999997	-13.756898629416948
394.4	-13.822196870570107
394.45000000000005	-13.888864010715098
394.5	-13.956822584287565
394.55	-14.026278078865882
394.6	-14.097478006524351
394.65	-14.170209451716074
394.7	-14.244339697252048
394.75	-14.319775040641858
394.8	-14.396029494983843
394.84999999999997	-14.47266128676748
394.9	-14.549400538165095
394.95000000000005	-14.62606916259012
395.0	-14.702942026635597
395.05	-14.779927127094922
395.1	-14.856795237306812
395.15	-14.933603316749627
395.2	-15.010645964839075
395.25	-15.088607794937783
395.3	-15.16833534032246
395.34999999999997	-15.250572493692612
395.4	-15.33557014337855
395.45000000000005	-15.423142176647893
395.5	-15.513099383700833
395.55	-15.604882750127384
395.6	-15.69772994460103
395.65	-15.790929492718105
395.7	-15.88377810307076
395.75	-15.97580937572036
395.8	-16.06651416619854
395.84999999999997	-16.156015355887803
395.9	-16.24481469812428
395.95000000000005	-16.332424744410773
396.0	-16.41741856144035
396.05	-16.49864230986371
396.1	-16.57602991466493
396.15	-16.65033018634471
396.2	-16.721998149943502
396.25	-16.791334043472666
396.3	-16.85892736849008
396.34999999999997	-16.92534733684731
396.4	-16.99097171086889
396.45000000000005	-17.055875486992193
396.5	-17.120219710992373
396.55	-17.184214790249428
396.6	-17.24796438538624
396.65	-17.311508284316915
396.7	-17.37453560215791
396.75	-17.436645276195005
396.8	-17.497906751782438
396.84999999999997	-17.558453044459164
396.9	-17.61799428434056
396.95000000000005	-17.676157138483404
397.0	-17.732731506388312
397.05	-17.78764668624421
397.1	-17.840888479957144
397.15	-17.892255315095838
397.2	-17.941778717810227
397.25	-17.989707279940443
397.3	-18.036280523889488
397.34999999999997	-18.081856424629308
397.4	-18.126527318510064
397.45000000000005	-18.170256550862824
397.5	-18.212929579364136
397.55	-18.25438777796941
397.6	-18.29469747970152
397.65	-18.333960019341717
397.7	-18.37223961025626
397.75	-18.409764547350367
397.8	-18.446888640023502
397.84999999999997	-18.484132473653474
397.9	-18.52193836249433
397.95000000000005	-18.560535414788177
398.0	-18.60009580953005
398.05	-18.640853363184284
398.1	-18.683103127318688
398.15	-18.72697943922528
398.2	-18.772678924243934
398.25	-18.82044515669515
398.3	-18.870393035004454
398.34999999999997	-18.922694687636003
398.4	-18.977318847259113
398.45000000000005	-19.0340643022975
398.5	-19.093040400958103
398.55	-19.154463119992794
398.6	-19.218596110906148
398.65	-19.285737047447896
398.7	-19.355562588862895
398.75	-19.427477211543433
398.8	-19.50078048421814
398.84999999999997	-19.575040714127695
398.9	-19.650297710035705
398.95000000000005	-19.72658021071116
399.0	-19.80395979659344
399.05	-19.88274218599583
399.1	-19.963114267775893
399.15	-20.045107544499942
399.2	-20.12846626271985
399.25	-20.212808420811932
399.3	-20.297701827600903
399.34999999999997	-20.38266311439901
399.4	-20.46779312570857
399.45000000000005	-20.55262596747267
399.5	-20.63643442851009
399.55	-20.719338161693265
399.6	-20.801996606909523
399.65	-20.88467312067889
399.7	-20.96720674188257
399.75	-21.049270767749434
399.8	-21.131161259014274
399.84999999999997	-21.213255010703573
399.9	-21.29532919016434
399.95000000000005	-21.37711005941832
400.0	-21.458903158170138
400.05	-21.541546076245858
400.1	-21.625154941811978
400.15	-21.709324657607343
400.2	-21.793993542916475
400.25	-21.87917295438905
400.3	-21.964486516278143
400.34999999999997	-22.04965086679921
400.4	-22.134531834978382
400.45	-22.219425385324104
400.5	-22.304655204063458
400.55	-22.390442172306535
400.6	-22.477238669420668
400.65000000000003	-22.56548543393418
400.7	-22.655393352659686
400.75	-22.747212356787415
400.8	-22.84163587384631
400.84999999999997	-22.939240420122978
400.9	-23.03987087981963
400.95	-23.142389904658373
401.0	-23.24535861359534
401.05	-23.348185086155098
401.1	-23.450739914629693
401.15000000000003	-23.55258162575209
401.2	-23.65349846111956
401.25	-23.753747366275732
401.3	-23.85341527031918
401.34999999999997	-23.952374363414414
401.4	-24.050253974621768
401.45	-24.146441623427734
401.5	-24.24076169397337
401.55	-24.33348305892443
401.6	-24.424756696559967
401.65000000000003	-24.514558603139964
401.7	-24.60244783361139
401.75	-24.688253773731365
401.8	-24.7719109658409
401.84999999999997	-24.853192316684847
401.9	-24.9321169052517
401.95	-25.008836594237778
402.0	-25.083432086005946
402.05	-25.155899750852974
402.1	-25.226252757862376
402.15000000000003	-25.29459298536566
402.2	-25.360864425343557
402.25	-25.425178680123594
402.3	-25.488221109271528
402.34999999999997	-25.550711862175955
402.4	-25.613202172567952
402.45	-25.675681515327177
402.5	-25.738049051992416
402.55	-25.800739059978625
402.6	-25.86435831985645
402.65000000000003	-25.929187028179452
402.7	-25.99514106901556
402.75	-26.06231496723209
402.8	-26.131045298801546
402.84999999999997	-26.201531907949494
402.9	-26.273806022630417
402.95	-26.347778039245135
403.0	-26.423245059655205
403.05	-26.50042443429769
403.1	-26.5793233210776
403.15000000000003	-26.659439703930566
403.2	-26.740330626669664
403.25	-26.821735750780853
403.3	-26.903705606880393
403.34999999999997	-26.986067106375295
403.4	-27.068447915913495
403.45	-27.151341121457275
403.5	-27.23511104596767
403.55	-27.319457393160782
403.6	-27.40460910239844
403.65000000000003	-27.491065113131963
403.7	-27.57878078361705
403.75	-27.667201449996533
403.8	-27.755856555176827
403.84999999999997	-27.844653912875543
403.9	-27.933519406035167
403.95	-28.022341607832878
404.0	-28.111377614403686
404.05	-28.20077582855712
404.1	-28.290372171751827
404.15000000000003	-28.37996122221513
404.2	-28.46982867252227
404.25	-28.56051283125928
404.3	-28.652121279623195
404.34999999999997	-28.744857022028512
404.4	-28.838625025638613
404.45	-28.932985654818562
404.5	-29.02741965858442
404.55	-29.12152651347032
404.6	-29.215470484461612
404.65000000000003	-29.309435771709133
404.7	-29.40326194881346
404.75	-29.496893509025938
404.8	-29.590428174206078
404.84999999999997	-29.68386830698498
404.9	-29.77728835686053
404.95	-29.870625516141878
405.0	-29.964177319033375
405.05	-30.058544047458266
405.1	-30.154068860406877
405.15000000000003	-30.25085123472039
405.2	-30.348693996224156
405.25	-30.4476410290042
405.3	-30.5481772096683
405.34999999999997	-30.650422674545226
405.4	-30.75429056447556
405.45	-30.859027945954054
405.5	-30.963301105305398
405.55	-31.066249696668592
405.6	-31.167223761853535
405.65000000000003	-31.266165646869375
405.7	-31.36313627798964
405.75	-31.457902396307436
405.8	-31.550615745916964
405.84999999999997	-31.641919436169037
405.9	-31.732746114419765
405.95	-31.82389484048953
406.0	-31.915215603533575
406.05	-32.00645913127654
406.1	-32.09770491141101
406.15000000000003	-32.1893439757983
406.2	-32.28187272193369
406.25	-32.37529498342485
406.3	-32.46921114187947
406.34999999999997	-32.562580260432334
406.4	-32.6545422675532
406.45	-32.74485371801376
406.5	-32.83334924381468
406.55	-32.92009885146091
406.6	-33.005703433588565
406.65000000000003	-33.09067216621496
406.7	-33.175280624024396
406.75	-33.25920948895863
406.8	-33.34227669198009
406.84999999999997	-33.425328156174416
406.9	-33.50956970775934
406.95	-33.595541931062556
407.0	-33.68299409512562
407.05	-33.77158252072171
407.1	-33.8612567850077
407.15000000000003	-33.95179909231551
407.2	-34.04265026338107
407.25	-34.13346648076211
407.3	-34.224093418356624
407.34999999999997	-34.31443843574449
407.4	-34.40420825931048
407.45	-34.493408402469356
407.5	-34.58241592111501
407.55	-34.67166071944271
407.6	-34.76145702332706
407.65000000000003	-34.851923473491524
407.7	-34.94255972938545
407.75	-35.03315148748452
407.8	-35.12381098464243
407.84999999999997	-35.21470531068012
407.9	-35.306205109552344
407.95	-35.3985892409455
408.0	-35.49156278483875
408.05	-35.58401199475183
408.1	-35.67519716966237
408.15000000000003	-35.76555023801647
408.2	-35.85576236937223
408.25	-35.94579646455235
408.3	-36.035550688717194
408.34999999999997	-36.12506047056273
408.4	-36.214424218321355
408.45	-36.303256101439864
408.5	-36.39124333170339
408.55	-36.47912981021679
408.6	-36.567894084210494
408.65000000000003	-36.65786495153999
408.7	-36.74875860015984
408.75	-36.8398453859228
408.8	-36.930851627119196
408.84999999999997	-37.02178935361424
408.9	-37.11289641515088
408.95	-37.204887632948385
409.0	-37.298043327024644
409.05	-37.39254167545078
409.1	-37.48821446130494
409.15000000000003	-37.58462662841238
409.2	-37.681712771048524
409.25	-37.77947986133859
409.3	-37.877945388729884
409.34999999999997	-37.97707192041442
409.4	-38.077164192648624
409.45	-38.17901442104662
409.5	-38.28285020700828
409.55	-38.38829617861754
409.6	-38.49542228837718
409.65000000000003	-38.60484089599022
409.7	-38.717321519362734
409.75	-38.83291913067649
409.8	-38.95064720248354
409.84999999999997	-39.06990796632044
409.9	-39.190931245161195
409.95	-39.313387320112206
410.0	-39.435583432155966
410.05	-39.55580173710817
410.1	-39.673650567770096
410.15000000000003	-39.78928067117235
410.2	-39.902995870899026
410.25	-40.0152133674895
410.3	-40.125994612822
410.34999999999997	-40.23579914351344
410.4	-40.34458093886499
410.45	-40.45116241682882
410.5	-40.55444252857741
410.55	-40.65440706026011
410.6	-40.75155521203692
410.65000000000003	-40.84631462652502
410.7	-40.93882948411104
410.75	-41.02926076855277
410.8	-41.11773178898337
410.84999999999997	-41.20457763020836
410.9	-41.29072308063504
410.95	-41.37673821531625
411.0	-41.462304877103215
411.05	-41.54699175271577
411.1	-41.63081613935738
411.15000000000003	-41.71387128234541
411.2	-41.79615083341369
411.25	-41.87789190573987
411.3	-41.95955323777968
411.34999999999997	-42.04160717889378
411.4	-42.124715427245306
411.45	-42.20921208725189
411.5	-42.294609779816575
411.55	-42.38047272510601
411.6	-42.46680703581983
411.65000000000003	-42.55344701649081
411.7	-42.64004221811598
411.75	-42.72632621724753
411.8	-42.812765050267544
411.84999999999997	-42.89968948597877
411.9	-42.986582062077076
411.95	-43.07308163183036
412.0	-43.15906377804588
412.05	-43.24420469624136
412.1	-43.32775224781196
412.15000000000003	-43.40902186137252
412.2	-43.487919414639485
412.25	-43.56456959324393
412.3	-43.63899352894413
412.35	-43.711098881045174
412.4	-43.78062308043972
412.45	-43.84737464527262
412.5	-43.91113999334594
412.54999999999995	-43.97191384136005
412.6	-44.02983046911511
412.65000000000003	-44.08488294534338
412.7	-44.13739128532224
412.75	-44.18779913839846
412.8	-44.236602262697154
412.85	-44.2843086244051
412.9	-44.33116561599982
412.95	-44.37738209744842
413.0	-44.423286168503296
413.04999999999995	-44.46941296651431
413.1	-44.51648665464387
413.15000000000003	-44.564832355778535
413.2	-44.6143561457845
413.25	-44.665225725530014
413.3	-44.717797319564895
413.35	-44.77230676818618
413.4	-44.82876157611738
413.45	-44.88733466346001
413.5	-44.94838656159526
413.54999999999995	-45.01205293413291
413.6	-45.07819987996933
413.65000000000003	-45.14661553313066
413.7	-45.217080564272116
413.75	-45.28928923998106
413.8	-45.362911091876086
413.85	-45.4380874655779
413.9	-45.5153372599797
413.95	-45.59507387558898
414.0	-45.67730317331788
414.04999999999995	-45.761740672597064
414.1	-45.847891642769696
414.15000000000003	-45.935146909710475
414.2	-46.023035642421576
414.25	-46.11146394097031
414.3	-46.200667184186116
414.35	-46.2910446495426
414.4	-46.38288145519688
414.45	-46.47572026451782
414.5	-46.568575084594386
414.54999999999995	-46.6606670089423
414.6	-46.7513773696632
414.65000000000003	-46.84035313224148
414.7	-46.927513044076825
414.75	-47.01268796197749
414.8	-47.09603979038795
414.85	-47.177674411216415
414.9	-47.25758517170946
414.95	-47.33608930565569
415.0	-47.41331003239796
415.04999999999995	-47.48894943339869
415.1	-47.56272281155003
415.15000000000003	-47.63458096955202
415.2	-47.70460773148652
415.25	-47.77281040026561
415.3	-47.83912317036395
415.35	-47.903812116760534
415.4	-47.967015975758194
415.45	-48.02870683906451
415.5	-48.08865708843047
415.54999999999995	-48.146560181977975
415.6	-48.202501382186924
415.65000000000003	-48.25689089450041
415.7	-48.30994589461719
415.75	-48.36155964386441
415.8	-48.4117869689418
415.85	-48.46115960234526
415.9	-48.50994666672789
415.95	-48.55816404309464
416.0	-48.606194729819805
416.04999999999995	-48.65458290983301
416.1	-48.70367367527805
416.15000000000003	-48.753415827226405
416.2	-48.803689745404895
416.25	-48.85457834919261
416.3	-48.90624896220372
416.35	-48.95879320823008
416.4	-49.01239164744665
416.45	-49.067420478112304
416.5	-49.124153984404316
416.54999999999995	-49.18236191993965
416.6	-49.241595248481175
416.65000000000003	-49.301535057024466
416.7	-49.36198367622854
416.75	-49.42290271996741
416.8	-49.48409461572871
416.85	-49.54533757062177
416.9	-49.60692968924786
416.95	-49.66924638483899
417.0	-49.7323907805834
417.04999999999995	-49.7964862030813
417.1	-49.86141034908249
417.15000000000003	-49.92683632018658
417.2	-49.99249246129493
417.25	-50.058376637717814
417.3	-50.124694735171786
417.35	-50.19147597474168
417.4	-50.25860332239523
417.45	-50.32608496159688
417.5	-50.39402675701719
417.54999999999995	-50.462487836652265
417.6	-50.53123863405193
417.65000000000003	-50.5999637591227
417.7	-50.668641619313405
417.75	-50.73728269336863
417.8	-50.80583245689235
417.85	-50.87411009000308
417.9	-50.94212493347221
417.95	-51.010130586337326
418.0	-51.078174289525094
418.04999999999995	-51.14619244237121
418.1	-51.21425219311617
418.15000000000003	-51.28241804888394
418.2	-51.35095840505646
418.25	-51.420129699523386
418.3	-51.4902578236361
418.35	-51.561877174656985
418.4	-51.63513254208915
418.45	-51.70973498340119
418.5	-51.78540454943529
418.54999999999995	-51.86218876483447
418.6	-51.94047719662895
418.65000000000003	-52.02056622376679
418.7	-52.102486708205774
418.75	-52.18604384967914
418.8	-52.270569390681516
418.85	-52.35578169795539
418.9	-52.44186471927418
418.95	-52.52927868236656
419.0	-52.61863036209148
419.04999999999995	-52.70993628934662
419.09999999999997	-52.80215068400281
419.15000000000003	-52.8936326436789
419.20000000000005	-52.98371471230942
419.25	-53.072761565055416
419.3	-53.16088994873906
419.35	-53.247659182349665
419.4	-53.332550102338004
419.45	-53.41533349840519
419.5	-53.49652841891967
419.54999999999995	-53.57646800440042
419.59999999999997	-53.65520650847017
419.65000000000003	-53.73283388734812
419.70000000000005	-53.808923637971745
419.75	-53.8827353224422
419.8	-53.95369245678861
419.85	-54.021644048181486
419.9	-54.08710795742503
419.95	-54.1507264846448
420.0	-54.21289090886667
420.04999999999995	-54.27349912581941
420.09999999999997	-54.331903517115514
420.15000000000003	-54.38775132879248
420.20000000000005	-54.44132464630009
420.25	-54.493125473870606
420.3	-54.543463250551966
420.35	-54.59232545930588
420.4	-54.63978541664282
420.45	-54.68614792151913
420.5	-54.731773773152746
420.54999999999995	-54.77699408430138
420.59999999999997	-54.82208079833495
420.65000000000003	-54.86719166714046
420.70000000000005	-54.912466176938494
420.75	-54.95798880419191
420.8	-55.0038542904107
420.85	-55.050033424597274
420.9	-55.09639267491646
420.95	-55.14299995366155
421.0	-55.19004728858397
421.04999999999995	-55.23756687779952
421.09999999999997	-55.28550814197814
421.15000000000003	-55.33391458490677
421.20000000000005	-55.38291823325741
421.25	-55.43266365732411
421.3	-55.483155773284274
421.35	-55.53435370787976
421.4	-55.58620957391025
421.45	-55.638826219218615
421.5	-55.69199572319296
421.54999999999995	-55.74523066244845
421.59999999999997	-55.79834111049741
421.65000000000003	-55.85125510471907
421.70000000000005	-55.90362761859364
421.75	-55.95507998968283
421.8	-56.005385551311676
421.85	-56.054461264566754
421.9	-56.102492036903385
421.95	-56.14980435187219
422.0	-56.19665451892193
422.04999999999995	-56.24310628336565
422.09999999999997	-56.28914491382399
422.15000000000003	-56.3346367801404
422.20000000000005	-56.37960425457908
422.25	-56.42421798671313
422.3	-56.468656130608146
422.35	-56.51311166222665
422.4	-56.55769801146569
422.45	-56.6025294299823
422.5	-56.64788629448137
422.54999999999995	-56.6939838910846
422.59999999999997	-56.74081857671183
422.65000000000003	-56.78847332512831
422.70000000000005	-56.83695216576099
422.75	-56.886147313659414
422.8	-56.93580563433164
422.85	-56.98572798446389
422.9	-57.036061227182444
422.95	-57.08726506146307
423.0	-57.13978831460359
423.04999999999995	-57.19370550084346
423.09999999999997	-57.24886991016733
423.15000000000003	-57.30518813901682
423.20000000000005	-57.362439072386906
423.25	-57.42047606329815
423.3	-57.47944748061994
423.35	-57.53953994636223
423.4	-57.60108411516126
423.45	-57.66435393373058
423.5	-57.72926387405181
423.54999999999995	-57.79539760670977
423.59999999999997	-57.8621942622716
423.65000000000003	-57.929152349675114
423.70000000000005	-57.99593918270729
423.75	-58.062289217185494
423.8	-58.12782216018739
423.85	-58.19215084291294
423.9	-58.25524391431318
423.95	-58.317254706973515
424.0	-58.37822351306335
424.04999999999995	-58.438117386679025
424.09999999999997	-58.49675656033912
424.15000000000003	-58.554126160046295
424.20000000000005	-58.610538477495595
424.25	-58.66597466846794
424.3	-58.71998859062438
424.35	-58.772289383183654
424.4	-58.82283412449074
424.45	-58.871687362426485
424.5	-58.9187867833942
424.54999999999995	-58.964137554453494
424.59999999999997	-59.00784411881723
424.65000000000003	-59.04993404638173
424.70000000000005	-59.090350652620586
424.75	-59.12903259325982
424.8	-59.1658173206267
424.85	-59.20078932303863
424.9	-59.23432714491328
424.95	-59.26686963497902
425.0	-59.298773420032894
425.05	-59.330112247344616
425.09999999999997	-59.360955222905105
425.15	-59.39141204831867
425.20000000000005	-59.42161625378238
425.25	-59.45176727803246
425.3	-59.48198258218923
425.35	-59.51224178425217
425.4	-59.54262881205226
425.45	-59.57334782180811
425.5	-59.60459744319739
425.55	-59.63632636412372
425.59999999999997	-59.668333773334
425.65	-59.70060609370928
425.70000000000005	-59.73320807975706
425.75	-59.76625350848998
425.8	-59.79978526579657
425.85	-59.83387302505946
425.9	-59.86854583181615
425.95	-59.90364361820363
426.0	-59.93904724672383
426.05	-59.974847058503556
426.09999999999997	-60.01103095643661
426.15	-60.04750755895829
426.20000000000005	-60.08417137449722
426.25	-60.120862428096316
426.3	-60.15744334930257
426.35	-60.19377792487275
426.4	-60.22970132637457
426.45	-60.265044814445204
426.5	-60.299723511126075
426.55	-60.333739327310624
426.59999999999997	-60.36705746101846
426.65	-60.399758482676305
426.70000000000005	-60.43205863968154
426.75	-60.46413859760128
426.8	-60.496111143738446
426.85	-60.528019436603046
426.9	-60.55992687401289
426.95	-60.592061512735256
427.0	-60.624787799363276
427.05	-60.65830728076094
427.09999999999997	-60.69261102121693
427.15	-60.72769313238041
427.20000000000005	-60.76384814130688
427.25	-60.80134014780576
427.3	-60.84027235753287
427.35	-60.88088950239031
427.4	-60.92348506253411
427.45	-60.96831155297588
427.5	-61.015414477487106
427.55	-61.06480647763098
427.59999999999997	-61.11667175444257
427.65	-61.17121482188113
427.70000000000005	-61.22865780295285
427.75	-61.28928372431649
427.8	-61.35308393496284
427.85	-61.42003067838033
427.9	-61.49022412493473
427.95	-61.56388108673484
428.0	-61.64110326709667
428.05	-61.7212269110602
428.09999999999997	-61.803020524272114
428.15	-61.8847910709387
428.20000000000005	-61.964794666946446
428.25	-62.042064168519914
428.3	-62.11637916088664
428.35	-62.18766222038455
428.4	-62.25582811842901
428.45	-62.32065267306794
428.5	-62.38208179706502
428.55	-62.43981213710737
428.59999999999997	-62.49370240436271
428.65	-62.544001204696556
428.70000000000005	-62.590957442690616
428.75	-62.63462176512984
428.8	-62.674581176576126
428.85	-62.71030116707862
428.9	-62.741662684746274
428.95	-62.76878088785623
429.0	-62.79177663295833
429.05	-62.8109115057667
429.09999999999997	-62.826438510826456
429.15	-62.83846406045856
429.20000000000005	-62.84707680830347
429.25	-62.85243016050115
429.3	-62.8548129944015
429.35	-62.85439101875214
429.4	-62.85134207924686
429.45	-62.845777379183644
429.5	-62.83790140221842
429.55	-62.82799877776783
429.59999999999997	-62.816342839468206
429.65	-62.80321916515984
429.70000000000005	-62.78907512941072
429.75	-62.774479259150084
429.8	-62.75991602286253
429.85	-62.74569061807644
429.9	-62.73201077869314
429.95	-62.719117337434994
430.0	-62.70724189119183
430.05	-62.69645757492968
430.09999999999997	-62.68685870329618
430.15	-62.67828032704132
430.20000000000005	-62.67098288449353
430.25	-62.66482431319072
430.3	-62.66017193964615
430.35	-62.656606970040315
430.4	-62.65486104232046
430.45	-62.65406997180413
430.5	-62.65508873117094
430.55	-62.65681855844366
430.59999999999997	-62.66010561520591
430.65	-62.663892836518755
430.70000000000005	-62.669047226577476
430.75	-62.67467115220059
430.8	-62.68141076453504
430.85	-62.68858350271128
430.9	-62.69649462661404
430.95	-62.70473793436555
431.0	-62.713675508365945
431.05	-62.72305277178494
431.09999999999997	-62.73301559592219
431.15	-62.743433095910376
431.20000000000005	-62.75428964753152
431.25	-62.76552823067297
431.3	-62.77716653017073
431.35	-62.7891960492552
431.4	-62.801633311289606
431.45	-62.814536128844
431.5	-62.82791565179285
431.55	-62.84180165761587
431.59999999999997	-62.856163376783215
431.65	-62.87113684987251
431.7	-62.88678076046655
431.75	-62.90316771140006
431.8	-62.92028810312792
431.85	-62.938181825054606
431.90000000000003	-62.95688229341468
431.95	-62.97639377748475
432.0	-62.9966983648293
432.05	-63.01777682270838
432.09999999999997	-63.03955989050388
432.15	-63.062022470873096
432.2	-63.0851429035381
432.25	-63.10883396859822
432.3	-63.13296338013143
432.35	-63.15740374232456
432.40000000000003	-63.18210314641301
432.45	-63.20710813787775
432.5	-63.232520561297804
432.55	-63.25842773737456
432.59999999999997	-63.28475204597879
432.65	-63.3113113479175
432.7	-63.337901039692
432.75	-63.36436999665988
432.8	-63.39060204175591
432.85	-63.41639749463614
432.90000000000003	-63.44154887201421
432.95	-63.465971481565276
433.0	-63.48965688811461
433.05	-63.512590537153564
433.09999999999997	-63.534719753259765
433.15	-63.55596826781114
433.2	-63.57632565245653
433.25	-63.59575329452849
433.3	-63.614196057444765
433.35	-63.631620673833176
433.40000000000003	-63.647980849879815
433.45	-63.66320557360051
433.5	-63.67718625201455
433.55	-63.68983107144356
433.59999999999997	-63.70112442614813
433.65	-63.7110642645377
433.7	-63.719682188412094
433.75	-63.727066072789114
433.8	-63.73326444559046
433.85	-63.738449894580334
433.90000000000003	-63.74256210866076
433.95	-63.7459404541168
434.0	-63.74835346230927
434.05	-63.75036943605198
434.09999999999997	-63.75170223013387
434.15	-63.75298662965911
434.2	-63.75387291561003
434.25	-63.755138927976375
434.3	-63.75636276259704
434.35	-63.75826917325622
434.40000000000003	-63.760321070221124
434.45	-63.763275301366264
434.5	-63.76658562160522
434.55	-63.770950746224784
434.59999999999997	-63.77587635411885
434.65	-63.78194021809482
434.7	-63.78882622040313
434.75	-63.79682030331152
434.8	-63.80577742267381
434.85	-63.81575455198065
434.90000000000003	-63.82666755820409
434.95	-63.83851567836511
435.0	-63.85124556974564
435.05	-63.86479967339211
435.09999999999997	-63.87903250099064
435.15	-63.8937966756279
435.2	-63.90893253697226
435.25	-63.92427395049743
435.3	-63.939729975277345
435.35	-63.95521040084213
435.40000000000003	-63.970582482064415
435.45	-63.985733606333746
435.5	-64.00063160418858
435.55	-64.01533431797105
435.59999999999997	-64.02984937904236
435.65	-64.04412549938777
435.7	-64.05816026253488
435.75	-64.07200226533509
435.8	-64.08567505501166
435.85	-64.09916892130462
435.90000000000003	-64.11251546997372
435.95	-64.1258526808665
436.0	-64.13938364622015
436.05	-64.15324871425442
436.09999999999997	-64.16745771957747
436.15	-64.18201088154366
436.2	-64.19700935716239
436.25	-64.21254864578826
436.3	-64.22869698756102
436.35	-64.2455094660117
436.40000000000003	-64.26298898235683
436.45	-64.28118472752125
436.5	-64.30017581034357
436.55	-64.32003614099987
436.59999999999997	-64.34086275803956
436.65	-64.36272774953764
436.7	-64.3856735528193
436.75	-64.40971046701318
436.8	-64.43485575779675
436.85	-64.46111623221823
436.90000000000003	-64.48839333006782
436.95	-64.51656649856832
437.0	-64.54556712933208
437.05	-64.57530958598322
437.09999999999997	-64.60561184946691
437.15	-64.63613715667277
437.2	-64.66651321521378
437.25	-64.69637800040158
437.3	-64.72535689198702
437.35	-64.75316260874953
437.40000000000003	-64.7796386042159
437.45	-64.8046975773236
437.5	-64.82837295699582
437.55	-64.85071740882381
437.59999999999997	-64.87166231718825
437.65	-64.89111583429232
437.7	-64.90903767120214
437.75	-64.92545855261375
437.8	-64.94039722116679
437.85	-64.95382542549554
437.90000000000003	-64.96572112663932
437.95	-64.97608233107177
438.0	-64.98489743874266
438.05	-64.99220151641916
438.09999999999997	-64.99796523020876
438.15	-65.00222690969916
438.2	-65.00498027298005
438.25	-65.0063915331574
438.3	-65.0064125551007
438.35	-65.00525481987462
438.40000000000003	-65.00283782272373
438.45	-64.99931112390715
438.5	-64.9946662784547
438.55	-64.9890416835815
438.59999999999997	-64.98257838713221
438.65	-64.97545047362223
438.7	-64.96781044137504
438.75	-64.9597995958485
438.8	-64.9515404129807
438.85	-64.94312887885144
438.90000000000003	-64.93465253159962
438.95	-64.92622309342926
439.0	-64.91795603445516
439.05	-64.90994145701603
439.09999999999997	-64.90227401100354
439.15	-64.8949715731377
439.2	-64.88813247046943
439.25	-64.88179423677786
439.3	-64.876067475589
439.35	-64.87090734200336
439.40000000000003	-64.86644286911513
439.45	-64.86257792105165
439.5	-64.85954137214031
439.55	-64.85703567509911
439.59999999999997	-64.85537820435864
439.65	-64.85422367497785
439.7	-64.85386823215251
439.75	-64.85406055059985
439.8	-64.85500680830242
439.85	-64.85654357649867
439.90000000000003	-64.85880488240511
439.95	-64.86170244014428
440.0	-64.86529801143018
440.05	-64.86958819083245
440.09999999999997	-64.87456297521126
440.15	-64.88023780817389
440.2	-64.88657321921151
440.25	-64.89361929709987
440.3	-64.9013623766513
440.35	-64.90975985929678
440.40000000000003	-64.9187125129034
440.45	-64.9281835230802
440.5	-64.93821954095259
440.55	-64.94883370027844
440.59999999999997	-64.9599374642981
440.65	-64.97145372855046
440.7	-64.98336514806998
440.75	-64.99565375651126
440.8	-65.00833297031092
440.85	-65.02141362727632
440.90000000000003	-65.03505286269706
440.95	-65.04941011583044
441.0	-65.06464553606378
441.05	-65.0807872743508
441.09999999999997	-65.09785985410696
441.15	-65.11591816115322
441.2	-65.13503034126111
441.25	-65.15526912038968
441.3	-65.17677898731405
441.35	-65.1996120894689
441.40000000000003	-65.22370663914276
441.45	-65.24898271095478
441.5	-65.27544926876273
441.55	-65.30316105746111
441.59999999999997	-65.33215871927493
441.65	-65.36242428050295
441.7	-65.39385282578324
441.75	-65.42612628781072
441.8	-65.45878657713783
441.85	-65.49131372816217
441.90000000000003	-65.52325447571536
441.95	-65.55449076175132
442.0	-65.58503366725246
442.05	-65.61476357174404
442.09999999999997	-65.6434976662136
442.15	-65.6710448448033
442.2	-65.69731622530433
442.25	-65.72229036116802
442.3	-65.74590680346097
442.35	-65.7680644549659
442.40000000000003	-65.78850207483673
442.45	-65.80692006982149
442.5	-65.82309997713368
442.55	-65.83694135817336
442.59999999999997	-65.84842860736491
442.65	-65.85756927025751
442.7	-65.86439302416673
442.75	-65.8689778359389
442.8	-65.87142553254318
442.85	-65.87182399917178
442.90000000000003	-65.87023500835292
442.95	-65.86670688554493
443.0	-65.86129909706774
443.05	-65.85412651575545
443.09999999999997	-65.84539900678955
443.15	-65.83534691377209
443.2	-65.82420962747145
443.25	-65.81224408947924
443.3	-65.79969004163601
443.35	-65.78678177864847
443.40000000000003	-65.77372718922543
443.45	-65.76070342070891
443.5	-65.74798730924245
443.55	-65.73590293751822
443.6	-65.72464344263348
443.65	-65.71431835383113
443.7	-65.70527136354808
443.75	-65.69698017453325
443.79999999999995	-65.69069042837612
443.85	-65.68489997221818
443.90000000000003	-65.68166001326836
443.95	-65.67898345813697
444.0	-65.67925818904631
444.05	-65.68010666479239
444.1	-65.68368555412869
444.15	-65.6876305310318
444.2	-65.69379399858424
444.25	-65.7004634439679
444.29999999999995	-65.70909218540203
444.35	-65.71868465870611
444.40000000000003	-65.72945545661904
444.45	-65.74116445919444
444.5	-65.75376732808438
444.55	-65.76713946132666
444.6	-65.78118055223858
444.65	-65.79574832608704
444.7	-65.81069049553467
444.75	-65.82581001989483
444.79999999999995	-65.84086321115463
444.85	-65.85558965501797
444.90000000000003	-65.86979036720683
444.95	-65.88336995821219
445.0	-65.89629905571145
445.05	-65.90852365523475
445.1	-65.91996555564748
445.15	-65.93056031363635
445.2	-65.94027306132091
445.25	-65.94914854650973
445.29999999999995	-65.9571601456309
445.35	-65.96441886742724
445.40000000000003	-65.97086648799652
445.45	-65.97668842675282
445.5	-65.98174401889523
445.55	-65.98639194768016
445.6	-65.99031014918599
445.65	-65.99403422433362
445.7	-65.99703465431719
445.75	-66.00007926046443
445.79999999999995	-66.00253010195324
445.85	-66.00525693014791
445.90000000000003	-66.00763112776957
445.95	-66.01037527325262
446.0	-66.01294881756846
446.05	-66.01583424301656
446.1	-66.01874537353093
446.15	-66.02174814687145
446.2	-66.02477455888142
446.25	-66.02781336846495
446.29999999999995	-66.0309287944678
446.35	-66.03363147220598
446.40000000000003	-66.03643151931063
446.45	-66.0382139627892
446.5	-66.04021967042469
446.55	-66.04067939342228
446.6	-66.0414247439227
446.65	-66.04034026876303
446.7	-66.03985894429206
446.75	-66.03749795404411
446.79999999999995	-66.03589377525165
446.85	-66.03239611177014
446.90000000000003	-66.02985947564692
446.95	-66.02537645226617
447.0	-66.02164179410892
447.05	-66.0160632263061
447.1	-66.01118341016361
447.15	-66.00472843564602
447.2	-65.99886449570923
447.25	-65.99180929104293
447.29999999999995	-65.9851076315873
447.35	-65.97781796608321
447.40000000000003	-65.97084197490216
447.45	-65.96379319817555
447.5	-65.95692056034089
447.55	-65.9502159671348
447.6	-65.94378168622809
447.65	-65.93768757161901
447.7	-65.93201385442768
447.75	-65.9267791873635
447.79999999999995	-65.92204152502308
447.85	-65.91763540469825
447.90000000000003	-65.9138502628688
447.95	-65.91022354598367
448.0	-65.90740098674898
448.05	-65.90446130127066
448.1	-65.90224838023765
448.15	-65.89938199614723
448.2	-65.89693405152262
448.25	-65.8934249978763
448.29999999999995	-65.89007418832892
448.35	-65.88536093602258
448.40000000000003	-65.88053301393148
448.45	-65.87431233327078
448.5	-65.86771110953036
448.55	-65.86006914328073
448.6	-65.85185890582348
448.65	-65.84288397619207
448.7	-65.83328626088029
448.75	-65.82304660668959
448.79999999999995	-65.81228030684302
448.85	-65.8011038500876
448.90000000000003	-65.78966249462071
448.95	-65.7781033232308
449.0	-65.76661171527327
449.05	-65.75533918476762
449.1	-65.7443180509051
449.15	-65.73363585136616
449.2	-65.72326714437102
449.25	-65.71340200339401
449.29999999999995	-65.70404722213405
449.35	-65.6954238935149
449.40000000000003	-65.68751024121988
449.45	-65.68057014655216
449.5	-65.67444775668432
449.55	-65.66948167156929
449.6	-65.66540808323902
449.65	-65.6627240338838
449.7	-65.66105299587868
449.75	-65.66093935503805
449.79999999999995	-65.66198147681848
449.85	-65.66455109587716
449.90000000000003	-65.6684160614085
449.95	-65.67372005383416
450.0	-65.68043045645919
450.05	-65.68861428752994
450.1	-65.69830769642113
450.15	-65.70948425041456
450.2	-65.72211535957048
450.25	-65.73610098723913
450.29999999999995	-65.75151393688873
450.34999999999997	-65.76833566646698
450.40000000000003	-65.78647366239731
450.45000000000005	-65.80578271597571
450.5	-65.82627180235639
450.55	-65.84799121530419
450.6	-65.87083683712721
450.65	-65.89456545165069
450.7	-65.9190155618514
450.75	-65.94410865924421
450.79999999999995	-65.9695940615101
450.84999999999997	-65.99502209365566
450.90000000000003	-66.01988438698598
450.95000000000005	-66.04377150409371
451.0	-66.06644735205958
451.05	-66.08771878548794
451.1	-66.10733485914366
451.15	-66.12503879370158
451.2	-66.14064348870664
451.25	-66.15397706489028
451.29999999999995	-66.16495915359589
451.34999999999997	-66.17350290999443
451.40000000000003	-66.17970386331372
451.45000000000005	-66.18335922989772
