451.5	-66.18467282514777
451.55	-66.18333163090233
451.6	-66.17961976388256
451.65	-66.1733098982141
451.7	-66.16456687824282
451.75	-66.15331620564808
451.79999999999995	-66.13966030203929
451.84999999999997	-66.12366082110864
451.90000000000003	-66.10539528714578
451.95000000000005	-66.08492730752877
452.0	-66.06245766565141
452.05	-66.03825762900615
452.1	-66.01250017132928
452.15	-65.98527979674121
452.2	-65.95683270697509
452.25	-65.92767445039439
452.29999999999995	-65.8982922134279
452.34999999999997	-65.86900958045561
452.40000000000003	-65.84013140710974
452.45000000000005	-65.81178816383195
452.5	-65.78405010358581
452.55	-65.75695972105405
452.6	-65.7305691994167
452.65	-65.70497202833059
452.7	-65.68026593387924
452.75	-65.656542394322
452.79999999999995	-65.63380701720723
452.84999999999997	-65.61205049100921
452.90000000000003	-65.59137612586932
452.95000000000005	-65.57192938253445
453.0	-65.5538623552109
453.05	-65.53728791824987
453.1	-65.52221235202704
453.15	-65.50856995033297
453.2	-65.49631147947153
453.25	-65.48532837869145
453.29999999999995	-65.47563668587293
453.34999999999997	-65.46709017885196
453.40000000000003	-65.4596634493648
453.45000000000005	-65.45323132867017
453.5	-65.44762935769594
453.55	-65.4429322031817
453.6	-65.43872892723198
453.65	-65.43534764053966
453.7	-65.43212760506242
453.75	-65.42974290729242
453.79999999999995	-65.42720148126493
453.84999999999997	-65.42535783714195
453.90000000000003	-65.42291244949311
453.95000000000005	-65.42109375476545
454.0	-65.41859508254979
454.05	-65.41676559464182
454.1	-65.41416132665037
454.15	-65.41211626447804
454.2	-65.40934073039887
454.25	-65.40711187828843
454.29999999999995	-65.4041938299483
454.34999999999997	-65.40169327674748
454.40000000000003	-65.39869264190307
454.45000000000005	-65.39598063299914
454.5	-65.39293433277439
454.55	-65.39008829536562
454.6	-65.38716149141209
454.65	-65.38443454289875
454.7	-65.38172101374658
454.75	-65.37915616087159
454.79999999999995	-65.37664276298457
454.84999999999997	-65.37427986347812
454.90000000000003	-65.3719295134204
454.95000000000005	-65.36973387916188
455.0	-65.36746777215522
455.05	-65.36538329163389
455.1	-65.36310380157529
455.15	-65.36101394341127
455.2	-65.35854586579276
455.25	-65.35621841778378
455.29999999999995	-65.35332280427352
455.34999999999997	-65.35043968274799
455.40000000000003	-65.34689009972863
455.45000000000005	-65.34325804836085
455.5	-65.33891349232475
455.55	-65.33430387112145
455.6	-65.32907627984663
455.65	-65.32342452640276
455.7	-65.31727745720846
455.75	-65.31072398356729
455.79999999999995	-65.30377498950058
455.84999999999997	-65.29648879589527
455.90000000000003	-65.28889677558928
455.95000000000005	-65.28103871534104
456.0	-65.27289456362492
456.05	-65.26450666913313
456.1	-65.25589312388409
456.15	-65.24708654646011
456.2	-65.23803389766246
456.25	-65.22874036972885
456.3	-65.21920233511172
456.34999999999997	-65.20947578864154
456.4	-65.19945312085125
456.45000000000005	-65.18912656528427
456.5	-65.17835190071898
456.55	-65.16715392604786
456.6	-65.15540868997898
456.65	-65.14308561834235
456.7	-65.13012982437729
456.75	-65.11656069499927
456.8	-65.1024656620524
456.84999999999997	-65.08791215137072
456.9	-65.0729619375008
456.95000000000005	-65.05771887836991
457.0	-65.04225393974633
457.05	-65.02663183240979
457.1	-65.0109139808964
457.15	-64.9951398913604
457.2	-64.97936844216244
457.25	-64.96363858942517
457.3	-64.94800922096587
457.34999999999997	-64.93257626451611
457.4	-64.91742271767382
457.45000000000005	-64.90259754832348
457.5	-64.88812951992657
457.55	-64.87409972764233
457.6	-64.86063519028262
457.65	-64.84781810238478
457.7	-64.83566339196975
457.75	-64.82415909091259
457.8	-64.81333142019899
457.84999999999997	-64.80324224177065
457.9	-64.79391932656567
457.95000000000005	-64.78536645462155
458.0	-64.7776279998392
458.05	-64.77081889940459
458.1	-64.76500762753196
458.15	-64.7602233479252
458.2	-64.75640449396548
458.25	-64.75360167684492
458.3	-64.75171565738424
458.34999999999997	-64.75084452563995
458.4	-64.75079781093912
458.45000000000005	-64.75165870191245
458.5	-64.75327293517489
458.55	-64.75567120510722
458.6	-64.75874369111875
458.65	-64.76247545843461
458.7	-64.76675695630479
458.75	-64.7715507950407
458.8	-64.77677342076079
458.84999999999997	-64.78240627860708
458.9	-64.78843465954994
458.95000000000005	-64.79488110249613
459.0	-64.80168900197516
459.05	-64.80876359415717
459.1	-64.81603310416341
459.15	-64.82351814788703
459.2	-64.8311726966894
459.25	-64.83901449385522
459.3	-64.8469662633089
459.34999999999997	-64.85522520746945
459.4	-64.86366734528876
459.45000000000005	-64.87249572946533
459.5	-64.8815730744021
459.55	-64.8910741492452
459.6	-64.90094746953814
459.65	-64.9111377676679
459.7	-64.92155494832149
459.75	-64.93211899699423
459.8	-64.94273565798511
459.84999999999997	-64.95327537783109
459.9	-64.96357861396862
459.95000000000005	-64.97350585439867
460.0	-64.98299226615359
460.05	-64.99196565148888
460.1	-65.0003784949364
460.15	-65.0082306979336
460.2	-65.0154174512806
460.25	-65.0222776482359
460.3	-65.02842686723986
460.34999999999997	-65.03455100105722
460.4	-65.04015198258861
460.45000000000005	-65.04580434266568
460.5	-65.05108576308606
460.55	-65.05645200421871
460.6	-65.06161766353085
460.65	-65.06687382745424
460.7	-65.0720970920827
460.75	-65.07736816767874
460.8	-65.08260896832401
460.84999999999997	-65.08780905851236
460.9	-65.09292508759626
460.95000000000005	-65.09791952235653
461.0	-65.10270340202426
461.05	-65.10716052540663
461.1	-65.11115354058578
461.15	-65.11462208389905
461.2	-65.11743242040912
461.25	-65.11967574281826
461.3	-65.12111341929078
461.34999999999997	-65.12195724854556
461.4	-65.12192988003392
461.45000000000005	-65.12119787150837
461.5	-65.11955293718037
461.55	-65.11710676385982
461.6	-65.1138012229877
461.65	-65.10967599585064
461.7	-65.10475668285278
461.75	-65.09905522110591
461.8	-65.09264899263042
461.84999999999997	-65.08552044383183
461.9	-65.07778491394645
461.95000000000005	-65.06937562442798
462.0	-65.06041516063851
462.05	-65.05078948028802
462.1	-65.04060566201525
462.15	-65.02978135026639
462.2	-65.01842300668275
462.25	-65.0064527459715
462.3	-64.9939565419965
462.34999999999997	-64.98084806666718
462.4	-64.96712130365609
462.45000000000005	-64.95268630218597
462.5	-64.93755662023158
462.55	-64.92172688544848
462.6	-64.90520686764395
462.65	-64.88797919609114
462.7	-64.8700863858339
462.75	-64.85160435786607
462.8	-64.8326043327304
462.84999999999997	-64.81301543026294
462.9	-64.79277222548862
462.95	-64.77193470690071
463.0	-64.75061721282655
463.05	-64.72905892116265
463.1	-64.70752160052233
463.15000000000003	-64.6861341694838
463.2	-64.66498156826755
463.25	-64.64415756911033
463.3	-64.62384429998176
463.34999999999997	-64.60440410369371
463.4	-64.5862225497028
463.45	-64.56959369919537
463.5	-64.55469150583014
463.55	-64.54164447701697
463.6	-64.53062044329525
463.65000000000003	-64.52184385803031
463.7	-64.51548204220366
463.75	-64.51158192535254
463.8	-64.51014651927566
463.84999999999997	-64.51117427889773
463.9	-64.51468317092514
463.95	-64.52072546408496
464.0	-64.52931893026891
464.05	-64.54042759157952
464.1	-64.55396961985147
464.15000000000003	-64.56979904255802
464.2	-64.58767529518335
464.25	-64.60726855963281
464.3	-64.62819726811794
464.34999999999997	-64.65007521487418
464.4	-64.67243225604092
464.45	-64.69466275500838
464.5	-64.71623504152258
464.55	-64.73668884200268
464.6	-64.75564874693632
464.65000000000003	-64.77288943006164
464.7	-64.78818639075143
464.75	-64.80136957034419
464.8	-64.81235054354548
464.84999999999997	-64.82108187688812
464.9	-64.82765083894009
464.95	-64.8320325805718
465.0	-64.83432479958839
465.05	-64.8344547190889
465.1	-64.83249352191146
465.15000000000003	-64.82843283203458
465.2	-64.82234204518475
465.25	-64.81427030991689
465.3	-64.80432409569431
465.34999999999997	-64.79266521266496
465.4	-64.77948228423782
465.45	-64.76487505094012
465.5	-64.74890163332276
465.55	-64.73168417877727
465.6	-64.71339873246514
465.65000000000003	-64.6942008922542
465.7	-64.67416768730189
465.75	-64.65336317784576
465.8	-64.6319729916609
465.84999999999997	-64.61022604994596
465.9	-64.58825320222033
465.95	-64.56606858474042
466.0	-64.54360712629452
466.05	-64.52087719657165
466.1	-64.49796441897723
466.15000000000003	-64.47500547819274
466.2	-64.45211355552286
466.25	-64.4292642337526
466.3	-64.40636294761187
466.34999999999997	-64.38331213458257
466.4	-64.36007538460967
466.45	-64.33670255324064
466.5	-64.31323891817856
466.55	-64.2897682345065
466.6	-64.26645671929116
466.65000000000003	-64.2434185625123
466.7	-64.22070319235715
466.75	-64.19828166603747
466.8	-64.17609481535484
466.84999999999997	-64.15423121589023
466.9	-64.13288608370264
466.95	-64.1122201263101
467.0	-64.09234523315442
467.05	-64.07334569768366
467.1	-64.05536091665773
467.15000000000003	-64.03846915778296
467.2	-64.02263138159627
467.25	-64.00776537354272
467.3	-63.99383341410147
467.34999999999997	-63.98078449609541
467.4	-63.96867588249812
467.45	-63.95751708395599
467.5	-63.947347818962584
467.55	-63.93791535484071
467.6	-63.92921871010559
467.65000000000003	-63.92111706381195
467.7	-63.91365712050984
467.75	-63.9067398675937
467.8	-63.90026363763148
467.84999999999997	-63.89429537179089
467.9	-63.88859978271802
467.95	-63.88347499120731
468.0	-63.87849238253439
468.05	-63.87422571869698
468.1	-63.869870509791134
468.15000000000003	-63.86631850242999
468.2	-63.86266520833928
468.25	-63.860166531399045
468.3	-63.857845170190515
468.34999999999997	-63.85734654582002
468.4	-63.8572670659932
468.45	-63.85930006356017
468.5	-63.861791667511724
468.55	-63.86645761983222
468.6	-63.87192170402024
468.65000000000003	-63.879227546304996
468.7	-63.887482686558045
468.75	-63.896982427983076
468.8	-63.90752240600068
468.84999999999997	-63.91903893379124
468.9	-63.93136613698676
468.95	-63.94427692759571
469.0	-63.95751898021946
469.05	-63.97079978294528
469.1	-63.98382442518741
469.15000000000003	-63.996308851447886
469.2	-64.0080191816044
469.25	-64.01871585920321
469.3	-64.02816686144484
469.34999999999997	-64.03618404884178
469.4	-64.04258318772847
469.45	-64.04726555845753
469.5	-64.05012326425913
469.55	-64.05112874561507
469.6	-64.05017632012664
469.65000000000003	-64.04728493348966
469.7	-64.04232530181835
469.75	-64.03528062702382
469.8	-64.02610670475727
469.84999999999997	-64.01488557618607
469.9	-64.00177231951702
469.95	-63.986934984808485
470.0	-63.97051994537337
470.05	-63.9526233013166
470.1	-63.93332568390685
470.15000000000003	-63.9127359187777
470.2	-63.891014113657526
470.25	-63.86834009898632
470.3	-63.84495806076166
470.34999999999997	-63.821217086531405
470.4	-63.79744823236851
470.45	-63.77385511790341
470.5	-63.750674525329515
470.55	-63.728124576341855
470.6	-63.706314094625384
470.65000000000003	-63.68533536644719
470.7	-63.66522730242286
470.75	-63.64604681900629
470.8	-63.62784441749814
470.84999999999997	-63.61064747840867
470.9	-63.594496865021924
470.95	-63.579364853488514
471.0	-63.56527177765655
471.05	-63.552122104181194
471.1	-63.539900242429454
471.15000000000003	-63.52850940002848
471.2	-63.51797378483957
471.25	-63.50811676005185
471.3	-63.49896089025907
471.34999999999997	-63.490398935131054
471.4	-63.482450277889725
471.45	-63.474954197473934
471.5	-63.467895496189726
471.55	-63.46118515452457
471.6	-63.45480023673088
471.65000000000003	-63.448634703960096
471.7	-63.442594613870185
471.75	-63.43659751299697
471.8	-63.430526080054044
471.84999999999997	-63.424368879146236
471.9	-63.41797327196741
471.95	-63.411398082314804
472.0	-63.4043945666981
472.05	-63.39704081875167
472.1	-63.38909279210166
472.15000000000003	-63.38066720087062
472.2	-63.37166164200178
472.25	-63.362175016120034
472.3	-63.352047139367826
472.34999999999997	-63.34135039136352
472.4	-63.33007041706142
472.45	-63.31831673197422
472.5	-63.30611433095543
472.55	-63.293516203270244
472.6	-63.280667992542575
472.65000000000003	-63.26781684421303
472.7	-63.25522437778635
472.75	-63.24308502955537
472.8	-63.23158987187429
472.84999999999997	-63.22093618149764
472.9	-63.211275498095205
472.95	-63.202711575049705
473.0	-63.19534986852507
473.05	-63.18919473731754
473.1	-63.18433398353263
473.15000000000003	-63.18071926962058
473.2	-63.17844795723343
473.25	-63.1773611935871
473.3	-63.177551471734475
473.34999999999997	-63.17883457951854
473.4	-63.18120575188475
473.45	-63.18450577480003
473.5	-63.18863424839399
473.55	-63.19340974519045
473.6	-63.19864963846903
473.65000000000003	-63.20416764430804
473.7	-63.209767595708314
473.75	-63.21525756682324
473.8	-63.22038833467926
473.84999999999997	-63.22497033484272
473.9	-63.228747448899426
473.95	-63.23167855688541
474.0	-63.233374789137784
474.05	-63.23396882826461
474.1	-63.232816298392095
474.15000000000003	-63.23033789564698
474.2	-63.225772068260326
474.25	-63.21959439591531
474.3	-63.21119836117815
474.34999999999997	-63.200835206777754
474.4	-63.18822373877999
474.45	-63.17343507401433
474.5	-63.15642754536972
474.55	-63.137218398694316
474.6	-63.11584755101893
474.65000000000003	-63.09241652142228
474.7	-63.06692776004831
474.75	-63.03936225616744
474.8	-63.00999056280088
474.85	-62.97931032837853
474.9	-62.94780655531038
474.95	-62.91591017375578
475.0	-62.88395886208782
475.04999999999995	-62.85226388452377
475.1	-62.82105409666649
475.15000000000003	-62.79045878768593
475.2	-62.76058409727436
475.25	-62.73161467556018
475.3	-62.70374268237008
475.35	-62.677108580060505
475.4	-62.6518345156819
475.45	-62.62805979321154
475.5	-62.60583374923708
475.54999999999995	-62.58520010546283
475.6	-62.56620084379318
475.65000000000003	-62.548755514454186
475.7	-62.532807858907326
475.75	-62.518108229646295
475.8	-62.50476059012728
475.85	-62.49231915724992
475.9	-62.48114859613804
475.95	-62.47042306581825
476.0	-62.46094092660409
476.04999999999995	-62.45149837846456
476.1	-62.443246900442844
476.15000000000003	-62.434607123053
476.2	-62.42693362448494
476.25	-62.41886051695028
476.3	-62.41189302908349
476.35	-62.40428313297714
476.4	-62.39745700390843
476.45	-62.38993594163715
476.5	-62.38308613684376
476.54999999999995	-62.375587823718206
476.6	-62.3684132745621
476.65000000000003	-62.36092882584401
476.7	-62.35365006627221
476.75	-62.346376494686055
476.8	-62.339317737769235
476.85	-62.33244261561281
476.9	-62.32592022983388
476.95	-62.319848845473715
477.0	-62.31435000458938
477.04999999999995	-62.30959336746015
477.1	-62.305593124151585
477.15000000000003	-62.30265622398607
477.2	-62.30057342023996
477.25	-62.300041826209366
477.3	-62.300531886150395
477.35	-62.30295649809321
477.4	-62.30655111124906
477.45	-62.31219694157991
477.5	-62.31913611329419
477.54999999999995	-62.328118907196234
477.6	-62.338702093381656
477.65000000000003	-62.3511719511845
477.7	-62.36533057942684
477.75	-62.38125846732324
477.8	-62.398915650488895
477.85	-62.41819379443004
477.9	-62.438913491871446
477.95	-62.46088070626583
478.0	-62.483722079937806
478.04999999999995	-62.506896587929724
478.1	-62.52989701093947
478.15000000000003	-62.55229178698886
478.2	-62.57377465111162
478.25	-62.59408113444643
478.3	-62.612832827652525
478.35	-62.62977017255443
478.4	-62.644648886912336
478.45	-62.6572521492954
478.5	-62.667419025884435
478.54999999999995	-62.67506494993275
478.6	-62.680459756774646
478.65000000000003	-62.68342835962965
478.7	-62.684341390937476
478.75	-62.682979910029275
478.8	-62.67948920996684
478.85	-62.6738889241843
478.9	-62.66629466760515
478.95	-62.65683789327245
479.0	-62.64571434691857
479.04999999999995	-62.633061118815
479.1	-62.619008075625736
479.15000000000003	-62.60354992453392
479.2	-62.58667418815361
479.25	-62.56837424371356
479.3	-62.548726012381785
479.35	-62.527904867893206
479.4	-62.50611829472883
479.45	-62.483585019867206
479.5	-62.46062061608886
479.54999999999995	-62.43744044012329
479.6	-62.41397029018962
479.65000000000003	-62.39013552263562
479.7	-62.36614319389741
479.75	-62.34233572854203
479.8	-62.31880293774347
479.85	-62.29552136864495
479.9	-62.2726563946868
479.95	-62.25035328396835
480.0	-62.22854069357601
480.04999999999995	-62.20716030420495
480.1	-62.18619913351199
480.15000000000003	-62.1656114783014
480.2	-62.1453729803507
480.25	-62.12553550528996
480.3	-62.10619303375749
480.35	-62.0874100788385
480.4	-62.06923424211257
480.45	-62.05165360767819
480.5	-62.03456057361474
480.54999999999995	-62.01791602210634
480.6	-62.00172330255876
480.65000000000003	-61.98599939944444
480.7	-61.97073429282082
480.75	-61.95592276179786
480.8	-61.941564805945745
480.85	-61.92764913871035
480.9	-61.914207511022624
480.95	-61.90134365998408
481.0	-61.88912558707901
481.04999999999995	-61.87762780566463
481.1	-61.86688897598741
481.15000000000003	-61.85696067486214
481.2	-61.847869998418176
481.25	-61.839737633667966
481.3	-61.83234123322051
481.35	-61.82599833149904
481.4	-61.82028978220754
481.45	-61.81584397596935
481.5	-61.811952078057274
481.54999999999995	-61.80947286508578
481.59999999999997	-61.807533000067
481.65000000000003	-61.80731195889963
481.70000000000005	-61.80779826279019
481.75	-61.81024550657089
481.8	-61.813408359619324
481.85	-61.81867167705472
481.9	-61.82488929613658
481.95	-61.83317361724184
482.0	-61.84267042475167
482.04999999999995	-61.85401692252903
482.09999999999997	-61.86687652620587
482.15000000000003	-61.88144713170057
482.20000000000005	-61.89763599189986
482.25	-61.915405079059724
482.3	-61.93466793720224
482.35	-61.95522901812413
482.4	-61.97685588727674
482.45	-61.999257944429644
482.5	-62.02215750577079
482.54999999999995	-62.045219510779006
482.59999999999997	-62.0680166117597
482.65000000000003	-62.090160593647056
482.70000000000005	-62.11139173800214
482.75	-62.131532660005945
482.8	-62.150356891371246
482.85	-62.16766563274069
482.9	-62.183351209949805
482.95	-62.19730310193027
483.0	-62.209388682284384
483.04999999999995	-62.219508701646966
483.09999999999997	-62.22751174353553
483.15000000000003	-62.233506214907734
483.20000000000005	-62.23735760512456
483.25	-62.23933207921492
483.3	-62.23917094323845
483.35	-62.2372315538005
483.4	-62.23335167717528
483.45	-62.22773933885898
483.5	-62.22046100993375
483.54999999999995	-62.21170590140061
483.59999999999997	-62.20156489676338
483.65000000000003	-62.19019279276524
483.70000000000005	-62.177674799324336
483.75	-62.16407758331447
483.8	-62.1495423244542
483.85	-62.134280419723765
483.9	-62.118525671907406
483.95	-62.102509929424315
484.0	-62.08637701834844
484.04999999999995	-62.070194002645906
484.09999999999997	-62.05389964249291
484.15000000000003	-62.03744662471718
484.20000000000005	-62.020891874187505
484.25	-62.0043074900101
484.3	-61.987698931453494
484.35	-61.97101976992589
484.4	-61.954208522443494
484.45	-61.93724690382713
484.5	-61.920065238664634
484.54999999999995	-61.90259783593967
484.59999999999997	-61.884888909476366
484.65000000000003	-61.86697969194539
484.70000000000005	-61.84889867628688
484.75	-61.83064695278376
484.8	-61.812135521003015
484.85	-61.79333056037153
484.9	-61.77433364181634
484.95	-61.75528725193105
485.0	-61.73633536279232
485.04999999999995	-61.71752378777866
485.09999999999997	-61.69885270530543
485.15000000000003	-61.68042113271609
485.20000000000005	-61.662309568680726
485.25	-61.6445505229189
485.3	-61.6271949382045
485.35	-61.61030698839896
485.4	-61.59395441233883
485.45	-61.57814437702484
485.5	-61.56295551218461
485.54999999999995	-61.548438314589134
485.59999999999997	-61.53462030151434
485.65000000000003	-61.52147157339104
485.70000000000005	-61.50903713525912
485.75	-61.497347637814855
485.8	-61.486477549135685
485.85	-61.476424731034896
485.9	-61.46726333196594
485.95	-61.4588868597525
486.0	-61.45148530405189
486.04999999999995	-61.444667787360835
486.09999999999997	-61.439132811452694
486.15000000000003	-61.43396303626525
486.20000000000005	-61.43030509485466
486.25	-61.426745392797244
486.3	-61.42458082804013
486.35	-61.42223114381301
486.4	-61.42118679487457
486.45	-61.41992320927118
486.5	-61.4200587559957
486.54999999999995	-61.42025530786019
486.59999999999997	-61.42222618459958
486.65000000000003	-61.424591645424464
486.70000000000005	-61.42878323581154
486.75	-61.43343809148318
486.8	-61.439713831087666
486.85	-61.4467309481428
486.9	-61.45499072872198
486.95	-61.46420116409523
487.0	-61.47442632878581
487.04999999999995	-61.48560500835993
487.09999999999997	-61.49757499059905
487.15000000000003	-61.51014339885157
487.20000000000005	-61.52312475152874
487.25	-61.53632003152996
487.3	-61.54949283831003
487.35	-61.56246449190117
487.4	-61.57509167340295
487.45	-61.587261348876716
487.5	-61.598792899410284
487.55	-61.609513922677934
487.59999999999997	-61.6191705755495
487.65	-61.627642491049144
487.70000000000005	-61.63466830864381
487.75	-61.640266355850365
487.8	-61.6441052317088
487.85	-61.6463285600173
487.9	-61.64633593449587
487.95	-61.64457045858237
488.0	-61.64014387593241
488.05	-61.633672707456896
488.09999999999997	-61.624409782160136
488.15	-61.61283173284573
488.20000000000005	-61.598501869267636
488.25	-61.58149344565594
488.3	-61.56160477841866
488.35	-61.5387863154953
488.4	-61.513028120925284
488.45	-61.48446111578466
488.5	-61.45362062429316
488.55	-61.42116372242868
488.59999999999997	-61.38773722524307
488.65	-61.35365186536002
488.70000000000005	-61.3190584951712
488.75	-61.284329532086474
488.8	-61.249960676999414
488.85	-61.216434602032315
488.9	-61.18430296517408
488.95	-61.15405387815042
489.0	-61.12595199667818
489.05	-61.10004433912616
489.09999999999997	-61.0761567637131
489.15	-61.05424504992576
489.20000000000005	-61.03427457384639
489.25	-61.015754582074166
489.3	-60.998996858627464
489.35	-60.982881253326426
489.4	-60.96831795923584
489.45	-60.95394102798712
489.5	-60.94110216725551
489.55	-60.92796142778248
489.59999999999997	-60.91585918160091
489.65	-60.90282029898118
489.70000000000005	-60.8897591942026
489.75	-60.875900696732415
489.8	-60.86137535828181
489.85	-60.8461684033703
489.9	-60.83021249822667
489.95	-60.813468613519305
490.0	-60.79597488517495
490.05	-60.77791933603541
490.09999999999997	-60.75944081263238
490.15	-60.74067527663381
490.20000000000005	-60.721750018780895
490.25	-60.70271858393545
490.3	-60.68363994154872
490.35	-60.664556114096015
490.4	-60.64549671509759
490.45	-60.626552285578825
490.5	-60.60787250259004
490.55	-60.58965572177121
490.59999999999997	-60.57208811674211
490.65	-60.55533353565605
490.70000000000005	-60.53958085296921
490.75	-60.52504534918209
490.8	-60.51193160334479
490.85	-60.50038921406309
490.9	-60.49049807649978
490.95	-60.4823516925093
491.0	-60.475929690054315
491.05	-60.47133239291624
491.09999999999997	-60.468282201301044
491.15	-60.46706341947133
491.20000000000005	-60.46719873185883
491.25	-60.46897507005997
491.3	-60.4719338585574
491.35	-60.476162177341955
491.4	-60.48137175801901
491.45	-60.48744615618489
491.5	-60.49413900371563
491.55	-60.501189702464195
491.59999999999997	-60.50827153980477
491.65	-60.51501903961731
491.70000000000005	-60.521115132411055
491.75	-60.526335229457885
491.8	-60.53039797872216
491.85	-60.53332884223751
491.9	-60.53457617219989
491.95	-60.53444058161821
492.0	-60.532232747804976
492.05	-60.528436098753204
492.09999999999997	-60.522511079140465
492.15	-60.51467649546083
492.20000000000005	-60.504721828516836
492.25	-60.49275861792293
492.3	-60.4787251965736
492.35	-60.46264535353828
492.4	-60.44458743133683
492.45	-60.42468447935999
492.5	-60.40303815632287
492.55	-60.37977508919971
492.59999999999997	-60.35494082105478
492.65	-60.32858263577873
492.70000000000005	-60.30087077826518
492.75	-60.27207007682877
492.8	-60.24244109619669
492.85	-60.212205799168316
492.9	-60.1815943853324
492.95	-60.15093388627902
493.0	-60.12067387250075
493.05	-60.09134250696427
493.09999999999997	-60.0632779472777
493.15	-60.03665605912797
493.20000000000005	-60.01172781231055
493.25	-59.98866153898424
493.3	-59.96747501715879
493.35	-59.948076228438296
493.4	-59.930388074395665
493.45	-59.914457802986114
493.5	-59.90035596090404
493.55	-59.88799720810796
493.59999999999997	-59.877439761762034
493.65	-59.86841481017619
493.70000000000005	-59.861127390364075
493.75	-59.85520138470257
493.8	-59.85120280537231
493.85	-59.84825173692225
493.9	-59.847342974481286
493.95	-59.847272577933765
494.0	-59.84927404409413
494.05	-59.85196147680047
494.09999999999997	-59.85658526813975
494.15	-59.86170703732892
494.2	-59.86830644551798
494.25	-59.87516586580524
494.3	-59.8831557559152
494.35	-59.89126954042857
494.40000000000003	-59.90020317579152
494.45	-59.909255064112934
494.5	-59.91889799114166
494.55	-59.92877193349881
494.59999999999997	-59.93894191246119
494.65	-59.94920078970444
494.7	-59.95950102114878
494.75	-59.96971296016651
494.8	-59.97969266033482
494.85	-59.98927135328769
494.90000000000003	-59.99838476058485
494.95	-60.00697827661345
495.0	-60.01509528266152
495.05	-60.02269219817341
495.09999999999997	-60.029786561725444
495.15	-60.03633634975101
495.2	-60.04234174248081
495.25	-60.0477525331796
495.3	-60.0525631996468
495.35	-60.05685804568816
495.40000000000003	-60.06055605037237
495.45	-60.06388349481929
495.5	-60.06658328948342
495.55	-60.069029245214956
495.59999999999997	-60.070725047167436
495.65	-60.07229129889089
495.7	-60.07292892997535
495.75	-60.07362851247267
495.8	-60.07344400924941
495.85	-60.0736017608151
495.90000000000003	-60.07274728593424
495.95	-60.0722506254605
496.0	-60.07047294326625
496.05	-60.06898266639761
496.09999999999997	-60.06593556563452
496.15	-60.06273421720684
496.2	-60.057667167261314
496.25	-60.0521028189889
496.3	-60.04506425135423
496.35	-60.03735115691659
496.40000000000003	-60.02854260579777
496.45	-60.01877842259347
496.5	-60.00796800028435
496.55	-59.9961855690332
496.59999999999997	-59.98320761046813
496.65	-59.96904555473175
496.7	-59.95350684588353
496.75	-59.93661375155337
496.8	-59.91819554485461
496.85	-59.898194237844976
496.90000000000003	-59.87645214073524
496.95	-59.85294688563785
497.0	-59.82760479492528
497.05	-59.80025799950739
497.09999999999997	-59.77073728420317
497.15	-59.73900746567856
497.2	-59.70516668276504
497.25	-59.66937021622958
497.3	-59.631741636092656
497.35	-59.59254301849262
497.40000000000003	-59.55207732009108
497.45	-59.51062804549926
497.5	-59.46856036495679
497.55	-59.426346823067405
497.59999999999997	-59.384664156405954
497.65	-59.344131930284945
497.7	-59.30523380006356
497.75	-59.268420213239246
497.8	-59.234043803297894
497.85	-59.20217992184457
497.90000000000003	-59.172735777664485
497.95	-59.14575928987262
498.0	-59.12141998630888
498.05	-59.0998519267558
498.09999999999997	-59.08093004199061
498.15	-59.06423813362616
498.2	-59.04984098977994
498.25	-59.03709753736847
498.3	-59.026615811154215
498.35	-59.01730902646429
498.40000000000003	-59.01039917036812
498.45	-59.00410399333383
498.5	-58.99989633843835
498.55	-58.9957670468512
498.59999999999997	-58.99323382472483
498.65	-58.990219043634596
498.7	-58.9880415040887
498.75	-58.98498846952813
498.8	-58.98246004667788
498.85	-58.979082037438204
498.90000000000003	-58.97583597161977
498.95	-58.97163590421496
499.0	-58.9672296212384
499.05	-58.96211371893321
499.09999999999997	-58.95665807155786
499.15	-58.950652429062764
499.2	-58.94420933641007
499.25	-58.93736863332566
499.3	-58.930271764115005
499.35	-58.92304228006294
499.40000000000003	-58.91579271843244
499.45	-58.90868846579144
499.5	-58.901861131585875
499.55	-58.89547465820012
499.59999999999997	-58.88955922520769
499.65	-58.88431442621652
499.7	-58.879662053819075
499.75	-58.876081539029094
499.8	-58.87321776403959
499.85	-58.8721191850952
499.90000000000003	-58.871802826117026
499.95	-58.87355852169273
500.0	-58.87611201290927
500.05	-58.88080953260761
500.09999999999997	-58.88634982358332
500.15	-58.893752947392805
500.2	-58.90198992374804
500.25	-58.911692598082155
500.29999999999995	-58.92227702449699
500.34999999999997	-58.934231874383485
500.4	-58.94723412694877
500.44999999999993	-58.9612872458247
500.49999999999994	-58.97623171903304
500.55000000000007	-58.99205042801273
500.6	-59.00859643589315
500.65000000000003	-59.02556158374661
500.70000000000005	-59.042618958552566
500.75	-59.059569688551015
500.8	-59.07621107659986
500.85	-59.09225298534958
500.90000000000003	-59.107414457010506
500.95	-59.121484194844754
501.0	-59.1342913397809
501.05	-59.145622152893466
501.09999999999997	-59.15524849329289
501.15	-59.16299575570295
501.2	-59.16875458186824
501.25	-59.17238704011169
501.29999999999995	-59.173896985390236
501.34999999999997	-59.17314330583815
501.4	-59.17022965583702
501.44999999999993	-59.16495313925803
501.49999999999994	-59.15737955304729
501.55000000000007	-59.14741748072642
501.6	-59.13514316339348
501.65000000000003	-59.120600243130305
501.70000000000005	-59.10386495766235
501.75000000000006	-59.085123826273716
501.8	-59.06470638554504
501.85	-59.04299602656243
501.90000000000003	-59.02026942943109
501.95	-58.996713721689446
502.0	-58.972649013664835
502.05	-58.94858925591274
502.09999999999997	-58.92504428430034
502.15	-58.9023731937224
502.2	-58.88081289745931
502.25	-58.86051190266257
502.29999999999995	-58.841640050347436
502.34999999999997	-58.82434441371355
502.4	-58.80870799329237
502.44999999999993	-58.79471125490312
502.49999999999994	-58.782393188765276
502.55000000000007	-58.771697106728325
502.6	-58.76270101144608
502.65000000000003	-58.755104638958045
502.70000000000005	-58.74908670133101
502.75000000000006	-58.74428054873856
502.8	-58.740959331872894
502.85	-58.73860888417919
502.90000000000003	-58.737554587192776
502.95	-58.737237805753445
503.0	-58.73792009044371
503.05	-58.73910226606647
503.09999999999997	-58.74086393472636
503.15	-58.742913249480125
503.2	-58.74519368742858
503.25	-58.74753845743464
503.29999999999995	-58.74987719870781
503.34999999999997	-58.75213018788068
503.4	-58.75423916887752
503.44999999999993	-58.756217069879796
503.49999999999994	-58.757935030701006
503.55000000000007	-58.75958978204625
503.6	-58.760927820496654
503.65000000000003	-58.76233876431841
503.70000000000005	-58.763425456505786
503.75000000000006	-58.76479494284702
503.8	-58.766040714013684
503.85	-58.76795350163178
503.90000000000003	-58.77005706129663
503.95	-58.7731154053526
504.0	-58.776646811313825
504.05	-58.78139219916129
504.09999999999997	-58.78697068280618
504.15	-58.79381480372541
504.2	-58.80181006802614
504.25	-58.81106523571053
504.29999999999995	-58.82155215364091
504.34999999999997	-58.83327291983934
504.4	-58.84621503536937
504.44999999999993	-58.86031727717864
504.49999999999994	-58.87544039728421
504.55000000000007	-58.89151484206812
504.6	-58.90850518890366
504.65000000000003	-58.926310097264775
504.70000000000005	-58.94471373379905
504.75000000000006	-58.96346992232694
504.8	-58.98228515264702
504.85	-59.00083167010027
504.90000000000003	-59.018881974619234
504.95	-59.03628012840228
505.0	-59.0528209103103
505.05	-59.0683067720081
505.09999999999997	-59.0825938225084
505.15	-59.09549446791963
505.2	-59.106799459971526
505.25	-59.116323353744875
505.29999999999995	-59.12393820803695
505.34999999999997	-59.129554636477906
505.4	-59.133126942274
505.44999999999993	-59.13465207092589
505.49999999999994	-59.13414002193004
505.55000000000007	-59.13155104824023
505.6	-59.12684347844784
505.65000000000003	-59.11999146576322
505.70000000000005	-59.11100921761836
505.75000000000006	-59.09991858415637
505.8	-59.08680681500644
505.85	-59.071849599517535
505.90000000000003	-59.05518909566078
505.95	-59.0369190578287
506.0	-59.01711570495819
506.05	-58.995882962353456
506.1	-58.9733650642287
506.15	-58.94964656384563
506.2	-58.92472601320243
506.25	-58.89860212780184
506.29999999999995	-58.87138277778945
506.34999999999997	-58.84338767711412
506.4	-58.81478538576482
506.44999999999993	-58.78552579865025
506.49999999999994	-58.75577232066219
506.54999999999995	-58.72589002497236
506.6	-58.6962009342312
506.65000000000003	-58.66695949284373
506.70000000000005	-58.63840969208725
506.75000000000006	-58.61086511002172
506.8	-58.58455857622588
506.85	-58.55955813298911
506.90000000000003	-58.53581531538428
506.95	-58.513189299645106
507.0	-58.491674982935095
507.05	-58.47135537250786
507.1	-58.45226883815952
507.15	-58.434463760671434
507.2	-58.417974104369506
507.25	-58.402699910431565
507.29999999999995	-58.388645133912036
507.34999999999997	-58.375465634046414
507.4	-58.36339684377377
507.44999999999993	-58.35178977903723
507.49999999999994	-58.341196023575094
507.54999999999995	-58.330558907252396
507.6	-58.32070847570236
507.65000000000003	-58.31051491856455
507.70000000000005	-58.300851116435936
507.75000000000006	-58.29065569040759
507.8	-58.2807229825784
507.85	-58.270293696064435
507.90000000000003	-58.26008355417474
507.95	-58.249122665285256
508.0	-58.23803403190937
508.05	-58.22605943477777
508.1	-58.21356682805704
508.15	-58.200121204126226
508.2	-58.1858906420673
508.25	-58.17081490311011
508.29999999999995	-58.154993282619174
508.34999999999997	-58.1384773785532
508.4	-58.12132478076792
508.44999999999993	-58.10361852390713
508.49999999999994	-58.08549642384809
508.54999999999995	-58.06718238384331
508.6000000000001	-58.0488810438429
508.65000000000003	-58.030737294412056
508.70000000000005	-58.01294967403966
508.75000000000006	-57.9957368977463
508.8	-57.97934730033445
508.85	-57.96405689147405
508.90000000000003	-57.95007370362238
508.95	-57.93748902473593
509.0	-57.92632213660607
509.05	-57.91666965812077
509.1	-57.90846177456031
509.15	-57.90204708074852
509.2	-57.896698181237
509.25	-57.89326577098852
509.29999999999995	-57.89069830924052
509.34999999999997	-57.890080030323006
509.4	-57.89019500579374
509.44999999999993	-57.891966732983036
509.49999999999994	-57.89419632411572
509.54999999999995	-57.89758300265945
509.6000000000001	-57.901228888001235
509.65000000000003	-57.90542084618494
509.70000000000005	-57.909567502778984
509.75000000000006	-57.91376555201041
509.8	-57.91766929294347
509.85	-57.92133949180793
509.90000000000003	-57.92452062863174
509.95	-57.927146197682845
510.0	-57.92916378318932
510.05	-57.9303011835847
510.1	-57.93078749318283
510.15	-57.93006491050103
510.2	-57.92864380995738
510.25	-57.925781390501996
510.29999999999995	-57.92220394983251
510.34999999999997	-57.9171577137857
510.4	-57.911390116117644
510.44999999999993	-57.90421583127825
510.49999999999994	-57.896175942741294
510.54999999999995	-57.88689568980192
510.6000000000001	-57.87669325972131
510.65000000000003	-57.865399744318566
510.70000000000005	-57.85319626519544
510.75000000000006	-57.8399676383254
510.8	-57.82583755752398
510.85	-57.810895638486386
510.90000000000003	-57.79524845813993
510.95	-57.77892874818502
511.0	-57.76202501279713
511.05	-57.744765018488295
511.1	-57.727374296184266
511.15	-57.70997775189001
511.2	-57.692665633539434
511.25	-57.67554814681591
511.29999999999995	-57.65879082145432
511.34999999999997	-57.64251457892958
511.4	-57.626779327285504
511.44999999999993	-57.61149471126724
511.49999999999994	-57.59657150790645
511.54999999999995	-57.581866647959096
511.6000000000001	-57.56737938113142
511.65000000000003	-57.55304446445445
511.70000000000005	-57.53892446449291
511.75000000000006	-57.525005672592485
511.8	-57.51122691140628
511.85	-57.497477932714446
511.90000000000003	-57.4836923561319
511.95	-57.46984612029746
512.0	-57.45598075647885
512.05	-57.44208928589735
512.1	-57.42811160656292
512.15	-57.41396078888252
512.2	-57.39957803616889
512.25	-57.384806168462944
512.3	-57.3695405128243
512.35	-57.35366551617281
512.4	-57.33713932417638
512.4499999999999	-57.31983577259848
512.5	-57.301624084689976
512.55	-57.28232077463163
512.5999999999999	-57.26187511331475
512.6500000000001	-57.24022345711363
512.7	-57.217370398060766
512.75	-57.193494135316165
512.8000000000001	-57.168734119978765
512.85	-57.143078120553554
512.9	-57.1164320032711
512.95	-57.08891991343273
513.0	-57.061014369584825
513.05	-57.033179989244815
513.1	-57.00569577749188
513.15	-56.97880184878978
513.2	-56.952715734314936
513.25	-56.92763419408837
513.3	-56.90366255072205
513.35	-56.88092750439755
513.4	-56.85965461551797
513.4499999999999	-56.84000529484664
513.5	-56.822053899682274
513.55	-56.80586713800459
513.5999999999999	-56.79152615762234
513.6500000000001	-56.7791358334222
513.7	-56.76869553832205
513.75	-56.76014029316987
513.8000000000001	-56.753247603702135
513.85	-56.74801458030771
513.9	-56.74418056764506
513.95	-56.74179840082401
514.0	-56.74050901083354
514.05	-56.74032781955384
514.1	-56.74097632782083
514.15	-56.74233496043982
514.2	-56.74421931633716
514.25	-56.74644513364524
514.3	-56.74883135088635
514.35	-56.751210042246555
514.4	-56.75342805831258
514.4499999999999	-56.75533797832884
514.5	-56.756858267464665
514.55	-56.7578752886123
514.5999999999999	-56.75838285097204
514.6500000000001	-56.75827514548858
514.7	-56.75753808698702
514.75	-56.75611462227309
514.8000000000001	-56.753990683464565
514.85	-56.75115813551104
514.9	-56.7475869544483
514.95	-56.74329420243847
515.0	-56.738222392895736
515.05	-56.73242129529121
515.1	-56.72581864772734
515.15	-56.71850476822636
515.2	-56.710307004511016
515.25	-56.70129673381852
515.3	-56.69126932512549
515.35	-56.68032187917876
515.4	-56.6683727316789
515.4499999999999	-56.65544725466293
515.5	-56.64139645707759
515.55	-56.6261753820845
515.5999999999999	-56.60977887899719
515.6500000000001	-56.59223089310146
515.7	-56.573527306988105
515.75	-56.553780038080646
515.8000000000001	-56.5332239160972
515.85	-56.512177519950995
515.9	-56.49083555408836
515.95	-56.469240525293884
516.0	-56.44746180713263
516.05	-56.42557205811367
516.1	-56.40359742940022
516.15	-56.38163878939699
516.2	-56.35984775334656
516.25	-56.33842015877896
516.3	-56.317551150960355
516.35	-56.2973729165937
516.4	-56.277901853386716
516.4499999999999	-56.259052659142554
516.5	-56.24069836638186
516.55	-56.222832239443704
516.5999999999999	-56.20534701477895
516.6500000000001	-56.188269886413224
516.7	-56.171352806700355
516.75	-56.15451624237198
516.8000000000001	-56.13757576042715
516.85	-56.120564251465936
516.9	-56.10330991350979
516.95	-56.08572161172995
517.0	-56.067634312195906
517.05	-56.04908422635722
517.1	-56.03005028356462
517.15	-56.01047703484572
517.2	-55.990195401494915
517.25	-55.969110340547566
517.3	-55.94723702233418
517.35	-55.92459502538205
517.4	-55.90112418681464
517.4499999999999	-55.87683362437674
517.5	-55.85186401401616
517.55	-55.826480964877746
517.5999999999999	-55.80085784694205
517.6500000000001	-55.7750968777527
517.7	-55.74944242250229
517.75	-55.724251475288696
517.8000000000001	-55.69982840088139
517.85	-55.67645558961993
517.9	-55.65440621936408
517.95	-55.63392888166135
518.0	-55.615161950675585
518.05	-55.59827277376729
518.1	-55.58351053235653
518.15	-55.57103905177608
518.2	-55.5609226292237
518.25	-55.55316092873173
518.3	-55.54771543460886
518.35	-55.54453674835278
518.4	-55.543513136281376
518.4499999999999	-55.54456766589347
518.5	-55.54759376703062
518.55	-55.5524880298143
518.5999999999999	-55.55910477109039
518.6500000000001	-55.56722946599788
518.7	-55.57656545248224
518.75	-55.58677299000794
518.8000000000001	-55.59744703151462
518.85	-55.608187558198175
518.9	-55.6186580080346
518.95	-55.62853525435895
519.0	-55.63754407044435
519.05	-55.64545697824394
519.1	-55.652087175278126
519.15	-55.657258257488316
519.2	-55.66086470698677
519.25	-55.662768388860314
519.3	-55.662972043895934
519.35	-55.661354929356506
519.4	-55.65794700252583
519.4499999999999	-55.65267486081963
519.5	-55.64557683837454
519.55	-55.636644792529296
519.5999999999999	-55.62591969013356
519.65	-55.61350816881342
519.7	-55.59961643286429
519.75	-55.58447078432498
519.8000000000001	-55.568284073890815
519.85	-55.5512598534351
519.9	-55.5336315568081
519.95	-55.515560870914186
520.0	-55.497162521492115
520.0500000000001	-55.47860695951387
520.1	-55.460025436835224
520.15	-55.44152924558114
520.2	-55.4233078298287
520.25	-55.405526577933585
520.3	-55.38830949821144
520.35	-55.37174090580533
520.4	-55.35583815663537
520.4499999999999	-55.34062164055549
520.5	-55.32601871373649
520.55	-55.31208390056795
520.5999999999999	-55.29872601648967
520.65	-55.285994140117985
520.7	-55.273803984952224
520.75	-55.26220408095232
520.8000000000001	-55.251100554522765
520.85	-55.24054841497117
520.9	-55.230554093679046
520.95	-55.22119776159467
521.0	-55.212481303646285
521.0500000000001	-55.20442116536358
521.1	-55.19704907664299
521.15	-55.19041515809208
521.2	-55.18450103744699
521.25	-55.1793477619799
521.3	-55.17476537990765
521.35	-55.17095134272432
521.4	-55.167442066945114
521.4499999999999	-55.164597792851296
521.5	-55.16182840811358
521.55	-55.15951554003418
521.5999999999999	-55.157050809189094
521.65	-55.154736513572175
521.7	-55.152069868775584
521.75	-55.14923585965447
521.8000000000001	-55.14593731134664
521.85	-55.142192886925045
521.9	-55.13788362019605
521.95	-55.13289863563358
522.0	-55.127232647962174
522.0500000000001	-55.12076566547228
522.1	-55.11355741380605
522.15	-55.10555931179091
522.2	-55.0968454392536
522.25	-55.08737908839733
522.3	-55.07726432563297
522.35	-55.06660054942764
522.4	-55.05556066346455
522.4499999999999	-55.0442425190149
522.5	-55.032757296371244
522.55	-55.02122815531756
522.5999999999999	-55.009802051913894
522.65	-54.99866701396773
522.7	-54.988023046027905
522.75	-54.97804401169657
522.8000000000001	-54.9688776653623
522.85	-54.960656195810074
522.9	-54.953471067736906
522.95	-54.94743124017758
523.0	-54.94247878442032
523.0500000000001	-54.9387404425601
523.1	-54.936000933322944
523.15	-54.93449758209363
523.2	-54.93383989528877
523.25	-54.93423634953662
523.3	-54.93527514954293
523.35	-54.93694495428633
523.4	-54.93902557079807
523.4499999999999	-54.94136498078504
523.5	-54.94374624930716
523.55	-54.94598572907094
523.5999999999999	-54.94791621739462
523.65	-54.949290664930565
523.7	-54.950137984934635
523.75	-54.949982431461194
523.8000000000001	-54.949062121615064
523.85	-54.946852170259604
523.9	-54.94376648574488
523.95	-54.93924546834076
524.0	-54.933716201127126
524.0500000000001	-54.92658625767929
524.1	-54.91821729691229
524.15	-54.9082045672714
524.2	-54.89673091209255
524.25	-54.88355349503456
524.3	-54.8687559721998
524.35	-54.85241225442613
524.4	-54.83459021856159
524.4499999999999	-54.815303425609756
524.5	-54.79456665949067
524.55	-54.77237039489624
524.5999999999999	-54.74875098286895
524.65	-54.72383455408108
524.7	-54.69782172294133
524.75	-54.670996191394494
524.8000000000001	-54.64360726700381
524.85	-54.61580459137027
524.9	-54.587792888645765
524.95	-54.559723233392226
525.0	-54.53157665260697
525.0500000000001	-54.50319987612154
525.1	-54.47462938324728
525.15	-54.446090223196094
525.2	-54.41776185315884
525.25	-54.38971116179846
525.3	-54.36192538077334
525.35	-54.33437846557357
525.4	-54.307144772769036
525.4499999999999	-54.28036493527358
525.5	-54.25413366222726
525.55	-54.228537388193196
525.5999999999999	-54.20363022810617
525.65	-54.17941523331877
525.6999999999999	-54.155838185907584
525.75	-54.132960082946454
525.8000000000001	-54.110949033725035
525.85	-54.089943686758424
525.9000000000001	-54.06999466690104
525.95	-54.05104224706452
526.0	-54.03298213841448
526.0500000000001	-54.015807798771476
526.1	-53.99943809615367
526.15	-53.98385232101873
526.2	-53.96884337283188
526.25	-53.95440039881416
526.3	-53.9402730507177
526.35	-53.926507134113926
526.4	-53.91293964047948
526.4499999999999	-53.899594447219954
526.5	-53.88636919367627
526.55	-53.87327411049519
526.5999999999999	-53.86027140815963
526.65	-53.84737876145647
526.6999999999999	-53.834665653428864
526.75	-53.82223080987899
526.8000000000001	-53.81010381816435
526.85	-53.79834610279807
526.9000000000001	-53.787001636732015
526.95	-53.776182862755306
527.0	-53.7659071015093
527.0500000000001	-53.75627351128178
527.1	-53.747273787750785
527.15	-53.739105258662406
527.2	-53.73175622422356
527.25	-53.725434814515516
527.3	-53.72013808464904
527.35	-53.71607413281154
527.4	-53.7132543312963
527.4499999999999	-53.711972007089344
527.5	-53.711935693604666
527.55	-53.713742311021534
527.5999999999999	-53.71685518479234
527.65	-53.72183147400035
527.6999999999999	-53.72813793903317
527.75	-53.736058322385404
527.8000000000001	-53.74536477119648
527.85	-53.75593340002594
527.9000000000001	-53.76748776418748
527.95	-53.77956100425949
528.0	-53.79173979208638
528.0500000000001	-53.80354713919367
528.1	-53.81443273003951
528.15	-53.82390126611358
528.2	-53.831541322416825
528.25	-53.836989171941475
528.3	-53.83994221306894
528.35	-53.840165841849455
528.4	-53.83747202005314
528.4499999999999	-53.83155086952118
528.5	-53.82212315988948
528.55	-53.80888931224908
528.5999999999999	-53.79156485734491
528.65	-53.76987530217775
528.6999999999999	-53.74354416107282
528.75	-53.71228160204963
528.8000000000001	-53.67586535317422
528.85	-53.634108469743325
528.9000000000001	-53.58676648452929
528.95	-53.53366672126422
529.0	-53.474813484699574
529.0500000000001	-53.41027390005956
529.1	-53.339890489902416
529.15	-53.26352778352978
529.2	-53.181463965049076
529.25	-53.09404092143947
529.3	-53.001404263737285
529.35	-52.90288274019474
529.4	-52.79741506657298
529.4499999999999	-52.68421122099244
529.5	-52.562027675311356
529.55	-52.429494881330555
529.5999999999999	-52.286190309275156
529.65	-52.132929334319584
529.6999999999999	-51.971798679726746
529.75	-51.804425466747084
529.8000000000001	-51.63177900289885
529.85	-51.45503420873968
529.9000000000001	-51.27453008757287
529.95	-51.08976304736835
530.0	-50.90116711773301
530.0500000000001	-50.71238299359559
530.1	-50.52780648637
530.15	-50.34796885568741
530.2	-50.17003503589896
530.25	-49.99144928552475
530.3	-49.810162424557845
530.35	-49.62502387607652
530.4	-49.434508871548864
530.4499999999999	-49.23703203840253
530.5	-49.031329885019304
530.55	-48.81533709402699
530.5999999999999	-48.58735265022327
530.65	-48.346472758805234
530.6999999999999	-48.091991565302315
530.75	-47.822039561976055
530.8000000000001	-47.53225604923456
530.85	-47.219696248434595
530.9000000000001	-46.88393331874698
530.95	-46.52415139962087
531.0	-46.14263658847244
531.0500000000001	-45.738514705603095
531.1	-45.309189453993426
531.15	-44.86061860081302
531.2	-44.39717472620245
531.25	-43.91162587650649
531.3	-43.391829423297196
531.35	-42.82697331641522
531.4	-42.219733656299404
531.4499999999999	-41.58109735604052
531.5	-40.905823362940794
531.55	-40.178255305947395
531.5999999999999	-39.39870626987342
531.65	-38.59610812155711
531.6999999999999	-37.755349609594845
531.75	-36.823308271558574
531.8000000000001	-35.79601657735538
531.85	-34.68198203081613
531.9000000000001	-33.44358760654369
531.95	-32.12518528286087
532.0	-30.81761878022881
532.0500000000001	-29.519782097843688
532.1	-28.119041877433443
532.15	-26.587653674238524
532.2	-25.039722433710786
532.25	-23.515140617501867
532.3	-22.03021310547703
532.35	-20.541918298140054
532.4	-19.02857343425233
532.4499999999999	-17.577138077428017
532.5	-16.227634075385616
532.55	-14.8810676720332
532.5999999999999	-13.510537833770965
532.65	-12.173259791176887
532.6999999999999	-10.944535192568905
532.75	-9.823970052803887
532.8000000000001	-8.762222215541213
532.85	-7.757869678815952
532.9000000000001	-6.8106688047862525
532.95	-5.930367998930729
533.0	-5.122116427157876
533.0500000000001	-4.372245362317128
533.1	-3.670121875361972
533.15	-3.0203068304283995
533.2	-2.421885910452251
533.25	-1.8712296129503767
533.3	-1.355173478485948
533.35	-0.8638334066145745
533.4	-0.39506985300283026
533.4499999999999	0.050836478338874634
533.5	0.47289044138772307
533.55	0.878356011779247
533.5999999999999	1.27399744158027
533.65	1.6666027798661773
533.6999999999999	2.0561736650850895
533.75	2.4314185412285596
533.8000000000001	2.784262300592892
533.85	3.1149742840583405
533.9000000000001	3.4272924289608717
533.95	3.723987856053588
534.0	4.004359583664564
534.0500000000001	4.268543890588223
534.1	4.5164449065871795
534.15	4.748675475211946
534.2	4.967968122085378
534.25	5.176129280483039
534.3	5.376033873430771
534.35	5.571629145893761
534.4	5.763630348062097
534.4499999999999	5.950581895927259
534.5	6.131641198607335
534.55	6.306627357794448
534.5999999999999	6.475237730439456
534.65	6.636832844390125
534.6999999999999	6.79125472046439
534.75	6.938413588067154
534.8000000000001	7.0784863655441495
534.85	7.2118457867422485
534.9000000000001	7.338434525188733
534.95	7.457645002094942
535.0	7.569182183942052
535.0500000000001	7.673687839563001
535.1	7.772694891190504
535.15	7.867441956054167
535.2	7.95811550788209
535.25	8.044820744590785
535.3	8.127623573848185
535.35	8.206416033692655
535.4	8.281151115957599
535.4499999999999	8.351569845402864
535.5	8.417598124358744
535.55	8.479638089805942
535.5999999999999	8.537984746936925
535.65	8.592759970626172
535.6999999999999	8.644078065962056
535.75	8.691938964764065
535.8000000000001	8.736079272722176
535.85	8.776335155214074
535.9000000000001	8.812952579832249
535.95	8.846181939706728
536.0	8.875971425482913
536.0500000000001	8.902214947064408
536.1	8.924849799601542
536.15	8.943897729747409
536.2	8.959443202624517
536.25	8.971542554499145
536.3	8.980274384488222
536.35	8.985750720085097
536.4	8.988080360832807
536.4499999999999	8.987407833676462
536.5	8.983789135105951
536.55	8.97728791092752
536.5999999999999	8.967961097108882
536.65	8.955935046032991
536.6999999999999	8.941375044576159
536.75	8.924441264423951
536.8000000000001	8.905419376887966
536.85	8.884742685431917
536.9000000000001	8.862794491150174
536.95	8.83993233370574
537.0	8.81663260614516
537.0500000000001	8.793476461572297
537.1	8.770955932796438
537.15	8.749320131491384
537.2	8.728709694780346
537.25	8.709249958872094
537.3	8.691050583567531
537.35	8.674201454366992
537.4	8.658738153663974
537.4499999999999	8.644768609604455
537.5	8.632175608177857
537.55	8.62113426690277
537.6	8.611214575010793
537.65	8.602805855508294
537.6999999999999	8.595213469606346
537.75	8.589263596168674
537.8	8.583914916494658
537.85	8.580365444004624
537.9000000000001	8.577089275151092
537.95	8.575422504577734
538.0	8.573616975195463
538.0500000000001	8.57316845442421
538.1	8.572450348813454
538.15	8.573063287971195
538.2	8.57332870656752
538.25	8.574480678030795
538.3	8.574978250763992
538.35	8.575834998257358
538.4	8.575747187631261
538.4499999999999	8.575685976661376
538.5	8.574716769832795
538.55	8.573604016487533
538.6	8.571703478522426
538.65	8.569407656011503
538.6999999999999	8.566380316539117
538.75	8.562677790623052
538.8	8.558199388783276
538.85	8.552862347108483
538.9000000000001	8.546696424750028
538.95	8.539489598925943
539.0	8.531355062792793
539.0500000000001	8.521942218285279
539.1	8.511416604162989
539.15	8.49948756195834
539.2	8.486253170009526
539.25	8.4714374444839
539.3	8.455029044425984
539.35	8.436910829788502
539.4	8.417033852709888
539.4499999999999	8.395424632952187
539.5	8.372134886692653
539.55	8.347262825581309
539.6	8.320948688502607
539.65	8.293225927954081
539.6999999999999	8.264114951574687
539.75	8.233717860367936
539.8	8.202368490557259
539.85	8.170370590671137
539.9000000000001	8.137724582211753
539.95	8.10429926872447
540.0	8.070088109116437
540.0500000000001	8.035378907717933
540.1	8.0006361014959
540.15	7.965972735880001
540.2	7.931228939333872
540.25	7.896230893749639
540.3	7.860800127340925
540.35	7.824771857013323
540.4	7.787938040219666
540.4499999999999	7.750130169476977
540.5	7.7112543672268465
540.55	7.671209862480492
540.6	7.629882883235509
540.65	7.587213485746361
540.6999999999999	7.543130722525329
540.75	7.497565221609181
540.8	7.450307884807195
540.85	7.401180872395237
540.9000000000001	7.3499754595070765
540.95	7.2964714989687245
541.0	7.240565032935639
541.0500000000001	7.182309480236309
541.1	7.121850971084313
541.15	7.059223739615105
541.2	6.994399183951368
541.25	6.927334429560199
541.3	6.858140199831418
541.35	6.787160732334737
541.4	6.714802567273171
541.4499999999999	6.641351890719635
541.5	6.567537550657699
541.55	6.494371090905216
541.6	6.422649842702224
541.65	6.353007074929474
541.6999999999999	6.285473117366363
541.75	6.219537148403561
541.8	6.1549353395186195
541.85	6.0917913403171955
541.9000000000001	6.03040890795285
541.95	5.970861323103527
542.0	5.912759460995824
542.0500000000001	5.855837115499697
542.1	5.800156859499873
542.15	5.746039240698462
542.2	5.693572423003044
542.25	5.64248480905613
542.3	5.592555960157917
542.35	5.543816885299169
542.4	5.496215362750629
542.4499999999999	5.449570279944476
542.5	5.403768695132905
542.55	5.358954674203234
542.6	5.315263921190134
542.65	5.272527908608744
542.6999999999999	5.230550542416616
542.75	5.189234175092442
542.8	5.148480207949568
542.85	5.107997665315444
542.9000000000001	5.0674577967736205
542.95	5.026669012761781
543.0	4.9855133011905295
543.0500000000001	4.943995801672615
543.1	4.90215631257789
543.15	4.859866487553363
543.2	4.817047926824719
543.25	4.773652771344636
543.3	4.729573116705144
543.35	4.684691801452887
543.4	4.638804029712954
543.45	4.5918681679962745
543.5	4.544122860685929
543.55	4.495724795172013
543.6	4.44675828418087
543.65	4.39724153223183
543.6999999999999	4.347176645185291
543.75	4.2965608757358655
543.8	4.245143529528157
543.8499999999999	4.192654182994595
543.9000000000001	4.1389080578282655
543.95	4.0836542651963015
544.0	4.026618657327456
544.0500000000001	3.967689867196391
544.1	3.9069640944605952
544.15	3.844700004492789
544.2	3.7809373640291204
544.25	3.715692346974034
544.3	3.648729298000364
544.35	3.579688641879646
544.4	3.508732419062448
544.45	3.4360827175836186
544.5	3.3618019862697417
544.55	3.285965062690321
544.6	3.208714619744264
544.65	3.1303913299195623
544.6999999999999	3.051543538602389
544.75	2.9729281549163913
544.8	2.8954388015863635
544.8499999999999	2.81948052818855
544.9000000000001	2.7449091524489626
544.95	2.6709327025725047
545.0	2.59652163063682
545.0500000000001	2.5212744064499293
545.1	2.4454406485215996
545.15	2.3693760205614662
545.2	2.2934695244313787
545.25	2.2177101220391506
545.3	2.142104781194341
545.35	2.0667404644694525
545.4	1.991313606658622
545.45	1.915440199260427
545.5	1.8389069991718756
545.55	1.7617895003952602
545.6	1.6836915544200015
545.65	1.60386165737052
545.6999999999999	1.5223696587851228
545.75	1.4400080821877337
545.8	1.3573236864571112
545.8499999999999	1.2747261454784606
545.9000000000001	1.1923706126755627
545.95	1.1108178761004672
546.0	1.030892829598514
546.0500000000001	0.9530581479288877
546.1	0.8775984510609706
546.15	0.8047193705618415
546.2	0.734926818121396
546.25	0.6684969033227458
546.3	0.6048992210391202
546.35	0.5434487738781256
546.4	0.48400643625479045
546.45	0.4268879307597481
546.5	0.372222478695026
546.55	0.31961748129514567
546.6	0.26871036933507
546.65	0.21931581627984925
546.6999999999999	0.17127799856476095
546.75	0.12443507036057155
546.8	0.0785719928608205
546.8499999999999	0.03369321482834438
546.9000000000001	-0.010123321000699126
546.95	-0.05308038580949147
547.0	-0.09554386548756066
547.0500000000001	-0.1377009345394593
547.1	-0.179570294867337
547.15	-0.2211976032296762
547.2	-0.2629776541851677
547.25	-0.3053649585773648
547.3	-0.3485973213273382
547.35	-0.39288585663341863
547.4	-0.43850468212799043
547.45	-0.485784971735335
547.5	-0.5349546215481116
547.55	-0.5863418940445927
547.6	-0.6402359147407606
547.65	-0.6965714591523122
547.6999999999999	-0.7551432170620467
547.75	-0.8159129301965697
547.8	-0.8788319495335579
547.8499999999999	-0.9439936945082703
547.9000000000001	-1.011511621953122
547.95	-1.0812273332578823
548.0	-1.1529071254259753
548.0500000000001	-1.226241269935695
548.1	-1.3007388545240774
548.15	-1.3755494476587395
548.2	-1.44984632042634
548.25	-1.5235563376345358
548.3	-1.5968505542769198
548.35	-1.6697302064517074
548.4	-1.7423432882536678
548.45	-1.8148617455258191
548.5	-1.8875528630300304
548.55	-1.9605174906828904
548.6	-2.033779334239465
548.65	-2.107306863817458
548.6999999999999	-2.1810155844778887
548.75	-2.255051891539688
548.8	-2.3294340571328243
548.8499999999999	-2.403713868968011
548.9000000000001	-2.4780881601934146
548.95	-2.553585280192854
549.0	-2.631173810790016
549.0500000000001	-2.7112907315241257
549.1	-2.7934523147386496
549.15	-2.8771594523974473
549.2	-2.962160614623092
549.25	-3.0485529510556
549.3	-3.1366760715696262
549.35	-3.2265011451968166
549.4	-3.317668133454636
549.45	-3.4096930162085073
549.5	-3.5023576250340627
549.55	-3.5961795309137536
549.6	-3.6911386911854347
549.65	-3.786286759006524
549.6999999999999	-3.8814141543916048
549.75	-3.9770278675709405
549.8	-4.073454418445865
549.8499999999999	-4.170201275699888
549.9000000000001	-4.2668835623495465
549.95	-4.364190377711116
550.0	-4.462947123527398
550.0500000000001	-4.563144075027655
550.1	-4.6640500698203144
550.15	-4.764803374375845
550.2	-4.86561043833202
550.25	-4.966832614964082
550.3	-5.0686400538550656
550.35	-5.171235030826608
550.4	-5.274698140886015
550.45	-5.379201796136544
550.5	-5.48416288154715
550.55	-5.588651420357101
550.6	-5.691823213040965
550.65	-5.792847477650721
550.6999999999999	-5.890756473104972
550.75	-5.984104272562462
550.8	-6.071397848660991
550.8499999999999	-6.151862390338511
550.9	-6.22525383167018
550.95	-6.291590990060892
551.0	-6.351187840621575
551.0500000000001	-6.404154495594787
551.1	-6.4509105612647
551.15	-6.491734562594826
551.2	-6.527138649896367
551.25	-6.5575101081622
551.3000000000001	-6.583345682061131
551.35	-6.6062178267807
551.4	-6.625121207494415
551.45	-6.64245806651735
551.5	-6.656630364383623
551.55	-6.669973393188473
551.6	-6.6812472053326
551.65	-6.691718669794328
551.6999999999999	-6.7007080531011844
551.75	-6.7090116555826445
551.8	-6.7164673001220425
551.8499999999999	-6.723373046662282
551.9	-6.7298109765886025
551.95	-6.735946764286523
552.0	-6.741869074663098
552.0500000000001	-6.747576220091993
552.1	-6.753087171373188
552.15	-6.758398878538991
552.2	-6.763526751919161
552.25	-6.768618519843233
552.3000000000001	-6.773545766374983
552.35	-6.778683969346323
552.4	-6.783570197802981
552.45	-6.788920396638829
552.5	-6.794058365084869
552.55	-6.800171368357885
552.6	-6.806550891123795
552.65	-6.814154756862459
552.6999999999999	-6.822374946325082
552.75	-6.8319560306229405
552.8	-6.842609526523665
552.8499999999999	-6.8547925162646255
552.9	-6.868503377077785
552.95	-6.884079510860506
553.0	-6.901676141255123
553.0500000000001	-6.921437260197466
553.1	-6.9433594030365295
553.15	-6.967391048505271
553.2	-6.993664749330774
553.25	-7.022365919077539
553.3000000000001	-7.05363828042705
553.35	-7.087601542543428
553.4	-7.124168940094004
553.45	-7.163216042953739
553.5	-7.204649689947971
553.55	-7.248440364473176
553.6	-7.2947614661666975
553.65	-7.343700064342439
553.6999999999999	-7.395112994036954
553.75	-7.448770552870124
553.8	-7.504443406127349
553.8499999999999	-7.561950134904348
553.9	-7.621234263583151
553.95	-7.682374437909281
554.0	-7.7457402083972635
554.0500000000001	-7.811515532566805
554.1	-7.879339012240912
554.15	-7.948450992590033
554.2	-8.018544113488034
554.25	-8.089912041786656
554.3000000000001	-8.162822837564928
554.35	-8.237404799568981
554.4	-8.313393250384873
554.45	-8.390428354620799
554.5	-8.468567155397608
554.55	-8.547958695754954
554.6	-8.628497109015985
554.65	-8.710158224826284
554.6999999999999	-8.79297294552374
554.75	-8.877309976296967
554.8	-8.963221957969925
554.8499999999999	-9.05033493770635
554.9	-9.138599357567177
554.95	-9.228220648571785
555.0	-9.319285667320552
555.0500000000001	-9.410973990844123
555.1	-9.501868778803402
555.15	-9.591434649585782
555.2	-9.67972683628048
555.25	-9.766505284913581
555.3000000000001	-9.851610810236739
555.35	-9.934915414404184
555.4	-10.016230701327531
555.45	-10.095179574082827
555.5	-10.171845209713592
555.55	-10.246600928836589
555.6	-10.319345138954581
555.65	-10.389856774314211
555.6999999999999	-10.458027982262099
555.75	-10.523864799071763
555.8	-10.588002434739366
555.8499999999999	-10.651096198785925
555.9	-10.713299460999469
555.95	-10.774812557056812
556.0	-10.835882951986788
556.0500000000001	-10.896504567749925
556.1	-10.956120947259187
556.15	-11.01438550559755
556.2	-11.071545322590904
556.25	-11.127776225528816
556.3000000000001	-11.183069673490266
556.35	-11.23746058973014
556.4	-11.291186115676346
556.45	-11.344648548560134
556.5	-11.39803849874098
556.55	-11.451484776523799
556.6	-11.505377198270963
556.65	-11.559944967383778
556.6999999999999	-11.615132563798976
556.75	-11.670598287445596
556.8	-11.726092733624023
556.8499999999999	-11.781747448682626
556.9	-11.837568274222406
556.9499999999999	-11.893441305676017
557.0	-11.949441706275524
557.0500000000001	-12.00537074520378
557.1	-12.060930807869283
557.1500000000001	-12.116002235455714
557.2	-12.170727387726984
557.25	-12.225252669466688
557.3000000000001	-12.279461144123758
557.35	-12.333234075820751
557.4	-12.38645155510319
557.45	-12.439175451358723
557.5	-12.491748786401411
557.55	-12.544298724738365
557.6	-12.596708697437517
557.65	-12.648884710673261
557.6999999999999	-12.700793755164424
557.75	-12.752674279910726
557.8	-12.804953589131646
557.8499999999999	-12.858067793307292
557.9	-12.912207785448977
557.9499999999999	-12.967387063465106
558.0	-13.023806595962583
558.0500000000001	-13.081677858468776
558.1	-13.140968417822448
558.1500000000001	-13.201809584569144
558.2	-13.264324223827401
558.25	-13.328785914283912
558.3000000000001	-13.395790726451098
558.35	-13.465836301314276
558.4	-13.539303612611535
558.45	-13.616141373521259
558.5	-13.695932939270428
558.55	-13.778335287147128
558.6	-13.862896485002453
558.65	-13.948989819323689
558.6999999999999	-14.035985384031031
558.75	-14.123283432644984
558.8	-14.210727917361577
558.8499999999999	-14.298130584991064
558.9	-14.385363206054354
558.9499999999999	-14.472459575104942
559.0	-14.559794170634145
559.0500000000001	-14.648161262512208
559.1	-14.737773701516446
559.1500000000001	-14.827952168355404
559.2	-14.918138214942616
559.25	-15.008305035807304
559.3000000000001	-15.098578967975284
559.35	-15.189496596635005
559.4	-15.281328088843292
559.45	-15.374283272311528
559.5	-15.468616038694094
559.55	-15.564111883514492
559.6	-15.660048494814758
559.65	-15.755491733453738
559.6999999999999	-15.849975635154205
559.75	-15.943579478002357
559.8	-16.03635484584899
559.8499999999999	-16.128631366014147
559.9	-16.22037573356602
559.9499999999999	-16.310966005172464
560.0	-16.4003412280002
560.0500000000001	-16.488627129476814
560.1	-16.575626175650854
560.1500000000001	-16.660888686862812
560.2	-16.74434639177822
560.25	-16.826260564309656
560.3000000000001	-16.906757123939663
560.35	-16.98579907397383
560.4	-17.06357024203446
560.45	-17.14002981376403
560.5	-17.21542089056084
560.55	-17.28998997941269
560.6	-17.36342608983535
560.65	-17.43557325166908
560.6999999999999	-17.506493089494096
560.75	-17.576417382868783
560.8	-17.645723500632577
560.8499999999999	-17.714583026336392
560.9	-17.783221363346374
560.9499999999999	-17.852194159525503
561.0	-17.92194278101119
561.0500000000001	-17.992776692672567
561.1	-18.064881289999505
561.1500000000001	-18.138261642230425
561.2	-18.21269133327035
561.25	-18.288302489853848
561.3000000000001	-18.365561516623288
561.35	-18.44470481905807
561.4	-18.52510783659278
561.45	-18.60530834293081
561.5	-18.684238023419454
561.55	-18.761778854551977
561.6	-18.83796676413486
561.65	-18.912673638952825
561.6999999999999	-18.985979591362366
561.75	-19.057856946222955
561.8	-19.1284162356914
561.8499999999999	-19.197675117038308
561.9	-19.265318622495116
561.9499999999999	-19.331229435139285
562.0	-19.395728975857914
562.0500000000001	-19.459007122793338
562.1	-19.52094414468908
562.1500000000001	-19.581448021313502
562.2	-19.640908105113184
562.25	-19.699817185145914
562.3000000000001	-19.758533509532484
562.35	-19.81731846780554
562.4	-19.875816437190743
562.45	-19.933613798488327
562.5	-19.990682625493783
562.55	-20.047190867980902
562.6	-20.103363224904527
562.65	-20.159384824488058
562.6999999999999	-20.21536714634054
562.75	-20.271435933549846
562.8	-20.327520434764615
562.8499999999999	-20.38343575488232
562.9	-20.43909930769022
562.9499999999999	-20.494780831214907
563.0	-20.55108597046703
563.0500000000001	-20.60859497641428
563.1	-20.667672574907193
563.1500000000001	-20.728335926339412
563.2	-20.790563344678255
563.25	-20.854640988334154
563.3000000000001	-20.921084387868625
563.35	-20.990332817346435
563.4	-21.062527857704485
563.45	-21.137513760137608
563.5	-21.215201519443852
563.55	-21.295063187085013
563.6	-21.376592393175486
563.65	-21.45983649616658
563.6999999999999	-21.544809337373895
563.75	-21.63162420216787
563.8	-21.720379905162005
563.8499999999999	-21.811175062932094
563.9	-21.904300152907943
563.9499999999999	-21.999706673437355
564.0	-22.09723609164316
564.0500000000001	-22.19691297520187
564.1	-22.297754244312348
564.1500000000001	-22.398238947295695
564.2	-22.497552211537865
564.25	-22.595434848450793
564.3000000000001	-22.691904603818273
564.35	-22.786960461552304
564.4	-22.880548133908203
564.45	-22.972313699429563
564.5	-23.06206714931566
564.55	-23.150044309103265
564.6	-23.236131670673473
564.65	-23.319797959380903
564.6999999999999	-23.400766734860923
564.75	-23.479251559405576
564.8	-23.555932947616178
564.8499999999999	-23.63124060829028
564.9	-23.70501209684459
564.9499999999999	-23.77697102635412
565.0	-23.847319235115663
565.0500000000001	-23.916415730051327
565.1	-23.98432415640627
565.1500000000001	-24.051081846786857
565.2	-24.117026109049824
565.25	-24.182405981513917
565.3000000000001	-24.24735468801719
565.35	-24.31217552680935
565.4	-24.37718823307989
565.45	-24.442402717505956
565.5	-24.507501775236214
565.55	-24.57255819153267
565.6	-24.638175891573507
565.65	-24.704792513647778
565.6999999999999	-24.772227880862467
565.75	-24.839957658555527
565.8	-24.90761571845997
565.8499999999999	-24.975459741218025
565.9	-25.043582757765453
565.9499999999999	-25.11172879735718
566.0	-25.180003521097525
566.0500000000001	-25.248754567442376
566.1	-25.318137896339138
566.1500000000001	-25.388039147139867
566.2	-25.4583254796972
566.25	-25.528982357123624
566.3000000000001	-25.60000480197649
566.35	-25.671441408468823
566.4	-25.743345453926175
566.45	-25.815288572176097
566.5	-25.886754314994974
566.55	-25.95751050895044
566.6	-26.027758929586057
566.65	-26.097998268474118
566.6999999999999	-26.16848074889968
566.75	-26.239277127406528
566.8	-26.310530598183895
566.8499999999999	-26.382289960402346
566.9	-26.454669764173047
566.9499999999999	-26.52787559634811
567.0	-26.602072096148653
567.0500000000001	-26.677524934783435
567.1	-26.754443240696187
567.1500000000001	-26.832751441465252
567.2	-26.911702780293794
567.25	-26.990605543178027
567.3000000000001	-27.069550891262693
567.35	-27.148945557082804
567.4	-27.22897342080264
567.45	-27.30971455067388
567.5	-27.39134146358422
567.55	-27.474202393771094
567.6	-27.558415522013785
567.65	-27.643621783556583
567.6999999999999	-27.729173371630665
567.75	-27.81477071826302
567.8	-27.90080176783627
567.8499999999999	-27.987439033382998
567.9	-28.074489626929562
567.9499999999999	-28.16189745514556
568.0	-28.249864872848093
568.0500000000001	-28.33867590022403
568.1	-28.42831022564718
568.1500000000001	-28.51851954307971
568.2	-28.609274922466597
568.25	-28.700868386695895
568.3000000000001	-28.79395931925914
568.35	-28.88907290679335
568.4	-28.986176510329155
568.45	-29.084946927009042
568.5	-29.184986631265097
568.55	-29.28628619137809
568.6	-29.389613243577077
568.65	-29.495119506095044
568.6999999999999	-29.601868679031234
568.75	-29.708544220077783
568.8	-29.813823207289083
568.85	-29.917526149500695
568.9	-30.02040053807238
568.9499999999999	-30.12335870684668
569.0	-30.22706652819713
569.05	-30.331782768969248
569.1	-30.43742800763972
569.1500000000001	-30.54351608050267
569.2	-30.649057062380805
569.25	-30.753954213584002
569.3000000000001	-30.858851885804235
569.35	-30.9639409081209
569.4	-31.069022189030512
569.45	-31.17334592787998
569.5	-31.276199968193392
569.55	-31.37659909194685
569.6	-31.47400178733662
569.65	-31.568792215165054
569.6999999999999	-31.66121243462306
569.75	-31.751311951011512
569.8	-31.83919994899272
569.85	-31.92490908331798
569.9	-32.008599369383944
569.9499999999999	-32.09024218027242
570.0	-32.16998870339897
570.05	-32.2483225242182
570.1	-32.32555965547084
570.1500000000001	-32.40208087417167
570.2	-32.47802754659712
570.25	-32.5532485878915
570.3000000000001	-32.628021593906304
570.35	-32.70295620083592
570.4	-32.7782146704128
570.45	-32.853461179830475
570.5	-32.92843501193437
570.55	-33.00356078729644
570.6	-33.07909896377244
570.65	-33.15494308036713
570.6999999999999	-33.23120973864005
570.75	-33.30805416018971
570.8	-33.38561518578037
570.85	-33.46380268386219
570.9	-33.5424074620195
570.9499999999999	-33.62148962520471
571.0	-33.701242343198345
571.05	-33.78192743971677
571.1	-33.86385736427632
571.1500000000001	-33.946884351508594
571.2	-34.03093659855384
571.25	-34.11600506717602
571.3000000000001	-34.20225205501464
571.35	-34.28986476179642
571.4	-34.37903251803504
571.45	-34.469741675747485
571.5	-34.56108948096703
571.55	-34.65206056618344
571.6	-34.74234444720334
571.65	-34.831954746010624
571.6999999999999	-34.92091004778233
571.75	-35.00920405556644
571.8	-35.09660344742751
571.85	-35.18327440679496
571.9	-35.26962350125183
571.9499999999999	-35.355994460540735
572.0	-35.442789724584486
572.05	-35.52973247580398
572.1	-35.61605597124449
572.1500000000001	-35.70170396401052
572.2	-35.78680213340199
572.25	-35.87160260495925
572.3000000000001	-35.95629844205574
572.35	-36.04084453552506
572.4	-36.12574298006949
572.45	-36.2117935041152
572.5	-36.29948211637323
572.55	-36.38892796096299
572.6	-36.48017471255764
572.65	-36.57323196747504
572.6999999999999	-36.66805966190539
572.75	-36.764760896887296
572.8	-36.86326062152009
572.85	-36.96302790433745
572.9	-37.06370390703279
572.9499999999999	-37.16530713859959
573.0	-37.26836874283107
573.05	-37.37377542251875
573.1	-37.481709532252864
573.1500000000001	-37.59148139847407
573.2	-37.70190382519653
573.25	-37.812428990173956
573.3000000000001	-37.92338260500335
573.35	-38.03433915498727
573.4	-38.14405493400962
573.45	-38.251650836274216
573.5	-38.35712679884536
573.55	-38.461352697206124
573.6	-38.56424840084017
573.65	-38.66474168768592
573.6999999999999	-38.76229352823308
573.75	-38.85719975590951
573.8	-38.94981568131986
573.85	-39.040069327460046
573.9	-39.127893300508234
573.9499999999999	-39.21365233041535
574.0	-39.29770415243524
574.05	-39.38018993113796
574.1	-39.46134089136463
574.1500000000001	-39.54110507027748
574.2	-39.619316433201064
574.25	-39.69576866786532
574.3000000000001	-39.770291665607495
574.35	-39.84305328152731
574.4	-39.914415350638265
574.45	-39.9845279059002
574.5	-40.053235892165
574.55	-40.12038154716865
574.6	-40.18641210087644
574.65	-40.251889758857644
574.7	-40.31707107188193
574.75	-40.38246094533992
574.8	-40.44860958872492
574.85	-40.51552385451359
574.9	-40.58286097496217
574.9499999999999	-40.65057840407961
575.0	-40.71908639044434
575.05	-40.78889190670124
575.0999999999999	-40.860233623033864
575.1500000000001	-40.933104163992645
575.2	-41.0070865970379
575.25	-41.081780866803825
575.3000000000001	-41.15680391503274
575.35	-41.23202098536434
575.4	-41.30761148165779
575.45	-41.383531850628444
575.5	-41.459501763152005
575.55	-41.53507292195471
575.6	-41.61004854863616
575.65	-41.68466389793727
575.7	-41.75893560202834
575.75	-41.83269294533625
575.8	-41.906276565150414
575.85	-41.98015796834824
575.9	-42.05463573927619
575.9499999999999	-42.12994629363249
576.0	-42.20634331176375
576.05	-42.28408708816022
576.0999999999999	-42.36335976061393
576.1500000000001	-42.44391379657193
576.2	-42.52513898815425
576.25	-42.606793914236434
576.3000000000001	-42.68908601086957
576.35	-42.77201902492321
576.4	-42.855195206333704
576.45	-42.93802320744098
576.5	-43.01973156451622
576.55	-43.10016032640752
576.6	-43.17959532292458
576.65	-43.258214914238465
576.7	-43.33638016529382
576.75	-43.41440801482527
576.8	-43.49225263949988
576.85	-43.569741039449426
576.9	-43.64710197509497
576.9499999999999	-43.72515479352025
577.0	-43.80447525927595
577.05	-43.885267975161746
577.0999999999999	-43.967647180555204
577.1500000000001	-44.05162360098016
577.2	-44.13717962405064
577.25	-44.223782241748246
577.3000000000001	-44.31086223035358
577.35	-44.39849562351698
577.4	-44.48697952796235
577.45	-44.5764170248294
577.5	-44.66678748331098
577.55	-44.75815538097106
577.6	-44.85105043300014
577.65	-44.94571388621431
577.7	-45.04149587748117
577.75	-45.137784496933634
577.8	-45.234479744298234
577.85	-45.33157724632889
577.9	-45.42878122151433
577.9499999999999	-45.52608567352141
578.0	-45.623899645961615
578.05	-45.7225051761704
578.0999999999999	-45.821749605316086
578.1500000000001	-45.920983951237105
578.2	-46.01904828089104
578.25	-46.11572108281996
578.3000000000001	-46.21128556880158
578.35	-46.30549168069433
578.4	-46.39804680585061
578.45	-46.488719963764055
578.5	-46.57751410310332
578.55	-46.66465790993996
578.6	-46.75030463184959
578.65	-46.8349624606051
578.7	-46.91885209557758
578.75	-47.00137927975993
578.8	-47.08183017656381
578.85	-47.159641464035204
578.9	-47.23459649422168
578.9499999999999	-47.306589199064305
579.0	-47.375554772745126
579.05	-47.44165560024403
579.0999999999999	-47.50517663337734
579.1500000000001	-47.566449175778516
579.2	-47.625459527875485
579.25	-47.68218292021642
579.3000000000001	-47.73666777378564
579.35	-47.789131926664865
579.4	-47.84003741970743
579.45	-47.88971694357862
579.5	-47.93819092645954
579.55	-47.98557087128408
579.6	-48.031993422973535
579.65	-48.07770338839989
579.7	-48.12325996722171
579.75	-48.169271918412534
579.8	-48.215984141406224
579.85	-48.26347352727926
579.9	-48.31187237474072
579.9499999999999	-48.36145804338773
580.0	-48.412415223663956
580.05	-48.464773143600645
580.0999999999999	-48.518428788127196
580.1500000000001	-48.57327892405444
580.2	-48.62949695556068
580.25	-48.6870700092875
580.3000000000001	-48.745971085248286
580.35	-48.80641479773765
580.4	-48.86861691544502
580.45	-48.932678297737496
580.5	-48.99844597416272
580.55	-49.06563266700855
580.6	-49.134196619035535
580.65	-49.20423708270492
580.7	-49.275869747714935
580.75	-49.34915320517549
580.8	-49.42385499137761
580.85	-49.49987156535811
580.9	-49.577214253572976
580.9499999999999	-49.655739633366785
581.0	-49.735379545741246
581.05	-49.81598539195195
581.0999999999999	-49.89718857506456
581.1500000000001	-49.97867451234369
581.2	-50.05998225561265
581.25	-50.14094475295694
581.3000000000001	-50.221380745885575
581.35	-50.30088656540925
581.4	-50.379039485595484
581.45	-50.45546847057298
581.5	-50.52990806820421
581.55	-50.60198440013437
581.6	-50.67159771661218
581.65	-50.73941119000598
581.7	-50.80626367475162
581.75	-50.87251405638814
581.8	-50.9384026996692
581.85	-51.00438128587642
581.9	-51.07097548342714
581.9499999999999	-51.13854121406422
582.0	-51.20773540193685
582.05	-51.27984669145883
582.0999999999999	-51.35622331694055
582.15	-51.437809734171665
582.2	-51.52487160927592
582.25	-51.61696174492353
582.3000000000001	-51.71331029021148
582.35	-51.813016109715676
582.4	-51.91548567144014
582.45	-52.020468225779354
582.5	-52.12745809191924
582.5500000000001	-52.23577051598035
582.6	-52.34421732759185
582.65	-52.451566249088636
582.7	-52.55736364800953
582.75	-52.66130908433771
582.8	-52.76288419378109
582.85	-52.861710747358046
582.9	-52.95764635182413
582.9499999999999	-53.05099169121104
583.0	-53.141946207702354
583.05	-53.23030170457396
583.0999999999999	-53.315692581544454
583.15	-53.397599421171854
583.2	-53.47553711714699
583.25	-53.5488765947742
583.3000000000001	-53.61758635808651
583.35	-53.68237906168675
583.4	-53.743731894520515
583.45	-53.801543431687165
583.5	-53.85557768544467
583.5500000000001	-53.90590206249388
583.6	-53.953253537062665
583.65	-53.99843774858104
583.7	-54.04193230088806
583.75	-54.08406248529772
583.8	-54.125028505414
583.85	-54.16510651381911
583.9	-54.20450650526801
583.9499999999999	-54.243269979069794
584.0	-54.28157280959661
584.05	-54.31971035852045
584.0999999999999	-54.3578880026864
584.15	-54.39632493295761
584.2	-54.435223022289016
584.25	-54.47480131511334
584.3000000000001	-54.51520035802811
584.35	-54.55657022222205
584.4	-54.59917489228746
584.45	-54.6431377208246
584.5	-54.688377699034746
584.5500000000001	-54.734724127735355
584.6	-54.78214614974935
584.65	-54.830740848610716
584.7	-54.88052154203878
584.75	-54.93131926271174
584.8	-54.982746150406555
584.85	-55.034281960235276
584.9	-55.08575904998261
584.9499999999999	-55.137361369429726
585.0	-55.18927245144073
585.05	-55.241696926792926
585.0999999999999	-55.29495932142406
585.15	-55.34919458637342
585.2	-55.40416693927246
585.25	-55.45950589672461
585.3000000000001	-55.51504732842048
585.35	-55.57085665147246
585.4	-55.62711119278095
585.45	-55.68388627658103
585.5	-55.740575187081866
585.5500000000001	-55.7966799509483
585.6	-55.85240392476216
585.65	-55.90818204669179
585.7	-55.96418929179045
585.75	-56.02024364076775
585.8	-56.07621009409793
585.85	-56.13233800109613
585.9	-56.1890960409178
585.9499999999999	-56.247024626059
586.0	-56.306292756678175
586.05	-56.36671988524976
586.0999999999999	-56.42843711812339
586.15	-56.49171912756269
586.2	-56.55667307284259
586.25	-56.622930999489526
586.3000000000001	-56.69003396025008
586.35	-56.7581931252012
586.4	-56.827793912255665
586.45	-56.89871552258217
586.5	-56.97051980928537
586.5500000000001	-57.04297566877422
586.6	-57.11640916463435
586.65	-57.191176417256685
586.7	-57.26708532313948
586.75	-57.343867007924956
586.8	-57.42099920630323
586.85	-57.49751440536067
586.9	-57.572688940089336
586.9499999999999	-57.64667197150291
587.0	-57.71997639927749
587.05	-57.792661460120975
587.0999999999999	-57.864373391944554
587.15	-57.934912015237984
587.2	-58.004345978074625
587.25	-58.07293460250077
587.3000000000001	-58.140585541856694
587.35	-58.20705107278997
587.4	-58.2723597393487
587.45	-58.336453834031076
587.5	-58.39899925016992
587.5500000000001	-58.45954301073438
587.6	-58.51784435858653
587.65	-58.573941251631226
587.7	-58.628079077442116
587.75	-58.680321715828626
587.8	-58.73044968743427
587.85	-58.77794818150463
587.9	-58.822384241926784
587.9499999999999	-58.863630904656766
588.0	-58.90174163189593
588.05	-58.93676357702502
588.0999999999999	-58.9687807739533
588.15	-58.998008038920474
588.1999999999999	-59.024679030617826
588.25	-59.0489939000753
588.3000000000001	-59.07134689429603
588.35	-59.09197871782597
588.4000000000001	-59.11125091966812
588.45	-59.12929005523172
588.5	-59.14644533489994
588.5500000000001	-59.16280071837295
588.6	-59.17858314351831
588.65	-59.19385036728089
588.7	-59.20892088705632
588.75	-59.22395735546388
588.8	-59.23909270037365
588.85	-59.25438918412662
588.9	-59.26997238373494
588.9499999999999	-59.2859522177325
589.0	-59.30248802855843
589.05	-59.31969948815155
589.0999999999999	-59.33774201448481
589.15	-59.356729848357595
589.1999999999999	-59.376713594974525
589.25	-59.3975949471354
589.3000000000001	-59.41922558650905
589.35	-59.441630559643826
589.4000000000001	-59.464873661630165
589.45	-59.48890678927792
589.5	-59.51369142969847
589.5500000000001	-59.53913606138478
589.6	-59.5651594062506
589.65	-59.59163753415871
589.7	-59.61849064372893
589.75	-59.6458377128643
589.8	-59.673721925021056
589.85	-59.70203646734363
589.9	-59.730670865636526
589.9499999999999	-59.75957173021478
590.0	-59.788790875769976
590.05	-59.81836290389821
590.0999999999999	-59.84830160011447
590.15	-59.87869123109611
590.1999999999999	-59.90954227148974
590.25	-59.94087160393873
590.3000000000001	-59.97271560863541
590.35	-60.005243204517456
590.4000000000001	-60.03865312542076
590.45	-60.072989206523985
590.5	-60.10817114928239
590.5500000000001	-60.14386383376202
590.6	-60.17979324868173
590.65	-60.21602947599962
590.7	-60.25269110235486
590.75	-60.289842563965024
590.8	-60.3276193914592
590.85	-60.366082654061884
590.9	-60.405233268213216
590.9499999999999	-60.4449670607585
591.0	-60.4851588993551
591.05	-60.52568330412098
591.0999999999999	-60.566361192827884
591.15	-60.60721138385294
591.1999999999999	-60.64825969509671
591.25	-60.68917960754608
591.3000000000001	-60.72959992934095
591.35	-60.7691359524494
591.4000000000001	-60.80750873345119
591.45	-60.84469992848635
591.5	-60.880587837059835
591.5500000000001	-60.91493952049814
591.6	-60.947632336809974
591.65	-60.978803786375934
591.7	-61.00873034780601
591.75	-61.03752378640974
591.8	-61.06517321022113
591.85	-61.09167146229363
591.9	-61.117026119033405
591.9499999999999	-61.141297206906216
592.0	-61.16449316710066
592.05	-61.18654107237033
592.0999999999999	-61.20739800836591
592.15	-61.22706034982201
592.1999999999999	-61.245494825911834
592.25	-61.26263243472556
592.3000000000001	-61.278437704210845
592.35	-61.2929615773857
592.4000000000001	-61.30629153403702
592.45	-61.31849306780049
592.5	-61.329563046118366
592.5500000000001	-61.33950391530661
592.6	-61.34855780059871
592.65	-61.356687295258325
592.7	-61.364415222737236
592.75	-61.371468483588
592.8	-61.37850409590731
592.85	-61.385188270772886
592.9	-61.39208675450962
592.9499999999999	-61.39894819325137
593.0	-61.4062967286215
593.05	-61.414018480705465
593.0999999999999	-61.422432307823385
593.15	-61.43152760907539
593.1999999999999	-61.44148678236005
593.25	-61.4523781872341
593.3000000000001	-61.46433705756267
593.35	-61.47744173563139
593.4000000000001	-61.49179591948848
593.45	-61.50743635352522
593.5	-61.524378955456854
593.5500000000001	-61.542607493345415
593.6	-61.56206504224138
593.65	-61.58269654558161
593.7	-61.604427168533924
593.75	-61.62717937025259
593.8	-61.65094387316314
593.85	-61.67573656096842
593.9	-61.701643513298635
593.9499999999999	-61.72869348851202
594.0	-61.756881829500344
594.05	-61.78622910664614
594.0999999999999	-61.81663259166858
594.15	-61.848040774928265
594.1999999999999	-61.8805093687602
594.25	-61.913940056725096
594.3000000000001	-61.94817797236364
594.35	-61.98309403165349
594.4000000000001	-62.01865086132711
594.45	-62.05493180811775
594.5	-62.09202547784686
594.5500000000001	-62.13006562360343
594.6	-62.16906015588576
594.65	-62.209004956753674
594.7	-62.250025856042626
594.75	-62.29192652060954
594.8	-62.33423890556621
594.85	-62.3766499456829
594.9	-62.418996643308745
594.9499999999999	-62.461310669929986
595.0	-62.5037905045244
595.05	-62.54670778892941
595.0999999999999	-62.59014047946201
595.15	-62.63376969364245
595.1999999999999	-62.677273746248936
595.25	-62.72056911981947
595.3000000000001	-62.76361472400566
595.35	-62.80633699076356
595.4000000000001	-62.8486660955563
595.45	-62.890509132862164
595.5	-62.93166185817185
595.5500000000001	-62.97188791362177
595.6	-63.01103642270783
595.65	-63.04902172634756
595.7	-63.08572385882196
595.75	-63.12107831264505
595.8	-63.15481866800708
595.85	-63.18637198324144
595.9	-63.21516583768731
595.9499999999999	-63.24092323370585
596.0	-63.2638241612952
596.05	-63.28393677432679
596.0999999999999	-63.30135528425971
596.15	-63.31621099523235
596.1999999999999	-63.32840354301709
596.25	-63.33876709071947
596.3000000000001	-63.346094404493925
596.35	-63.35221732662065
596.4000000000001	-63.355636157637186
596.45	-63.3586859410549
596.5	-63.359716468412444
596.5500000000001	-63.360969528402435
596.6	-63.360387794742294
596.65	-63.36034971383418
596.7	-63.35891909902708
596.75	-63.35856170664475
596.8	-63.356921023122524
596.85	-63.35637851439999
596.9	-63.3545367925943
596.9499999999999	-63.35371645007222
597.0	-63.35157674399928
597.05	-63.35021088190243
597.0999999999999	-63.347438688808275
597.15	-63.344930957561076
597.1999999999999	-63.34113494922447
597.25	-63.33741242142095
597.3000000000001	-63.332946926086095
597.35	-63.328544995868626
597.4000000000001	-63.323772018777525
597.45	-63.3188825537662
597.5	-63.313857991469575
597.5500000000001	-63.30879314117111
597.6	-63.30373389012577
597.65	-63.29873941486344
597.7	-63.29400185190255
597.75	-63.289589200874744
597.8	-63.2857225508165
597.85	-63.28237728716652
597.9	-63.27981699518969
597.9499999999999	-63.277960993197226
598.0	-63.27716020853963
598.05	-63.277219680770216
598.0999999999999	-63.27856294068803
598.15	-63.280919581964845
598.1999999999999	-63.284660046051386
598.25	-63.28954829269871
598.3000000000001	-63.2957556853103
598.35	-63.30317883096943
598.4000000000001	-63.311839024578646
598.45	-63.321670200726444
598.5	-63.33264631159248
598.5500000000001	-63.34465344354888
598.6	-63.35745885772559
598.65	-63.37080919189726
598.7	-63.38454608472633
598.75	-63.398547408224715
598.8	-63.41265863595702
598.85	-63.42674363780742
598.9	-63.44068881758183
598.9499999999999	-63.45436965473418
599.0	-63.46775526924555
599.05	-63.480797417330244
599.0999999999999	-63.49351871802267
599.15	-63.505895488115804
599.1999999999999	-63.5181145132002
599.25	-63.53011910055234
599.3000000000001	-63.54212430471081
599.35	-63.5539684729299
599.4000000000001	-63.566077950795915
599.45	-63.57828578232971
599.5	-63.59112002922657
599.5500000000001	-63.60442914708878
599.6	-63.61867705128013
599.65	-63.63387388377514
599.7	-63.65029705415381
599.75	-63.66794025405138
599.8	-63.686885028270524
599.85	-63.70712986663285
599.9	-63.72874780546143
599.9499999999999	-63.751835117477235
600.0	-63.77651265252004
600.05	-63.802889898160046
600.1	-63.83098273976215
600.15	-63.860783000675866
600.1999999999999	-63.892178742339716
600.25	-63.924873174713284
600.3	-63.95864407147346
600.35	-63.99325559790046
600.4000000000001	-64.02828399628528
600.45	-64.06316479929673
600.5	-64.09729853865826
600.5500000000001	-64.1303586606208
600.6	-64.1620895449873
600.65	-64.19230106775854
600.7	-64.2209232345804
600.75	-64.24788250980177
600.8	-64.27297767161882
600.85	-64.29586157181606
600.9	-64.31638214755407
600.9499999999999	-64.33463402332563
601.0	-64.35069483326957
601.05	-64.3647393030812
601.1	-64.37668103275324
601.15	-64.38692841641475
601.1999999999999	-64.39512331394766
601.25	-64.40198802010761
601.3	-64.40685433168771
601.35	-64.410771440787
601.4000000000001	-64.41304051623182
601.45	-64.41473483401772
601.5	-64.41534495605848
601.5500000000001	-64.41560536153739
601.6	-64.4152443589875
601.65	-64.41468103653264
601.7	-64.41396927334559
601.75	-64.413197255808
601.8	-64.41275655974852
601.85	-64.41241095274037
601.9	-64.412945004377
601.9499999999999	-64.41382801719782
602.0	-64.41619333869778
602.05	-64.41924648219674
602.1	-64.42403288643678
602.15	-64.42970934823364
602.1999999999999	-64.4371424900298
602.25	-64.44582869570559
602.3	-64.45613305396364
602.35	-64.46793493611719
602.4000000000001	-64.48125410721258
602.45	-64.49600640911848
602.5	-64.51210822399801
602.5500000000001	-64.52943172202424
602.6	-64.54780688388362
602.65	-64.56715087921188
602.7	-64.58733314486396
602.75	-64.60818191032082
602.8	-64.62952042618038
602.85	-64.651073936827
602.9	-64.67264081386372
602.9499999999999	-64.69414342901518
603.0	-64.715541907941
603.05	-64.73683127538865
603.1	-64.758016857142
603.15	-64.77903345770854
603.1999999999999	-64.79976503189391
603.25	-64.82001516619616
603.3	-64.83966517147951
603.35	-64.85865130651587
603.4000000000001	-64.87691901162205
603.45	-64.89450714823307
603.5	-64.91148399066371
603.5500000000001	-64.92789429648307
603.6	-64.94380260888555
603.65	-64.95915896780144
603.7	-64.97419615518461
603.75	-64.98883592500914
603.8	-65.0036292597233
603.85	-65.01836815936448
603.9	-65.03363124419545
603.9499999999999	-65.04922506350448
604.0	-65.06575817730774
604.05	-65.08314944706686
604.1	-65.10155638899202
604.15	-65.12097571140852
604.1999999999999	-65.1416526731655
604.25	-65.16369348520482
604.3	-65.18718924471716
604.35	-65.21226987516064
604.4000000000001	-65.23903234064534
604.45	-65.26737651762346
604.5	-65.2971187513651
604.5500000000001	-65.32814377564483
604.6	-65.36038010471668
604.65	-65.39362316443172
604.7	-65.4275914216388
604.75	-65.46216460618376
604.8	-65.4972318829067
604.85	-65.5324987493802
604.9	-65.5674148541612
604.9499999999999	-65.60143851954436
605.0	-65.63428203053843
605.05	-65.66566812134803
605.1	-65.69516050436302
605.15	-65.72236466512948
605.1999999999999	-65.74704255734511
605.25	-65.76911459095994
605.3	-65.78853836396094
605.35	-65.80528553437823
605.4000000000001	-65.81938863262526
605.45	-65.83093127277378
605.5	-65.83991543667001
605.5500000000001	-65.84642720573686
605.6	-65.85043792392607
605.65	-65.85215210327027
605.7	-65.85151575323748
605.75	-65.84868791472462
605.8	-65.84370077332238
605.85	-65.83669105867371
605.9	-65.82772531725725
605.95	-65.81694424973868
606.0	-65.80446670547086
606.05	-65.79043906958037
606.1	-65.77497990749075
606.15	-65.75823059534949
606.1999999999999	-65.74035289958185
606.25	-65.72155454669621
606.3	-65.70217315551523
606.3499999999999	-65.68269319821373
606.4000000000001	-65.663563798458
606.45	-65.6450998070184
606.5	-65.62747713713563
606.5500000000001	-65.61085041382925
606.6	-65.59529566352737
606.65	-65.58080789103944
606.7	-65.56750091292372
606.75	-65.55544762156586
606.8	-65.54480692911939
606.85	-65.53537936565006
606.9	-65.52736148453928
606.95	-65.52051580951073
607.0	-65.51528687222017
607.05	-65.51105442262256
607.1	-65.50851137100832
607.15	-65.50674377292589
607.1999999999999	-65.50648078813849
607.25	-65.50683166494844
607.3	-65.50841735074633
607.3499999999999	-65.51057126294457
607.4000000000001	-65.51377492306594
607.45	-65.51752385315692
607.5	-65.52202555193166
607.5500000000001	-65.52700074724487
607.6	-65.53258680760469
607.65	-65.53858056451527
607.7	-65.5450464834284
607.75	-65.5518614643124
607.8	-65.55904812133657
607.85	-65.56648473423566
607.9	-65.57415293126165
607.95	-65.58198443748825
608.0	-65.59002136721114
608.05	-65.59820827365243
608.1	-65.60652460304613
608.15	-65.61490685434326
608.1999999999999	-65.62334748758038
608.25	-65.63179864730762
608.3	-65.64029179646123
608.3499999999999	-65.64877474092879
608.4000000000001	-65.6573360469373
608.45	-65.6659174272854
608.5	-65.67471932948814
608.5500000000001	-65.6836430465846
608.6	-65.69284702353647
608.65	-65.70219159090553
608.7	-65.71199566866864
608.75	-65.72205745717895
608.8	-65.73265999518648
608.85	-65.74345301523222
608.9	-65.75493976245252
608.95	-65.7666072551518
609.0	-65.77924026800848
609.05	-65.7924256267216
609.1	-65.80663846490188
609.15	-65.82168631772022
609.1999999999999	-65.83761149743471
609.25	-65.85438397661778
609.3	-65.87198810759462
609.3499999999999	-65.8903117805436
609.4000000000001	-65.90909420167917
609.45	-65.92803337344294
609.5	-65.94681160050861
609.5500000000001	-65.96519634137319
609.6	-65.98302393393931
609.65	-66.00017644416391
609.7	-66.01661712264506
609.75	-66.03232954025005
609.8	-66.04729367828304
609.85	-66.06138987518315
609.9	-66.0744637652708
609.95	-66.08643785111806
610.0	-66.0972683478804
610.05	-66.1068533657917
610.1	-66.11513921679538
610.15	-66.12202814461715
610.1999999999999	-66.12764445825418
610.25	-66.1318828923192
610.3	-66.1349482586014
610.3499999999999	-66.13664119183841
