610.4000000000001	-66.13725705235058
610.45	-66.1365463916303
610.5	-66.13487969732539
610.5500000000001	-66.13203784593583
610.6	-66.12832315136265
610.65	-66.12367908955846
610.7	-66.11830322479662
610.75	-66.11227788770022
610.8	-66.10576482402378
610.85	-66.0989148002032
610.9	-66.09189325638825
610.95	-66.08487877253103
611.0	-66.07808313182782
611.05	-66.0717077734532
611.1	-66.06587077456238
611.15	-66.06063907955215
611.1999999999999	-66.05606856620768
611.25	-66.0521846437678
611.3	-66.04912245989011
611.3499999999999	-66.04668622787773
611.4000000000001	-66.04513024409536
611.45	-66.04404523161608
611.5	-66.043825433824
611.5500000000001	-66.0439285875309
611.6	-66.04486869515031
611.65	-66.04586440787614
611.7	-66.0476004725542
611.75	-66.04902663538118
611.8	-66.05096947821886
611.85	-66.05206174833094
611.9	-66.05344433224477
611.95	-66.05362125785746
612.0	-66.0540469218406
612.05	-66.0529864874789
612.1	-66.05182338000022
612.15	-66.04877688644504
612.1999999999999	-66.0452831474391
612.25	-66.03986216827944
612.3	-66.03387443538388
612.3499999999999	-66.02609608204227
612.4000000000001	-66.01739415099523
612.45	-66.00698996890539
612.5	-65.99520290586855
612.5500000000001	-65.98196748320356
612.6	-65.96737859733332
612.65	-65.9515644676004
612.7	-65.9346805331328
612.75	-65.91687703511272
612.8	-65.89831693385908
612.85	-65.87909317115125
612.9	-65.85930364299709
612.95	-65.83929717585255
613.0	-65.81960158694429
613.05	-65.80067786035374
613.1	-65.78278401187266
613.15	-65.76599273005704
613.1999999999999	-65.75041477830176
613.25	-65.73621938202837
613.3	-65.72361548922999
613.3499999999999	-65.71280801799547
613.4	-65.70397673452842
613.45	-65.69696279024765
613.5	-65.69207315702073
613.5500000000001	-65.68879381430271
613.6	-65.68780474971145
613.65	-65.68836435758075
613.7	-65.69101015580576
613.75	-65.69506434345921
613.8000000000001	-65.70066277485346
613.85	-65.70753286224347
613.9	-65.71548527619552
613.95	-65.72424005416778
614.0	-65.73351406029677
614.05	-65.74301247543033
614.1	-65.75243211730887
614.15	-65.76145146404808
614.1999999999999	-65.76976592002777
614.25	-65.77714603340821
614.3	-65.78342993366856
614.3499999999999	-65.7884990946643
614.4	-65.79219175074425
614.45	-65.79442726465402
614.5	-65.79506860422418
614.5500000000001	-65.7941224308849
614.6	-65.79144828012667
614.65	-65.78703838216231
614.7	-65.78081929681633
614.75	-65.77279578239305
614.8000000000001	-65.76295793405708
614.85	-65.75135957605265
614.9	-65.73806995794008
614.95	-65.72320439867737
615.0	-65.70691648901239
615.05	-65.68936218391136
615.1	-65.67062329364202
615.15	-65.65075188901737
615.1999999999999	-65.62968096063972
615.25	-65.60737039375175
615.3	-65.58410018200206
615.3499999999999	-65.56022558943536
615.4	-65.53599941528564
615.45	-65.51165877426476
615.5	-65.48750024780364
615.5500000000001	-65.46389468766591
615.6	-65.44113831299111
615.65	-65.41943120092982
615.7	-65.39891736723864
615.75	-65.37960716471724
615.8000000000001	-65.36149530330749
615.85	-65.34455223682215
615.9	-65.32883194060892
615.95	-65.31446765398138
616.0	-65.3016587658462
616.05	-65.29038558953204
616.1	-65.28085314858322
616.15	-65.27267613618577
616.1999999999999	-65.26627195492699
616.25	-65.26106959877828
616.3	-65.25771296890795
616.3499999999999	-65.25552051630802
616.4	-65.25532201129026
616.45	-65.25640167330029
616.5	-65.25961182943246
616.5500000000001	-65.26413524938104
616.6	-65.27036654201252
616.65	-65.27791320177084
616.7	-65.28675067511075
616.75	-65.29664727904641
616.8000000000001	-65.3073490592179
616.85	-65.31864000469824
616.9	-65.33025459331384
616.95	-65.34187253689706
617.0	-65.35318830508326
617.05	-65.36389502039336
617.1	-65.37369438263315
617.15	-65.38228433013661
617.1999999999999	-65.38941232593177
617.25	-65.39495475069118
617.3	-65.39886813254242
617.3499999999999	-65.40112953354799
617.4	-65.40175209064138
617.45	-65.40075733946186
617.5	-65.39818838606222
617.5500000000001	-65.39411590501149
617.6	-65.38868629524382
617.65	-65.38210760609678
617.7	-65.37463745146721
617.75	-65.3666085195201
617.8000000000001	-65.35836273652413
617.85	-65.35022704363013
617.9	-65.34253020145306
617.95	-65.33559062436414
618.0	-65.32968369913849
618.05	-65.3250112965458
618.1	-65.32172087139926
618.15	-65.31994478574889
618.1999999999999	-65.31973793745375
618.25	-65.32115333312848
618.3	-65.32419953857647
618.3499999999999	-65.32891817256449
618.4	-65.33527401266427
618.45	-65.3431604682136
618.5	-65.35241225469385
618.5500000000001	-65.36281951133884
618.6	-65.37410487793801
618.65	-65.38591139453501
618.7	-65.39782792727753
618.75	-65.40950294436557
618.8000000000001	-65.42068670728706
618.85	-65.43115356435224
618.9	-65.44064658777687
618.95	-65.44894680175842
619.0	-65.4560845532214
619.05	-65.46178016256403
619.1	-65.46627911881382
619.15	-65.4690942409519
619.1999999999999	-65.47070839965353
619.25	-65.47064104641987
619.3	-65.46941914271943
619.3499999999999	-65.46660713880132
619.4	-65.4626080444109
619.4499999999999	-65.45719547902782
619.5	-65.4506200753103
619.5500000000001	-65.4429225343474
619.6	-65.4342847726748
619.6500000000001	-65.42480767583862
619.7	-65.41463928251542
619.75	-65.40393389454044
619.8000000000001	-65.39290262237537
619.85	-65.38183529266303
619.9	-65.37100564233813
619.95	-65.36062058224468
620.0	-65.350826189332
620.05	-65.34178140400974
620.1	-65.33350900961679
620.15	-65.326208248976
620.1999999999999	-65.31978641382662
620.25	-65.31455128193305
620.3	-65.3102175627522
620.3499999999999	-65.30728903475236
620.4	-65.30518026874034
620.4499999999999	-65.30448465486116
620.5	-65.30455253153562
620.5500000000001	-65.30590549544206
620.6	-65.3079784912555
620.6500000000001	-65.31104178805995
620.7	-65.31475827679067
620.75	-65.31909379341008
620.8000000000001	-65.32384799812213
620.85	-65.32894020132444
620.9	-65.33421767665126
620.95	-65.33955050766542
621.0	-65.34478021878333
621.05	-65.34975113354949
621.1	-65.35432213712942
621.15	-65.35836142873623
621.1999999999999	-65.36182654009025
621.25	-65.36448478146028
621.3	-65.36656804722122
621.3499999999999	-65.36753426296619
621.4	-65.3679966414683
621.4499999999999	-65.36723594697543
621.5	-65.36606019124493
621.5500000000001	-65.36362201501265
621.6	-65.36091871205544
621.6500000000001	-65.35695479566556
621.7	-65.35278388597366
621.75	-65.3475608184025
621.8000000000001	-65.34259340332171
621.85	-65.33682309350476
621.9	-65.33160047504511
621.95	-65.32563930572914
622.0	-65.32049898105814
622.05	-65.31472248306527
622.1	-65.30988113226536
622.15	-65.30455702844827
622.1999999999999	-65.30039643967886
622.25	-65.2961233366554
622.3	-65.29317488479909
622.3499999999999	-65.29032264505486
622.4	-65.28887876947343
622.4499999999999	-65.28778324247867
622.5	-65.28821100902162
622.5500000000001	-65.28926081358934
622.6	-65.29198315637795
622.6500000000001	-65.29560749218686
622.7	-65.3007363682489
622.75	-65.30684458409932
622.8000000000001	-65.31429042410997
622.85	-65.32287928337534
622.9	-65.33268185734143
622.95	-65.3436400021569
623.0	-65.35572713115137
623.05	-65.36882175719813
623.1	-65.3826825714181
623.15	-65.39701123157211
623.1999999999999	-65.41148909177781
623.25	-65.42590707098947
623.3	-65.44009679580299
623.3499999999999	-65.45393095733189
623.4	-65.4672074017063
623.4499999999999	-65.47972025731725
623.5	-65.4913154313516
623.5500000000001	-65.5018690116186
623.6	-65.51118168188528
623.6500000000001	-65.51915270098783
623.7	-65.52559863316893
623.75	-65.53057513883195
623.8000000000001	-65.53385479491746
623.85	-65.53559838022454
623.9	-65.53540578655594
623.95	-65.53367683172132
624.0	-65.52996735016373
624.05	-65.52469245246522
624.1	-65.51757824265204
624.15	-65.50886379362618
624.1999999999999	-65.49848224106134
624.25	-65.4864937555794
624.3	-65.47297033449213
624.3499999999999	-65.4581229750261
624.4	-65.44230064870506
624.4499999999999	-65.42583235167797
624.5	-65.40901658547821
624.5500000000001	-65.3921673963277
624.6	-65.37554080289085
624.6500000000001	-65.3592334441081
624.7	-65.34324525798885
624.75	-65.3276646792437
624.8000000000001	-65.3127199357415
624.85	-65.29853833741225
624.9	-65.2851531281841
624.95	-65.27257390143869
625.0	-65.26090865420608
625.05	-65.25014278306556
625.1	-65.24035536338745
625.15	-65.2313473694964
625.1999999999999	-65.22324193596398
625.25	-65.21578753553605
625.3	-65.209133817394
625.3499999999999	-65.20295867492324
625.4	-65.19734901266496
625.4499999999999	-65.19210354229581
625.5	-65.18717153748277
625.5500000000001	-65.18253248384922
625.6	-65.17798794657402
625.6500000000001	-65.17367282965652
625.7	-65.1691857483747
625.75	-65.16480852484872
625.8000000000001	-65.16006834335018
625.85	-65.15534907188052
625.9	-65.15020680226345
625.95	-65.14505861390768
626.0	-65.13940206661628
626.05	-65.13370157515432
626.1	-65.12747539004417
626.15	-65.12118139940131
626.1999999999999	-65.11431334896635
626.25	-65.10724797315198
626.3	-65.0997552483934
626.3499999999999	-65.09210432870256
626.4	-65.08416505656065
626.4499999999999	-65.0760991469709
626.5	-65.06796023034885
626.5500000000001	-65.05993682273589
626.6	-65.05219101276106
626.6500000000001	-65.04490820194783
626.7	-65.03828474219513
626.75	-65.0325584734818
626.8000000000001	-65.02795992404015
626.85	-65.02468299392307
626.9	-65.02289494224448
626.95	-65.02274215278264
627.0	-65.02432076167699
627.05	-65.02778915254433
627.1	-65.03326899611747
627.15	-65.040934023714
627.1999999999999	-65.05086438465769
627.25	-65.06314933664365
627.3	-65.07786815337761
627.3499999999999	-65.09508098132656
627.4	-65.1147461098657
627.4499999999999	-65.13675148367554
627.5	-65.1610065245569
627.5500000000001	-65.18740955404408
627.6	-65.21565041964733
627.6500000000001	-65.24516230060267
627.7	-65.27516745792406
627.75	-65.30509255541354
627.8000000000001	-65.33476349333489
627.85	-65.36399312664284
627.9	-65.39234167237622
627.95	-65.41931333493868
628.0	-65.44438750473816
628.05	-65.46701550843783
628.1	-65.48665836436567
628.15	-65.50298464293553
628.1999999999999	-65.51587949768052
628.25	-65.5252754229973
628.3	-65.53114655636622
628.3499999999999	-65.53353534602104
628.4	-65.5324825703264
628.4499999999999	-65.5279561456506
628.5	-65.51986239863353
628.5500000000001	-65.50812496704809
628.6	-65.49278078823316
628.6500000000001	-65.47394668611608
628.7	-65.45176416824602
628.75	-65.42636309279908
628.8000000000001	-65.39791622411455
628.85	-65.36683940875898
628.9	-65.3337209999947
628.95	-65.29924721096363
629.0	-65.26420886340877
629.05	-65.22907697489454
629.1	-65.19400116192358
629.15	-65.15905091791328
629.1999999999999	-65.1244042760924
629.25	-65.09027067889939
629.3	-65.05669991251906
629.3499999999999	-65.02360153986103
629.4	-64.99085116081699
629.4499999999999	-64.95845890495697
629.5	-64.92654289063134
629.5500000000001	-64.89505842031141
629.6	-64.86391459728989
629.6500000000001	-64.83329221016271
629.7	-64.80337507253165
629.75	-64.77428176365923
629.8000000000001	-64.74613835415057
629.85	-64.71911839125957
629.9	-64.69337826885422
629.95	-64.66890230754838
630.0	-64.6456376113515
630.05	-64.62364848815429
630.1	-64.60301965531363
630.15	-64.58376827020615
630.1999999999999	-64.56579067381992
630.25	-64.54901231744279
630.3	-64.53333677964537
630.3499999999999	-64.51880019177864
630.4	-64.50519248355953
630.4499999999999	-64.49258332736594
630.5	-64.48059776299515
630.5500000000001	-64.46939096754872
630.6	-64.45865657433221
630.6500000000001	-64.44855940468163
630.7	-64.4388217066907
630.75	-64.42952789773165
630.8000000000001	-64.42050866518629
630.85	-64.41182879500705
630.9	-64.40343109308044
630.95	-64.39538093323713
631.0	-64.38767120071867
631.05	-64.38032317417091
631.1	-64.37332785519708
631.15	-64.36672082036677
631.1999999999999	-64.36052888720131
631.25	-64.35478409699776
631.3	-64.34956000905646
631.35	-64.34495461918205
631.4	-64.34103634245406
631.4499999999999	-64.33786746795502
631.5	-64.33545835103249
631.55	-64.33385723711906
631.6	-64.33301291994988
631.6500000000001	-64.33299375427787
631.7	-64.33365567736493
631.75	-64.33505877670643
631.8000000000001	-64.3370212781341
631.85	-64.33958503245213
631.9	-64.34258732175653
631.95	-64.34595191838167
632.0	-64.34950918686178
632.05	-64.35309172308784
632.1	-64.35652071570092
632.15	-64.35961592290366
632.1999999999999	-64.36221490264154
632.25	-64.36416209668108
632.3	-64.36537082206404
632.35	-64.36570910124773
632.4	-64.36520715691924
632.4499999999999	-64.36368135428182
632.5	-64.36118574590532
632.55	-64.35762320375389
632.6	-64.35304918915091
632.6500000000001	-64.34751600919147
632.7	-64.34113329959033
632.75	-64.3339667145593
632.8000000000001	-64.32610700847667
632.85	-64.31761178507853
632.9	-64.3086792272079
632.95	-64.2993229148684
633.0	-64.28972690308963
633.05	-64.27968836126516
633.1	-64.26946656433105
633.15	-64.25884865981197
633.1999999999999	-64.24809238312069
633.25	-64.23688081851238
633.3	-64.22536789991246
633.35	-64.2134352409177
633.4	-64.2011696471873
633.4499999999999	-64.18852116755076
633.5	-64.1754983074064
633.55	-64.16214464409963
633.6	-64.14856867662266
633.6500000000001	-64.13482174892664
633.7	-64.12088969878835
633.75	-64.10666508822995
633.8000000000001	-64.09211916321374
633.85	-64.07721143881746
633.9	-64.06192089712128
633.95	-64.04623849272649
634.0	-64.03019365618944
634.05	-64.01383084241206
634.1	-63.9971960426004
634.15	-63.980247947735535
634.1999999999999	-63.9630370775356
634.25	-63.94572695864014
634.3	-63.9284272544758
634.35	-63.91114779950506
634.4	-63.89388056228202
634.4499999999999	-63.87660784740732
634.5	-63.859328827606994
634.55	-63.842056444768915
634.6	-63.824893528585314
634.6500000000001	-63.8079208757255
634.7	-63.79116009193733
634.75	-63.77459355242697
634.8000000000001	-63.758258493068894
634.85	-63.742308976182244
634.9	-63.726863857769246
634.95	-63.71193673935076
635.0	-63.697572399954026
635.05	-63.683820380779025
635.1	-63.67072579354924
635.15	-63.658284466824874
635.1999999999999	-63.6464670674127
635.25	-63.63523184145707
635.3	-63.62459346832179
635.35	-63.6145283273014
635.4	-63.605016243607125
635.4499999999999	-63.59594741653779
635.5	-63.5873484735482
635.55	-63.57921102170813
635.6	-63.571567255891964
635.6500000000001	-63.564399708256744
635.7	-63.55777039601952
635.75	-63.551706304419284
635.8000000000001	-63.54626614029753
635.85	-63.54150623875449
635.9	-63.53752509918642
635.95	-63.53441120593618
636.0	-63.532226095315266
636.05	-63.53105677802843
636.1	-63.53092535431164
636.15	-63.531972007037666
636.1999999999999	-63.53415393526358
636.25	-63.53766354071646
636.3	-63.542440414333484
636.35	-63.548598857525974
636.4	-63.55608522067414
636.4499999999999	-63.56494708856026
636.5	-63.57513557394737
636.55	-63.58665990029968
636.6	-63.599477256599826
636.6500000000001	-63.61343101420836
636.7	-63.628243659136146
636.75	-63.643588403283665
636.8000000000001	-63.65916874262719
636.85	-63.674710817960545
636.9	-63.68994714629322
636.95	-63.704605690847785
637.0	-63.71839380861623
637.05	-63.73102939002138
637.1	-63.74219143409088
637.15	-63.75157367560366
637.2	-63.758965212132544
637.25	-63.764174862622944
637.3	-63.7670199021391
637.35	-63.76738781946193
637.4	-63.76524421455619
637.4499999999999	-63.76050477486339
637.5	-63.75307100066522
637.55	-63.742794149511695
637.5999999999999	-63.72962480375064
637.6500000000001	-63.71357609065408
637.7	-63.69470386357692
637.75	-63.673084337584925
637.8000000000001	-63.64887905940975
637.85	-63.62240514160601
637.9	-63.59397234017851
637.95	-63.56392076367537
638.0	-63.53279180739984
638.05	-63.501188127640056
638.1	-63.46951275884659
638.15	-63.43800282974852
638.2	-63.40708816880526
638.25	-63.37731165110105
638.3	-63.3489285062153
638.35	-63.32195890559322
638.4	-63.29632967259859
638.4499999999999	-63.27186327131824
638.5	-63.24851700429933
638.55	-63.226175564943915
638.5999999999999	-63.204750360244994
638.6500000000001	-63.18404675444761
638.7	-63.16402355773607
638.75	-63.144429372724844
638.8000000000001	-63.125163090575555
638.85	-63.106087258059006
638.9	-63.087286971072416
638.95	-63.06882603513859
639.0	-63.05070189125784
639.05	-63.03279884037573
639.1	-63.01503921909406
639.15	-62.997482959424815
639.2	-62.98018969387017
639.25	-62.963207574081736
639.3	-62.94670450397987
639.35	-62.930851997495026
639.4	-62.91574200415419
639.4499999999999	-62.90140477639098
639.5	-62.88783819498582
639.55	-62.875079639097315
639.5999999999999	-62.8631400472766
639.6500000000001	-62.852112200367515
639.7	-62.84198916671226
639.75	-62.83288629794377
639.8000000000001	-62.82466102494835
639.85	-62.81748425197473
639.9	-62.81107727760819
639.95	-62.805695039031036
640.0	-62.8010537340044
640.05	-62.79744510946311
640.1	-62.7945163445766
640.15	-62.792555497016494
640.2	-62.79126918005479
640.25	-62.79087171861631
640.3	-62.79118913362561
640.35	-62.792331106996784
640.4	-62.794231971257304
640.4499999999999	-62.796933211632805
640.5	-62.80042966609385
640.55	-62.80471763307612
640.5999999999999	-62.80984208969272
640.6500000000001	-62.815803215741305
640.7	-62.82260923423016
640.75	-62.83019861093187
640.8000000000001	-62.83856238225067
640.85	-62.84769957967066
640.9	-62.85758787616309
640.95	-62.86818521954708
641.0	-62.879438472952074
641.05	-62.89123818959085
641.1	-62.90346526866723
641.15	-62.91593721369205
641.2	-62.9283708251428
641.25	-62.94047812309758
641.3	-62.95199804249124
641.35	-62.962706320083846
641.4	-62.97240023402065
641.4499999999999	-62.98089413526407
641.5	-62.98804398890923
641.55	-62.993730044813276
641.5999999999999	-62.9978495564548
641.6500000000001	-63.00035242816095
641.7	-63.001192077105024
641.75	-63.00032022619124
641.8000000000001	-62.997658214787364
641.85	-62.99316205488352
641.9	-62.986824098619266
641.95	-62.97867589108726
642.0	-62.968769302279824
642.05	-62.95716828524241
642.1	-62.9439668553283
642.15	-62.92928682423028
642.2	-62.913158999034025
642.25	-62.895548232792066
642.3	-62.87649588835164
642.35	-62.85609085108757
642.4	-62.834432051711296
642.4499999999999	-62.81164422489729
642.5	-62.787884069584145
642.55	-62.763475711636055
642.5999999999999	-62.7388474838875
642.6500000000001	-62.71437411479684
642.7	-62.6903778101219
642.75	-62.66708906899629
642.8000000000001	-62.6446731129254
642.85	-62.62320584046823
642.9	-62.60273766191413
642.95	-62.5833229477559
643.0	-62.56499915931843
643.05	-62.54780492393314
643.1	-62.53177248203545
643.15	-62.516927973286194
643.2	-62.50336665840061
643.25	-62.49097475167889
643.3	-62.479819955763936
643.35	-62.46969482808758
643.4	-62.460938527631484
643.4499999999999	-62.45286448003276
643.5	-62.446219433472876
643.55	-62.43975714648333
643.5999999999999	-62.43444333126473
643.6500000000001	-62.42935396547688
643.7	-62.42549253775819
643.75	-62.4218631910573
643.8000000000001	-62.41926804744531
643.85	-62.41692456107515
643.9	-62.41555035576104
643.95	-62.414643549134716
644.0	-62.4146809074439
644.05	-62.415397522556106
644.1	-62.41708086192858
644.15	-62.41968184909466
644.2	-62.42331321089829
644.25	-62.42814647078521
644.3	-62.43416007000165
644.35	-62.44162945602719
644.4	-62.45054921756059
644.4499999999999	-62.461107579993296
644.5	-62.47335472137491
644.55	-62.48741064051956
644.5999999999999	-62.50328991050494
644.65	-62.5209589313484
644.7	-62.540261539668926
644.75	-62.56099163312952
644.8000000000001	-62.58305607360802
644.85	-62.606495008236706
644.9	-62.63146160346025
644.95	-62.658045371464326
645.0	-62.686077339401685
645.0500000000001	-62.715087151735254
645.1	-62.744536655588774
645.15	-62.77404129258333
645.2	-62.8032676143229
645.25	-62.83194603784508
645.3	-62.859883357499754
645.35	-62.88681713514629
645.4	-62.912499909169746
645.4499999999999	-62.93660951739136
645.5	-62.9587268138697
645.55	-62.97848655234034
645.5999999999999	-62.99560751191039
645.65	-63.009828214436844
645.7	-63.020920059488645
645.75	-63.02879618256476
645.8000000000001	-63.03353921623976
645.85	-63.03525358530289
645.9	-63.03396432415475
645.95	-63.02962485377608
646.0	-63.02220674301131
646.0500000000001	-63.01169950591487
646.1	-62.99805990617738
646.15	-62.98125747636305
646.2	-62.96136833499341
646.25	-62.93855420745227
646.3	-62.91308118896158
646.35	-62.88532424071444
646.4	-62.85566350142752
646.4499999999999	-62.8243805630984
646.5	-62.79148634668081
646.55	-62.75701610863477
646.5999999999999	-62.72120320473303
646.65	-62.684255096759074
646.7	-62.64648609793203
646.75	-62.60805653751576
646.8000000000001	-62.568904571987254
646.85	-62.52912961361427
646.9	-62.48906446424897
646.95	-62.44908394308375
647.0	-62.40938126656601
647.0500000000001	-62.370228589879716
647.1	-62.3322962027237
647.15	-62.29603481615497
647.2	-62.26155569009897
647.25	-62.229037680161014
647.3	-62.198629859849376
647.35	-62.17038056345051
647.4	-62.14419856834369
647.4499999999999	-62.11999553502084
647.5	-62.09777172291534
647.55	-62.07749097748773
647.5999999999999	-62.05908541918318
647.65	-62.04244220130572
647.7	-62.02756403638799
647.75	-62.014004274353596
647.8000000000001	-62.00207711341153
647.85	-61.99087538058893
647.9	-61.981129221688064
647.95	-61.971608030919306
648.0	-61.96318121694219
648.0500000000001	-61.95473259273547
648.1	-61.946972477010995
648.15	-61.93906464986135
648.2	-61.9314158601545
648.25	-61.92362421517848
648.3	-61.915807613057744
648.35	-61.90783007368687
648.4	-61.899732876748274
648.4499999999999	-61.89144465272027
648.5	-61.88298895786088
648.55	-61.874380120395074
648.5999999999999	-61.865666266339645
648.65	-61.85687440684426
648.7	-61.84805704202627
648.75	-61.83919468944546
648.8000000000001	-61.830340041894154
648.85	-61.82152829119695
648.9	-61.81286317956064
648.95	-61.80441853739791
649.0	-61.79631680910752
649.0500000000001	-61.788550995603885
649.1	-61.7812067880185
649.15	-61.77425224613491
649.2	-61.76784499990278
649.25	-61.76202570021758
649.3	-61.75693741923788
649.35	-61.75256140100826
649.4	-61.749031792763276
649.4499999999999	-61.7463387065606
649.5	-61.74460719094168
649.55	-61.74378219571995
649.5999999999999	-61.7439939527147
649.65	-61.74511809749956
649.7	-61.74728350730372
649.75	-61.75034677521499
649.8000000000001	-61.75432235313372
649.85	-61.75907867017868
649.9	-61.764583734151756
649.95	-61.77070878773617
650.0	-61.77733752745746
650.0500000000001	-61.78428526426961
650.1	-61.79133354719437
650.15	-61.798207495352116
650.2	-61.804617288732175
650.25	-61.81030885736979
650.3	-61.81502983831696
650.35	-61.81852734153088
650.4	-61.820594247410924
650.4499999999999	-61.82105968731429
650.5	-61.81986203282251
650.55	-61.81678103765283
650.5999999999999	-61.81172095754528
650.65	-61.80450967925108
650.6999999999999	-61.795142971881035
650.75	-61.783661203728805
650.8000000000001	-61.770050917727374
650.85	-61.754239487417266
650.9000000000001	-61.736309849997156
650.95	-61.71642932136389
651.0	-61.69469334107927
651.0500000000001	-61.671094834674996
651.1	-61.645652595018774
651.15	-61.61855554204615
651.2	-61.59003363884949
651.25	-61.560207140593754
651.3	-61.5291371550358
651.35	-61.496992784050015
651.4	-61.46410086577151
651.4499999999999	-61.43074343673054
651.5	-61.39707279058682
651.55	-61.363359271307985
651.5999999999999	-61.33001361873644
651.65	-61.29738998685235
651.6999999999999	-61.265675596567036
651.75	-61.2349035509808
651.8000000000001	-61.205186657062
651.85	-61.176662501767474
651.9000000000001	-61.14944841074868
651.95	-61.12371784603744
652.0	-61.099592897474885
652.0500000000001	-61.07696803427785
652.1	-61.055605779225125
652.15	-61.035349426073736
652.2	-61.01621204282162
652.25	-60.998048332007045
652.3	-60.980801871012744
652.35	-60.9642496807299
652.4	-60.94837102527009
652.4499999999999	-60.93293655766284
652.5	-60.91792005752697
652.55	-60.90303942904216
652.5999999999999	-60.88831418738744
652.65	-60.87362610023618
652.6999999999999	-60.85896680635123
652.75	-60.84415105503126
652.8000000000001	-60.829085268905885
652.85	-60.813731422075904
652.9000000000001	-60.79812077060784
652.95	-60.78224541830626
653.0	-60.76616827480338
653.0500000000001	-60.749941924520435
653.1	-60.73359554629377
653.15	-60.717179562758375
653.2	-60.70077031907068
653.25	-60.68439468465425
653.3	-60.66808104669388
653.35	-60.65191176726286
653.4	-60.63603405129073
653.4499999999999	-60.62060449907462
653.5	-60.60580655032864
653.55	-60.59181976516926
653.5999999999999	-60.57873989527921
653.65	-60.56665321074276
653.6999999999999	-60.55567796629341
653.75	-60.545975944193025
653.8000000000001	-60.537532086646166
653.85	-60.53046656722945
653.9000000000001	-60.524633389654944
653.95	-60.520448267512485
654.0	-60.51738294065403
654.0500000000001	-60.51620410527709
654.1	-60.51597907030677
654.15	-60.517569923347764
654.2	-60.52005157501197
654.25	-60.524053632774894
654.3	-60.52889346794103
654.35	-60.534829375824145
654.4	-60.5415323824418
654.4499999999999	-60.54898178137488
654.5	-60.55692414176565
654.55	-60.565310091135714
654.5999999999999	-60.57396316216365
654.65	-60.582753594537294
654.6999999999999	-60.591441548755164
654.75	-60.59979794631185
654.8000000000001	-60.6076320237974
654.85	-60.614747241966874
654.9000000000001	-60.620954438016035
654.95	-60.626084025515965
655.0	-60.63007080860854
655.0500000000001	-60.63272417707856
655.1	-60.63400766527317
655.15	-60.63365234783148
655.2	-60.63176963402165
655.25	-60.62800285904518
655.3	-60.62250979564979
655.35	-60.61497848773777
655.4	-60.60547582236798
655.4499999999999	-60.59384290251755
655.5	-60.5800720303883
655.55	-60.56406344171846
655.5999999999999	-60.54583435917249
655.65	-60.525439357049635
655.6999999999999	-60.50296164916118
655.75	-60.47851965797908
655.8000000000001	-60.45228607973239
655.85	-60.42446002807227
655.9000000000001	-60.39524187155154
655.95	-60.364831522643456
656.0	-60.33341338355228
656.0500000000001	-60.30117310190283
656.1	-60.26834698981257
656.15	-60.23523801903207
656.2	-60.202279598460976
656.25	-60.16986619978939
656.3	-60.138173513333456
656.35	-60.107252372968986
656.4	-60.07716019219714
656.4499999999999	-60.0479934367126
656.5	-60.01993602328027
656.55	-59.993152150491795
656.5999999999999	-59.96769921109629
656.65	-59.94353951954314
656.6999999999999	-59.92051754987335
656.75	-59.89847874910155
656.8000000000001	-59.877244222225066
656.85	-59.85667835754063
656.9000000000001	-59.836771245759294
656.95	-59.81757362009775
657.0	-59.79899422945598
657.0500000000001	-59.78085859578695
657.1	-59.76292978163002
657.15	-59.74511703883344
657.2	-59.72738184857596
657.25	-59.70969645128575
657.3	-59.69193061820198
657.35	-59.67396369503797
657.4	-59.65562466415229
657.4499999999999	-59.636783768368474
657.5	-59.61734112450324
657.55	-59.59735359946626
657.5999999999999	-59.576829499097755
657.65	-59.55577747383942
657.6999999999999	-59.53432289688121
657.75	-59.51259889115431
657.8000000000001	-59.49076379345874
657.85	-59.46893015523045
657.9000000000001	-59.44719541979681
657.95	-59.42577767008304
658.0	-59.404875149658935
658.0500000000001	-59.38461510189923
658.1	-59.36506070956621
658.15	-59.346349550546606
658.2	-59.32870682243113
658.25	-59.312364541361454
658.3	-59.29745566780959
658.35	-59.28405135256919
658.4	-59.27222740337717
658.4499999999999	-59.262117251857845
658.5	-59.253765164471375
658.55	-59.24732495420777
658.5999999999999	-59.242681894223125
658.65	-59.24012791433354
658.6999999999999	-59.2392957234849
658.75	-59.240677062988155
658.8000000000001	-59.2437087347203
658.85	-59.248857117747306
658.9000000000001	-59.25553309833714
658.95	-59.26422517569298
659.0	-59.27456222785795
659.0500000000001	-59.286774951200684
659.1	-59.30064054050087
659.15	-59.315935273231254
659.2	-59.33243267988495
659.25	-59.349847171114774
659.3	-59.36785618195269
659.35	-59.38603670441159
659.4	-59.403830500083885
659.4499999999999	-59.4206844184714
659.5	-59.43623766431914
659.55	-59.45020605970573
659.5999999999999	-59.46230962914342
659.65	-59.47238760277882
659.6999999999999	-59.48039916482894
659.75	-59.486330740038696
659.8000000000001	-59.49022911484802
659.85	-59.4920661782445
659.9000000000001	-59.491933704046104
659.95	-59.48981460684091
660.0	-59.48579107365199
660.0500000000001	-59.47996604558472
660.1	-59.472465808387355
660.15	-59.46349491523413
660.2	-59.45332460203426
660.25	-59.44224075751403
660.3	-59.43053346301062
660.35	-59.418440057691065
660.4	-59.406150104033735
660.4499999999999	-59.3938767468979
660.5	-59.38182195376545
660.55	-59.37023229013799
660.5999999999999	-59.35934078648357
660.65	-59.349337639598346
660.6999999999999	-59.340393190464525
660.75	-59.33270854642001
660.8000000000001	-59.32643345255031
660.85	-59.3216925673118
660.9000000000001	-59.318390748295045
660.95	-59.31664363562068
661.0	-59.31621448236602
661.0500000000001	-59.317268605625166
661.1	-59.31954613092253
661.15	-59.32306064791295
661.2	-59.327625166081276
661.25	-59.333094064049845
661.3	-59.33923932176331
661.35	-59.345827127935536
661.4	-59.352581645219836
661.4499999999999	-59.359204265888586
661.5	-59.36542359595333
661.55	-59.37102897516226
661.5999999999999	-59.375861380313744
661.65	-59.37977570916126
661.6999999999999	-59.3826655150377
661.75	-59.38444166696941
661.8000000000001	-59.385056175919175
661.85	-59.38444639835978
661.9000000000001	-59.38256651765549
661.95	-59.37942087301088
662.0	-59.37503127689759
662.0500000000001	-59.369431854705084
662.1	-59.36262600752829
662.15	-59.354693366275356
662.2	-59.34568054835007
662.25	-59.33570689612069
662.3	-59.32485417577864
662.35	-59.31322682098572
662.4	-59.30090236166542
662.4499999999999	-59.28799775483597
662.5	-59.27459811609674
662.55	-59.26080250182973
662.6	-59.24673210205299
662.65	-59.23256734438722
662.6999999999999	-59.21846211948501
662.75	-59.20451303837178
662.8	-59.19079419905759
662.85	-59.177409865076996
662.9000000000001	-59.16454336371261
662.95	-59.15236600837045
663.0	-59.14105369996601
663.0500000000001	-59.130748344861075
663.1	-59.12160953686295
663.15	-59.11350762028473
663.2	-59.10671183967179
663.25	-59.10089537552941
663.3	-59.096537520817456
663.35	-59.09321931778864
663.4	-59.09167492898534
663.4499999999999	-59.09122631092356
663.5	-59.09270408644368
663.55	-59.09531724480266
663.6	-59.0995079401482
663.65	-59.10478217798067
663.6999999999999	-59.11123037112003
663.75	-59.1186783754204
663.8	-59.1270034263439
663.85	-59.13596051462004
663.9000000000001	-59.14527231888826
663.95	-59.15473634738792
664.0	-59.16418544445703
664.0500000000001	-59.17340573053579
664.1	-59.182152994361246
664.15	-59.19018742411646
664.2	-59.197345574094854
664.25	-59.20352935551102
664.3	-59.208606512079044
664.35	-59.21245139761923
664.4	-59.21491605514952
664.4499999999999	-59.215944326023944
664.5	-59.21542664191174
664.55	-59.213365020486044
664.6	-59.2096555030533
664.65	-59.204301398248674
664.6999999999999	-59.197219340652
664.75	-59.18844327875316
664.8	-59.177968702135
664.85	-59.165772436534354
664.9000000000001	-59.15179223385463
664.95	-59.136114993223586
665.0	-59.11899651053725
665.0500000000001	-59.100649684104496
665.1	-59.081162316983935
665.15	-59.06063922700592
665.2	-59.039253413087216
665.25	-59.01722678969701
665.3	-58.99474401565824
665.35	-58.971913397530926
665.4	-58.94886240555695
665.4499999999999	-58.9258308062074
665.5	-58.9031770022287
665.55	-58.88103002321735
665.6	-58.85935519345339
665.65	-58.83820998832396
665.6999999999999	-58.81772070442364
665.75	-58.797973649093386
665.8	-58.77899162177809
665.85	-58.76073173691629
665.9000000000001	-58.743207282412605
665.95	-58.72633729270127
666.0	-58.71017569757943
666.0500000000001	-58.694682548666094
666.1	-58.67996019546156
666.15	-58.66567911937635
666.2	-58.65202271318486
666.25	-58.63871870338903
666.3	-58.62603863114771
666.35	-58.61364198080511
666.4	-58.6017533841442
666.4499999999999	-58.59009354039502
666.5	-58.57887214276459
666.55	-58.56805521163675
666.6	-58.557794450554596
666.65	-58.54792973928407
666.6999999999999	-58.53858354653189
666.75	-58.529712322597334
666.8	-58.5213714496533
666.85	-58.51352524328691
666.9000000000001	-58.50604952158578
666.95	-58.49905123011198
667.0	-58.49242836256254
667.0500000000001	-58.486482179086764
667.1	-58.48072368756884
667.15	-58.47590503099667
667.2	-58.47109613281036
667.25	-58.467485307851085
667.3	-58.46379514463213
667.35	-58.46159583928362
667.4	-58.4593329410012
667.4499999999999	-58.45862169545872
667.5	-58.45774498339851
667.55	-58.45830502141564
667.6	-58.45872837846197
667.65	-58.46053739813044
667.6999999999999	-58.462247649135904
667.75	-58.46503367608962
667.8	-58.46770412057455
667.85	-58.471310888300835
667.9000000000001	-58.474925119559
667.95	-58.47926217128365
668.0	-58.48365234770031
668.0500000000001	-58.48849713624213
668.1	-58.49339804456033
668.15	-58.498462718475395
668.2	-58.50348409283141
668.25	-58.50840407449897
668.3	-58.513062214661105
668.35	-58.51734603280934
668.4	-58.521086848610715
668.45	-58.52421700492036
668.5	-58.52650809739775
668.55	-58.528067946975526
668.6	-58.528334827873934
668.65	-58.52770051379072
668.6999999999999	-58.525592160298245
668.75	-58.52252422205036
668.8	-58.51811674880141
668.8499999999999	-58.51263328394153
668.9000000000001	-58.505863774948985
668.95	-58.497958148699674
669.0	-58.48881991080315
669.0500000000001	-58.47862392604327
669.1	-58.46727014206934
669.15	-58.45488443441927
669.2	-58.44134204766998
669.25	-58.42670850014718
669.3	-58.41096265213785
669.35	-58.394175580673746
669.4	-58.376379069778416
669.45	-58.35770225174851
669.5	-58.338285585269446
669.55	-58.318255092535196
669.6	-58.297650583085414
669.65	-58.27646916906488
669.6999999999999	-58.254847210635035
669.75	-58.233174666933195
669.8	-58.211967538456626
669.8499999999999	-58.19153188713719
669.9000000000001	-58.17196695232336
669.95	-58.153377222284064
670.0	-58.13575556757437
670.0500000000001	-58.11899865370043
670.1	-58.10300398648013
670.15	-58.087812129560874
670.2	-58.073310761109006
670.25	-58.059492445954845
670.3	-58.04621069198056
670.35	-58.033570844067384
670.4	-58.021455306711346
670.45	-58.009812250123616
670.5	-57.99851152602046
670.55	-57.98754831311042
670.6	-57.97686441014774
670.65	-57.96641365711238
670.6999999999999	-57.95616339028844
670.75	-57.946059629941416
670.8	-57.93610165348644
670.8499999999999	-57.926138457783665
670.9000000000001	-57.91616814650474
670.95	-57.9061154740649
671.0	-57.89607875741109
671.0500000000001	-57.88602120602319
671.1	-57.87602670887472
671.15	-57.8659803419319
671.2	-57.855949446626425
671.25	-57.84580771055094
671.3	-57.83562528208274
671.35	-57.82535080148071
671.4	-57.81510123455062
671.45	-57.80479580352812
671.5	-57.794427549433394
671.55	-57.78389932498701
671.6	-57.77320122113235
671.65	-57.76232597025235
671.6999999999999	-57.751300645863864
671.75	-57.74015714787882
671.8	-57.72887446061402
671.8499999999999	-57.71748276934258
671.9000000000001	-57.70595225524359
671.95	-57.69432607893347
672.0	-57.68262664559167
672.0500000000001	-57.67098778203733
672.1	-57.65949512704924
672.15	-57.64827982622563
672.2	-57.63749731803812
672.25	-57.627241463453046
672.3	-57.61758151379884
672.35	-57.60859168244288
672.4	-57.600355457096114
672.45	-57.59297919751777
672.5	-57.586581610232216
672.55	-57.58090808599993
672.6	-57.57636323356387
672.65	-57.57220061245012
672.6999999999999	-57.56920572534458
672.75	-57.566404555519014
672.8	-57.56472334065261
672.8499999999999	-57.56294261271066
672.9000000000001	-57.56204287767088
672.95	-57.56074593135288
673.0	-57.55995970555181
673.0500000000001	-57.55845992853976
673.1	-57.5571208150331
673.15	-57.554816358253646
673.2	-57.552218968196385
673.25	-57.54848811765362
673.3	-57.54416846620772
673.35	-57.538742146790995
673.4	-57.53245499041461
673.45	-57.52497061033669
673.5	-57.516327752964386
673.55	-57.506481894346514
673.6	-57.49547027910516
673.65	-57.48326271222726
673.6999999999999	-57.469810798038154
673.75	-57.45519994907102
673.8	-57.43956843333094
673.8499999999999	-57.42302739978797
673.9000000000001	-57.40563197545906
673.95	-57.38739206863728
674.0	-57.36841412450466
674.0500000000001	-57.34875082516676
674.1	-57.32835455152981
674.15	-57.307272715964324
674.2	-57.28558620482493
674.25	-57.263402076538455
674.3	-57.24086492197012
674.35	-57.218191144817666
674.4	-57.19553237577534
674.45	-57.172797451511165
674.5	-57.149975801809504
674.55	-57.12726671627169
674.6	-57.10477332211042
674.65	-57.0824987597609
674.6999999999999	-57.06042918234127
674.75	-57.03861521561955
674.8	-57.01713409820739
674.8499999999999	-56.99597921361534
674.9000000000001	-56.97511241446574
674.95	-56.95447195163573
675.0	-56.93397507797097
675.0500000000001	-56.9136746953523
675.1	-56.893652622474434
675.15	-56.873918174230376
675.2	-56.85456470466272
675.25	-56.83577062541358
675.3	-56.817668154277285
675.35	-56.800268784391804
675.4	-56.78354167440398
675.45	-56.76750490365882
675.5	-56.752177228799255
675.55	-56.737504765950966
675.6	-56.723439108108394
675.65	-56.70987637576418
675.6999999999999	-56.696856773386926
675.75	-56.68442422862101
675.8	-56.67262337292666
675.8499999999999	-56.66135002324371
675.9	-56.65057493203862
675.95	-56.64020136673835
676.0	-56.63027466176759
676.0500000000001	-56.620803261868154
676.1	-56.611841536307196
676.15	-56.6034465381627
676.2	-56.595659525208205
676.25	-56.58860323423518
676.3000000000001	-56.58228871730431
676.35	-56.57687634285793
676.4	-56.572330282051695
676.45	-56.56894800994882
676.5	-56.56646948952285
676.55	-56.565637834073414
676.6	-56.5658498630213
676.65	-56.56804312546092
676.6999999999999	-56.57134093884886
676.75	-56.57657263796368
676.8	-56.5830861964112
676.8499999999999	-56.59127318256654
676.9	-56.60084341157175
676.95	-56.61181112932553
677.0	-56.62399870638819
677.0500000000001	-56.63732888001111
677.1	-56.65168668965422
677.15	-56.66698550188579
677.2	-56.683036572818494
677.25	-56.699614276731026
677.3000000000001	-56.716411938440146
677.35	-56.73309478937291
677.4	-56.7493684547146
677.45	-56.76488698848354
677.5	-56.779356739867936
677.55	-56.792626386493716
677.6	-56.80459799508674
677.65	-56.81517094218299
677.6999999999999	-56.82424986876678
677.75	-56.83198307527694
677.8	-56.83815935988977
677.8499999999999	-56.84316579532452
677.9	-56.84660908549362
677.95	-56.8488543453936
678.0	-56.84955241377852
678.0500000000001	-56.849049231563676
678.1	-56.847064436197115
678.15	-56.843893406972214
678.2	-56.839288621308924
678.25	-56.833489966593405
678.3000000000001	-56.82632915126109
678.35	-56.81796800022133
678.4	-56.80826829730253
678.45	-56.79731958347081
678.5	-56.78510570238079
678.55	-56.77167295627973
678.6	-56.756985426531685
678.65	-56.74099641008091
678.6999999999999	-56.72365385542372
678.75	-56.70497161245238
678.8	-56.68507297691056
678.8499999999999	-56.6641806887459
678.9	-56.642491753286926
678.95	-56.62015013358432
679.0	-56.59728416250526
679.0500000000001	-56.57392957882057
679.1	-56.5500530234703
679.15	-56.52565217377777
679.2	-56.50066482234311
679.25	-56.47487970235575
679.3000000000001	-56.44822253351238
679.35	-56.42101940097298
679.4	-56.3935556314523
679.45	-56.3658792957507
679.5	-56.3381131235205
679.55	-56.31040740981497
679.6	-56.28286652289126
679.65	-56.2556009391785
679.6999999999999	-56.22882627954762
679.75	-56.20284893923487
679.8	-56.1779032554585
679.8499999999999	-56.15410516009977
679.9	-56.13153138674109
679.95	-56.110255332902746
680.0	-56.0904498923838
680.0500000000001	-56.07219762031228
680.1	-56.05544935415179
680.15	-56.04014000953039
680.2	-56.02626432082925
680.25	-56.01375013402795
680.3000000000001	-56.00247116205426
680.35	-55.99230225966144
680.4	-55.98302642030409
680.45	-55.97473878579747
680.5	-55.96700235951257
680.55	-55.960268372634445
680.6	-55.95361463768123
680.65	-55.947805959797556
680.6999999999999	-55.94150576238276
680.75	-55.93565413230939
680.8	-55.929069704141085
680.8499999999999	-55.922861767192146
680.9	-55.91584270430177
680.95	-55.90922474508348
681.0	-55.9018524359472
681.0500000000001	-55.89493490960348
681.1	-55.88735245068169
681.15	-55.880376732592104
681.2	-55.873022550500714
681.25	-55.866775798986446
681.3000000000001	-55.86046603635208
681.35	-55.85587317335787
681.4	-55.85127244090288
681.45	-55.84868449351961
681.5	-55.84622227289368
681.55	-55.846006734292345
681.6	-55.84601372885962
681.65	-55.84800818490375
681.6999999999999	-55.85022910291421
681.75	-55.85399400516921
681.8	-55.85803547074828
681.8499999999999	-55.86299130001939
681.9	-55.86829738505247
681.9499999999999	-55.87394270768201
682.0	-55.87980971622484
682.0500000000001	-55.885682673034225
682.1	-55.8914138550341
682.1500000000001	-55.896865735778846
682.2	-55.90186672796705
682.25	-55.90639068776028
682.3000000000001	-55.91018390983201
682.35	-55.91346642279093
682.4	-55.91572355163924
682.45	-55.917370820549515
682.5	-55.917780415820786
682.55	-55.9175938201993
682.6	-55.91624474407434
682.65	-55.91425895879024
682.6999999999999	-55.91108104378249
682.75	-55.907095387509216
682.8	-55.90184443033414
682.8499999999999	-55.895563456817
682.9	-55.88790204363944
682.9499999999999	-55.878940064853765
683.0	-55.868449011771816
683.0500000000001	-55.85641786156962
683.1	-55.842791829216836
683.1500000000001	-55.82756046598367
683.2	-55.81061885784352
683.25	-55.791649364945215
683.3000000000001	-55.77048469848096
683.35	-55.74700932932716
683.4	-55.72115430114592
683.45	-55.692785686138805
683.5	-55.66180783767486
683.55	-55.628384465288654
683.6	-55.592902619163866
683.65	-55.55585094655882
683.6999999999999	-55.51753767153525
683.75	-55.4782425212523
683.8	-55.43856906354554
683.8499999999999	-55.39927244277901
683.9	-55.36095263376518
683.9499999999999	-55.32405932023377
684.0	-55.28902291024203
684.0500000000001	-55.256589312611034
684.1	-55.2271699103392
684.1500000000001	-55.20055748600352
684.2	-55.1764433778257
684.25	-55.15447476747591
684.3000000000001	-55.13453933220977
684.35	-55.1162972973848
684.4	-55.09993455843633
684.45	-55.08476344582171
684.5	-55.07116317789547
684.55	-55.05844824388237
684.6	-55.04715169459398
684.65	-55.03626630184362
684.6999999999999	-55.02640712351311
684.75	-55.01662173576142
684.8	-55.00737469962054
684.8499999999999	-54.99806691974548
684.9	-54.98892249120913
684.9499999999999	-54.97955483864371
685.0	-54.97002174468242
685.0500000000001	-54.96016940594048
685.1	-54.95007131413678
685.1500000000001	-54.93978176495546
685.2	-54.92933890703139
685.25	-54.918716558246935
685.3000000000001	-54.907978362662
685.35	-54.89726044074237
685.4	-54.88669058876984
685.45	-54.87636539129077
685.5	-54.86640780570352
685.55	-54.856966041941924
685.6	-54.84818454105283
685.65	-54.84019434710595
685.6999999999999	-54.83311864163264
685.75	-54.82711900201384
685.8	-54.822348894344756
685.8499999999999	-54.818913974357805
685.9	-54.816872810693255
685.9499999999999	-54.816234457170715
686.0	-54.817000319303446
686.0500000000001	-54.81915527680891
686.1	-54.82269620730362
686.1500000000001	-54.82757517711336
686.2	-54.833708336644364
686.25	-54.840954566714906
686.3000000000001	-54.84914597790628
686.35	-54.858117585250895
686.4	-54.86770072637198
686.45	-54.87765907475938
686.5	-54.88767271626526
686.55	-54.89740208248868
686.6	-54.906549012899944
686.65	-54.91488582040119
686.6999999999999	-54.92219816008918
686.75	-54.92834496677037
686.8	-54.93317385529479
686.8499999999999	-54.93662871959923
686.9	-54.93850915164036
686.9499999999999	-54.93884809821515
687.0	-54.93743151429823
687.0500000000001	-54.93433175800462
687.1	-54.929404175889104
687.1500000000001	-54.92271280434285
687.2	-54.914157120270644
687.25	-54.90373014023628
687.3000000000001	-54.8914179435227
687.35	-54.87730029804787
687.4	-54.86148223263142
687.45	-54.84411659355364
687.5	-54.8253066255501
687.55	-54.80512379322816
687.6	-54.78362208835658
687.65	-54.760879179483354
687.6999999999999	-54.7370620628928
687.75	-54.712380658055096
687.8	-54.68693232870464
687.8499999999999	-54.66074379678574
687.9	-54.63392589343792
687.9499999999999	-54.606688463559394
688.0	-54.57928057422279
688.0500000000001	-54.55201213779934
688.1	-54.5251420468347
688.1500000000001	-54.498772240083646
688.2	-54.47293974943006
688.25	-54.447592761491876
688.3000000000001	-54.422662675104974
688.35	-54.39818213251918
688.4	-54.374161368216335
688.45	-54.350574437915775
688.5	-54.327440131462595
688.55	-54.30473560135782
688.6	-54.28246258625959
688.65	-54.26058939566221
688.6999999999999	-54.2390549342076
688.75	-54.21776869837326
688.8	-54.1965657896981
688.8499999999999	-54.17526903761122
688.9	-54.1537384679073
688.9499999999999	-54.131937995581374
689.0	-54.10992381466333
689.0500000000001	-54.087681545522095
689.1	-54.06512820535953
689.1500000000001	-54.04221682698946
689.2	-54.01889477931893
689.25	-53.99514836557482
689.3000000000001	-53.970902156930194
689.35	-53.94615214572191
689.4	-53.92109633403139
689.45	-53.89592529292351
689.5	-53.870697063629294
689.55	-53.84534114432684
689.6	-53.819787655082976
689.65	-53.79414969425436
689.6999999999999	-53.768570252619966
689.75	-53.743194617984955
689.8	-53.71832543516141
689.8499999999999	-53.69430626693172
689.9	-53.6713994612061
689.9499999999999	-53.64969452089023
690.0	-53.62925115735446
690.0500000000001	-53.6101725157837
690.1	-53.592618287013835
690.1500000000001	-53.57674482495277
690.2	-53.56262571556762
690.25	-53.550265731757776
690.3000000000001	-53.53957760749614
690.35	-53.5306657067463
690.4	-53.523253104871934
690.45	-53.51753412776782
690.5	-53.51314263108124
690.55	-53.510409623763046
690.6	-53.50873118797256
690.65	-53.50848238415506
690.6999999999999	-53.50905709123994
690.75	-53.51066141822249
690.8	-53.51277478437042
690.8499999999999	-53.515373431644996
690.9	-53.518148602415835
690.9499999999999	-53.52090818795553
691.0	-53.523397601227984
691.0500000000001	-53.52539984756858
691.1	-53.526579074635926
691.1500000000001	-53.52693235746402
691.2	-53.52582560893827
691.25	-53.523487886264235
691.3000000000001	-53.51926842517946
691.35	-53.51341682739539
691.4	-53.505606426906965
691.45	-53.49587477208857
691.5	-53.48397838751041
691.55	-53.46986998030259
691.6	-53.45347172083824
691.65	-53.43478971078545
691.6999999999999	-53.41382728470734
691.75	-53.390580823984976
691.8	-53.36500852631477
691.8499999999999	-53.33707047339253
691.9	-53.30667055344396
691.9499999999999	-53.27362813633763
692.0	-53.237825473526115
692.0500000000001	-53.199207979512124
692.1	-53.157618760928855
692.1500000000001	-53.11288138288673
692.2	-53.06501418581337
692.25	-53.01409780959714
692.3000000000001	-52.95989281626581
692.35	-52.90222290297961
692.4	-52.841490167121876
692.45	-52.77824113889834
692.5	-52.712579025722604
692.55	-52.64435709239528
692.6	-52.573607588374855
692.65	-52.50063766714313
692.6999999999999	-52.425516624831054
692.75	-52.34834278820991
692.8	-52.26963853764421
692.8499999999999	-52.18993023207754
692.9	-52.10944244562047
692.9499999999999	-52.02759961746827
693.0	-51.9435669113386
693.0500000000001	-51.857180890879846
693.1	-51.76896305106336
693.1500000000001	-51.67943990211265
693.2	-51.58881210474658
693.25	-51.49640971293256
693.3000000000001	-51.40184817482492
693.35	-51.30539056357932
693.4	-51.20708625099839
693.45	-51.1065726538041
693.5	-51.00336465201771
693.55	-50.89699696747404
693.6	-50.78670165724972
693.65	-50.67133932482159
693.6999999999999	-50.55021648171213
693.75	-50.423450318174574
693.8	-50.291063289618535
693.85	-50.152975700315125
693.9	-50.008172345607996
693.9499999999999	-49.85571523224904
694.0	-49.69503564260069
694.05	-49.52591261121741
694.1	-49.34910506778557
694.1500000000001	-49.1651692633587
694.2	-48.972798855339505
694.25	-48.76895041769706
694.3000000000001	-48.55097889416672
694.35	-48.31926013879878
694.4	-48.076404555375355
694.45	-47.82376480356687
694.5	-47.56170554539939
694.55	-47.29035336292824
694.6	-47.01183001923988
694.65	-46.72476531307471
694.6999999999999	-46.422037218183036
694.75	-46.09851085962406
694.8	-45.7556414275071
694.85	-45.394188655631616
694.9	-45.010739411273285
694.9499999999999	-44.59950444883468
695.0	-44.15958833634251
695.05	-43.685267530802065
695.1	-43.16874195007031
695.1500000000001	-42.61818166300968
695.2	-42.03974099522712
695.25	-41.421558415719254
695.3000000000001	-40.74422546655096
695.35	-39.99955763869652
695.4	-39.217164095141115
695.45	-38.4348925179479
695.5	-37.64625907687689
695.55	-36.823660379543
695.6	-35.92185034207997
695.65	-34.8789987829636
695.6999999999999	-33.67250342532024
695.75	-32.36574852275176
695.8	-31.01254407012992
695.85	-29.605714511560276
695.9	-28.18645504817137
695.9499999999999	-26.68816986215161
696.0	-25.110831321616935
696.05	-23.57146937621655
696.1	-22.05844935953103
696.1500000000001	-20.475154949955495
696.2	-18.830765075814185
696.25	-17.173692161108278
696.3000000000001	-15.614562250149525
696.35	-14.176961728148289
696.4	-12.823754087357182
696.45	-11.567996548561043
696.5	-10.347001535946255
696.55	-9.164640785034923
696.6	-8.08504608747145
696.65	-7.099984385356436
696.6999999999999	-6.188857826844002
696.75	-5.344874743180123
696.8	-4.5427211271188765
696.85	-3.7752360745315383
696.9	-3.0367015907213486
696.9499999999999	-2.341742075574609
697.0	-1.695163938687224
697.05	-1.0894765786980876
697.1	-0.534711952559105
697.1500000000001	-0.030149083634299217
697.2	0.4352054682047226
697.25	0.8704032629106139
697.3000000000001	1.2856990393795953
697.35	1.6849294591770834
697.4	2.069218693320799
697.45	2.442155813078937
697.5	2.8012375079303253
697.55	3.1434252894520927
697.6	3.4646810168717246
697.65	3.7648440529688942
697.6999999999999	4.046687388068588
697.75	4.312431055657564
697.8	4.564152010291922
697.85	4.803096232855173
697.9	5.03132791109214
697.9499999999999	5.251878046488839
698.0	5.465729952275902
698.05	5.671909669396744
698.1	5.868899353945337
698.1500000000001	6.055293529553667
698.2	6.231079817732079
698.25	6.397240883291383
698.3000000000001	6.555518992482778
698.35	6.706598464445358
698.4	6.850065684188962
698.45	6.986238584682511
698.5	7.116290154495342
698.55	7.24099953032969
698.6	7.360503050696711
698.65	7.474389453061
698.6999999999999	7.582932587960466
698.75	7.686685359910695
698.8	7.786034362179825
698.85	7.881484163269921
698.9	7.973436994985714
698.9499999999999	8.062099887907218
699.0	8.14776255138269
699.05	8.230153890328026
699.1	8.308864697847477
699.1500000000001	8.383968967471024
699.2	8.455448752742482
699.25	8.52304036899244
699.3000000000001	8.586280109859239
699.35	8.644939314655447
699.4	8.698995194911408
699.45	8.748534661162958
699.5	8.793684090014775
699.55	8.834752534936651
699.6	8.871909805622288
699.65	8.905087835556504
699.7	8.934185572003665
699.75	8.959284266524833
699.8	8.980600517483253
699.85	8.998297384400898
699.9	9.012542466171759
699.9499999999999	9.023553501312772
700.0	9.031617377305848
700.05	9.03710798745681
700.0999999999999	9.040305072269208
700.1500000000001	9.041477005432057
700.2	9.040795282547592
700.25	9.038469536124666
700.3000000000001	9.034762567647336
700.35	9.029938843307173
700.4	9.024280714764672
700.45	9.018058595191587
700.5	9.011571066260347
700.55	9.005053033612771
700.6	8.998789812431015
700.65	8.992825969412767
700.7	8.987527781667545
700.75	8.98262857242427
700.8	8.978775238823971
700.85	8.975377846318793
700.9	8.973369311759395
700.9499999999999	8.971892890342648
701.0	8.971894567700094
701.05	8.97234811821438
701.0999999999999	8.974159756314943
701.1500000000001	8.976376447048935
701.2	8.979587534732971
701.25	8.98307171191319
701.3000000000001	8.987112112927981
701.35	8.99130940460288
701.4	8.99566756452731
701.45	8.999957968044832
701.5	9.004005791606776
701.55	9.007592359376396
701.6	9.010664266704982
701.65	9.012849889021982
701.7	9.0143519137497
701.75	9.014499655153749
701.8	9.013693099488203
701.85	9.011146669545404
701.9	9.007434209302831
701.9499999999999	9.001964894659842
702.0	8.995101890133924
702.05	8.986423043880414
702.0999999999999	8.976065603393089
702.1500000000001	8.963852395981739
702.2	8.94981221674104
702.25	8.933909359744698
702.3000000000001	8.916193351894293
702.35	8.896675219855155
702.4	8.875329697431152
702.45	8.85201541641873
702.5	8.826632846514007
702.55	8.799239150250072
702.6	8.770027106331387
702.65	8.739147038928797
702.7	8.706565753038156
702.75	8.672251000612345
702.8	8.636280798023108
702.85	8.598708753068834
702.9	8.559674253872036
702.9499999999999	8.519340818945128
703.0	8.477832404735693
703.05	8.435295404311294
703.0999999999999	8.391903483893344
703.1500000000001	8.347742513913946
703.2	8.302914952093882
703.25	8.257809392365914
703.3000000000001	8.21289106929736
703.35	8.168252665761054
703.4	8.123797300697538
703.45	8.07920257388736
703.5	8.03401040530712
703.55	7.987986071307475
703.6	7.94114093390273
703.65	7.893764197831015
703.7	7.845885965255658
703.75	7.797261573025686
703.8	7.747862870953748
703.85	7.697760515287684
703.9	7.6468769652879836
703.9499999999999	7.595260348111989
704.0	7.542774568848736
704.05	7.4892763828316244
704.0999999999999	7.434831133368453
704.1500000000001	7.379248570779344
704.2	7.322298336789878
704.25	7.264234000828578
704.3000000000001	7.20540657583425
704.35	7.145757138156859
704.4	7.085001333141312
704.45	7.022974403296006
704.5	6.9596438034843375
704.55	6.895059499934308
704.6	6.829651874290249
704.65	6.764106027056696
704.7	6.699329157812402
704.75	6.6359237100972335
704.8	6.574136284677274
704.85	6.514221552389451
704.9	6.45619878255342
704.9499999999999	6.400125413858723
705.0	6.346121060319616
705.05	6.294170153113937
705.0999999999999	6.244347680650018
705.1500000000001	6.196816799319791
705.2	6.151518976617196
705.25	6.108463732062814
705.3000000000001	6.067770749732917
705.35	6.029457500751672
705.4	5.993318468025901
705.45	5.959144601704443
705.5	5.926882406121184
705.55	5.896468070445611
705.6	5.867732830807754
705.65	5.840523879431529
705.7	5.814563830741275
705.75	5.789476188020402
705.8	5.76498191147641
705.85	5.740848990824279
705.9	5.716839170633813
705.9499999999999	5.692785513659986
706.0	5.668599445512251
706.05	5.644159883704569
706.0999999999999	5.619209715766477
706.1500000000001	5.593404048207978
706.2	5.566539669647877
706.25	5.538560688321219
706.3000000000001	5.509469593445635
706.35	5.479300878875326
706.4	5.4482304007940225
706.45	5.416476504318641
706.5	5.383999672990615
706.55	5.350675462961626
706.6	5.316582153874343
706.65	5.28181388429611
706.7	5.246152438730342
706.75	5.209266006701469
706.8	5.171064814915589
706.85	5.131681794661731
706.9	5.091177043555339
706.9499999999999	5.049460934266634
707.0	5.0062598779989695
707.05	4.96141988075877
707.0999999999999	4.914946799983861
707.15	4.866821909453149
707.2	4.81682581816303
707.25	4.76447738042469
707.3000000000001	4.709340024909956
707.35	4.651130788252624
707.4	4.589492077674951
707.45	4.524121764527466
707.5	4.454936180056332
707.5500000000001	4.3822187190064135
707.6	4.306433728737408
707.65	4.227774327882551
707.7	4.146711216984682
707.75	4.063367349848372
707.8	3.9774792347366144
707.85	3.8892518618792478
707.9	3.799612255026344
707.9499999999999	3.710713586450032
708.0	3.62505647110473
708.05	3.5438538356088345
708.0999999999999	3.467437651763979
708.15	3.3956373675975584
708.2	3.327837831546611
708.25	3.263585766830017
708.3000000000001	3.2023768834698547
708.35	3.143746341007572
708.4	3.0875386968198972
708.45	3.033615363918808
708.5	2.9815281283918944
708.5500000000001	2.9306647901187066
708.6	2.8804666423426077
708.65	2.8305660896605866
708.7	2.7805359208459093
708.75	2.7298780063435166
708.8	2.6780642790425304
708.85	2.624516964784763
708.9	2.5687767813400733
708.9499999999999	2.5103833552515855
709.0	2.4491416375510715
709.05	2.3849826475479503
709.0999999999999	2.3177361619725474
709.15	2.24756533018124
709.2	2.1749232679821042
709.25	2.1004262475544655
709.3000000000001	2.024706364382433
709.35	1.9478517041227472
709.4	1.869754404646234
709.45	1.7904717038523876
709.5	1.7100883948091012
709.5500000000001	1.6292723790475383
709.6	1.5489761358114544
709.65	1.4703914264269407
709.7	1.3941504518502397
709.75	1.3200586987316987
709.8	1.2480168935615634
709.85	1.1782246108364145
709.9	1.110915805025175
709.9499999999999	1.0460904675026428
710.0	0.9833063861854747
710.05	0.922392933612171
710.0999999999999	0.8634928359711324
710.15	0.8065171461542251
710.2	0.7512344902829962
710.25	0.697467361364871
710.3000000000001	0.6453109731481627
710.35	0.594674091076625
710.4	0.5451131316957243
710.45	0.4962129173841679
710.5	0.44763224267504487
710.5500000000001	0.39904849110107504
710.6	0.3500976811544643
710.65	0.3002633922794504
710.7	0.24908906678168563
710.75	0.19625309839407762
710.8	0.14136670269057047
710.85	0.08415857627704741
710.9	0.024437738880045926
710.9499999999999	-0.037807424079952384
711.0	-0.10257399634015862
711.05	-0.16989249388297192
711.0999999999999	-0.2396550789711986
711.15	-0.3119080637464642
711.2	-0.38675997626104136
711.25	-0.4640909093339467
711.3000000000001	-0.5440248859410161
711.35	-0.6261106421790766
711.4	-0.7091992601936898
711.45	-0.7927751438316262
711.5	-0.8769976012521876
711.5500000000001	-0.961830852712046
711.6	-1.0466600563949533
711.65	-1.1315342629246925
711.7	-1.2169938067603048
711.75	-1.302904452716355
711.8	-1.3889031049496419
711.85	-1.4749286065836535
711.9	-1.5606930657508813
711.9499999999999	-1.645956244420328
712.0	-1.7306482281204227
712.05	-1.8148532838412297
712.0999999999999	-1.8985743637692432
712.15	-1.981819119965083
712.2	-2.064631275560264
712.25	-2.1468373571328554
712.3000000000001	-2.2280679983836666
712.35	-2.3080318438010936
712.4	-2.3869938321784723
712.45	-2.465551323522533
712.5	-2.54360361163594
712.5500000000001	-2.620353951256745
712.6	-2.6956386231721083
712.65	-2.769762201063714
712.7	-2.8430420674792467
712.75	-2.915636655351872
712.8	-2.987150096459764
712.85	-3.057056121365575
712.9	-3.125418174667224
712.9499999999999	-3.1930318863923617
713.0	-3.2610808471013266
713.05	-3.330174767992289
713.0999999999999	-3.400307343169295
713.15	-3.471619132926739
713.1999999999999	-3.544548436900019
713.25	-3.619444099917291
713.3000000000001	-3.695901727568687
713.35	-3.773619843029158
713.4000000000001	-3.8532417068918043
713.45	-3.935358269950492
713.5	-4.020052709719061
713.5500000000001	-4.107175522580105
713.6	-4.19667935804753
713.65	-4.288206963793478
713.7	-4.380687239102321
713.75	-4.4732050440486795
713.8	-4.565314801007812
713.85	-4.656031370440276
713.9	-4.744598311420264
713.9499999999999	-4.831064674518249
714.0	-4.915926447987765
714.05	-4.998937830910795
714.0999999999999	-5.079053445272843
714.15	-5.155811221084816
714.1999999999999	-5.228907895523191
714.25	-5.298001103498024
714.3000000000001	-5.363114584397627
714.35	-5.424194831875373
714.4000000000001	-5.481038136820486
714.45	-5.533527003808191
714.5	-5.581485701332284
714.5500000000001	-5.62459316900229
714.6	-5.662495562342082
714.65	-5.695097484730506
714.7	-5.722729883710753
714.75	-5.745796753519253
714.8	-5.764807024770449
714.85	-5.780216492280718
714.9	-5.792182874752142
714.9499999999999	-5.80182129406872
715.0	-5.808577075254335
715.05	-5.813805872410726
715.0999999999999	-5.81712054702822
715.15	-5.819505399782495
715.1999999999999	-5.820811190368627
715.25	-5.821722782382942
715.3000000000001	-5.822193130177725
715.35	-5.8228934894685045
715.4000000000001	-5.82373523743173
715.45	-5.8254410011814475
715.5	-5.827780968483191
715.5500000000001	-5.83138168500389
715.6	-5.836018228818454
715.65	-5.842054958533749
715.7	-5.849424495755451
715.75	-5.858342447680416
715.8	-5.868826012321572
715.85	-5.880870630805877
715.9	-5.894368163915583
715.9499999999999	-5.9092057857400295
716.0	-5.925357892765851
716.05	-5.942749137454495
716.0999999999999	-5.961234140141909
716.15	-5.98072927521085
716.1999999999999	-6.001160251394875
716.25	-6.02253082480828
716.3000000000001	-6.044864105247454
716.35	-6.068144701654741
716.4000000000001	-6.092401306177458
716.45	-6.117727800178887
716.5	-6.144237199280786
716.5500000000001	-6.172016786266829
716.6	-6.2011577475819974
716.65	-6.231815729486285
716.7	-6.263950706429403
716.75	-6.297267533783836
716.8	-6.331584956574296
716.85	-6.366880565287827
716.9	-6.40328466280117
716.9499999999999	-6.440944355136667
717.0	-6.479943310025373
717.05	-6.520281908932535
717.0999999999999	-6.56181724659813
717.15	-6.60448854117733
717.1999999999999	-6.648393330891345
717.25	-6.693601451724052
717.3000000000001	-6.740149664330522
717.35	-6.7880090226093905
717.4000000000001	-6.837217363558125
717.45	-6.888209079338408
717.5	-6.94140532799279
717.5500000000001	-6.996932535268505
717.6	-7.054691127053735
717.65	-7.114693958548029
717.7	-7.177310196153554
717.75	-7.242670470171408
717.8	-7.3103605220218695
717.85	-7.3799367035181405
717.9	-7.451069483287641
717.9499999999999	-7.524055726407929
718.0	-7.599443305512043
718.05	-7.677827618072088
718.0999999999999	-7.760008187988073
718.15	-7.846655233433635
718.1999999999999	-7.937464255918194
718.25	-8.030675373539102
718.3000000000001	-8.124401489397993
718.35	-8.217934525332552
718.4000000000001	-8.311099682249903
718.45	-8.403689477099189
718.5	-8.495987729915687
718.5500000000001	-8.588120405884835
718.6	-8.679668066498579
718.65	-8.769992852420682
718.7	-8.858738355017838
718.75	-8.946180954996889
718.8	-9.032746750340294
718.85	-9.117958084333242
718.9	-9.201101808324875
718.9499999999999	-9.282232036054452
719.0	-9.361969840049445
719.05	-9.440376789997654
719.0999999999999	-9.517065648717502
719.15	-9.59215151708862
719.1999999999999	-9.666083408953686
719.25	-9.739022667723635
719.3000000000001	-9.810375907456347
719.35	-9.879609203374834
719.4000000000001	-9.946823546299353
719.45	-10.012244929922929
719.5	-10.075984026863445
719.5500000000001	-10.138457586408226
719.6	-10.20011167184906
719.65	-10.261480004446224
719.7	-10.323136214559486
719.75	-10.38564987879499
719.8	-10.449403242324948
719.85	-10.514473210738473
719.9	-10.580980196065479
719.9499999999999	-10.648980982482222
720.0	-10.71826772209816
720.05	-10.788631456185716
720.0999999999999	-10.859711779951295
720.15	-10.93107363828565
720.1999999999999	-11.002677886038317
720.25	-11.074558998643909
720.3000000000001	-11.146881598260432
720.35	-11.219485621068415
720.4000000000001	-11.291877528702138
720.45	-11.36383262878833
720.5	-11.435283279235989
720.5500000000001	-11.506290064827608
720.6	-11.577188239799487
720.65	-11.647752267089786
720.7	-11.71760757350202
720.75	-11.786750576266972
720.8	-11.85519695300589
720.85	-11.922924204484753
720.9	-11.990000570371398
720.9499999999999	-12.056702822277561
721.0	-12.123222869855258
721.05	-12.189495007791866
721.0999999999999	-12.255524279457553
721.15	-12.321528291527954
721.1999999999999	-12.387431589293437
721.25	-12.452521145457048
721.3000000000001	-12.516350997590868
721.35	-12.579181192564327
721.4000000000001	-12.64124445327687
721.45	-12.702768562957745
721.5	-12.764060824630821
721.5500000000001	-12.825326010915287
721.6	-12.886689300796714
721.65	-12.948059502271091
721.7	-13.0094699139986
721.75	-13.071395454892427
721.8	-13.134132047322122
721.85	-13.19770248423973
721.9	-13.262376753274104
721.9499999999999	-13.328422621398024
722.0	-13.395826884097183
722.05	-13.464355544421458
722.0999999999999	-13.533794832198646
722.15	-13.604212262772409
722.1999999999999	-13.675835181015405
722.25	-13.748941540038889
722.3000000000001	-13.82403233811017
722.35	-13.90166667761365
722.4000000000001	-13.98215316515299
722.45	-14.065002560057398
722.5	-14.149723087561668
722.5500000000001	-14.236684888044
722.6	-14.326592500527969
722.65	-14.419477348615978
722.7	-14.515089395154199
722.75	-14.612720667872512
722.8	-14.711343530375903
722.85	-14.809819560841646
722.9	-14.907123087996307
722.9499999999999	-15.002906245626505
723.0	-15.097424311995717
723.05	-15.190755509898967
723.0999999999999	-15.281979399533913
723.15	-15.370287989903893
723.1999999999999	-15.455640223866393
723.25	-15.538168241588043
723.3000000000001	-15.617894117994513
723.35	-15.694787215790868
723.4000000000001	-15.769054549279161
723.45	-15.841298544772666
723.5	-15.911796721716735
723.5500000000001	-15.980255458920965
723.6	-16.046494253914556
723.65	-16.110591239727036
723.7	-16.172804647367855
723.75	-16.23325809921358
723.8	-16.291965054042038
723.85	-16.349018940724115
723.9	-16.40455476973861
723.9499999999999	-16.458710397627065
724.0	-16.511671747745496
724.05	-16.56360084941047
724.0999999999999	-16.614764660831693
724.15	-16.66553119185302
724.1999999999999	-16.716238909615466
724.25	-16.767234030665577
724.3000000000001	-16.818840190367737
724.35	-16.871107659256126
724.4000000000001	-16.923681868523637
724.45	-16.976473590835383
724.5	-17.029825385298388
724.5500000000001	-17.083900698596587
724.6	-17.13863168031032
724.65	-17.194090646746716
724.7	-17.250343114794177
724.75	-17.307511652205704
724.8	-17.3657632378713
724.85	-17.425158299103895
724.9	-17.485825266199264
724.9499999999999	-17.54794551552586
725.0	-17.611918290174998
725.05	-17.67782775049207
725.1	-17.745289675208618
725.15	-17.814076937744293
725.1999999999999	-17.884019507341314
725.25	-17.95485864613452
725.3	-18.02637408882441
725.35	-18.098426198292042
725.4000000000001	-18.17079921015792
725.45	-18.243290902566166
725.5	-18.316024671173054
725.5500000000001	-18.389334884034824
725.6	-18.463089780549677
725.65	-18.53689647131145
725.7	-18.610614292070892
725.75	-18.684502714930396
725.8	-18.75895532426074
725.85	-18.833929372019796
725.9	-18.90922197895533
725.9499999999999	-18.984842120473783
726.0	-19.061033184298836
726.05	-19.138293644945733
726.1	-19.21646112139358
726.15	-19.295161114705856
726.1999999999999	-19.374556381150718
726.25	-19.455040707092344
726.3	-19.536563842760366
726.35	-19.61833745799616
726.4000000000001	-19.699558613338844
726.45	-19.78031226117575
726.5	-19.86135239777166
726.5500000000001	-19.94303579799343
726.6	-20.02506442907527
726.65	-20.106976221089987
726.7	-20.18895919921122
726.75	-20.271337469491833
726.8	-20.354524529385863
726.85	-20.438965357744536
726.9	-20.52460657295998
726.9499999999999	-20.611264632397003
727.0	-20.69917599546433
727.05	-20.78886540718628
727.1	-20.880882484205422
727.15	-20.975348236761967
727.1999999999999	-21.072168512183993
727.25	-21.1710523285624
727.3	-21.271571921399513
727.35	-21.373415956037114
727.4000000000001	-21.475967851429083
727.45	-21.5789190873277
727.5	-21.68288597210998
727.5500000000001	-21.78845945692963
727.6	-21.895427834487844
727.65	-22.003430140321882
727.7	-22.112121646736686
727.75	-22.22161558433629
727.8	-22.33223821835559
727.85	-22.44426762269414
727.9	-22.558131741724107
727.9499999999999	-22.67401736942857
728.0	-22.791470208440828
728.05	-22.9083099631042
728.1	-23.021774840287833
728.15	-23.13079137311501
728.1999999999999	-23.236054828806154
728.25	-23.33805212168923
728.3	-23.436365592674782
728.35	-23.53045007696408
728.4000000000001	-23.6204098354097
728.45	-23.70661375794866
728.5	-23.789696592055734
728.5500000000001	-23.8702359543203
728.6	-23.94824541211729
728.65	-24.0235040119733
728.7	-24.095834986456456
728.75	-24.165262017420808
728.8	-24.232277568144944
728.85	-24.29704244527713
728.9	-24.35938769985914
728.9499999999999	-24.41971629027457
729.0	-24.478409311052346
729.05	-24.535432878686088
729.1	-24.59045675820942
729.15	-24.64345641060944
729.1999999999999	-24.694597760587236
729.25	-24.743941930511493
729.3	-24.791471200956636
729.35	-24.837168611588478
729.4000000000001	-24.881199114318886
729.45	-24.92392307462204
729.5	-24.965609810503512
729.5500000000001	-25.006434621068337
729.6	-25.046831241517765
729.65	-25.087370461038496
729.7	-25.128415635605833
729.75	-25.169989464363045
729.8	-25.21209944997943
729.85	-25.254993405212247
729.9	-25.29896227667002
729.9499999999999	-25.34430980006615
730.0	-25.39136406507958
730.05	-25.440128212006712
730.1	-25.490507042951933
730.15	-25.54242083715617
730.1999999999999	-25.59575616118627
730.25	-25.65045878562369
730.3	-25.70656648377132
730.35	-25.76408062256778
730.4000000000001	-25.82271689542796
730.45	-25.882300221684144
730.5	-25.943071718393185
730.5500000000001	-26.005346879932414
730.6	-26.069130905685398
730.65	-26.134133194494062
730.7	-26.200032974802536
730.75	-26.267100504369203
730.8	-26.33581764308333
730.85	-26.406443049136403
730.9	-26.47901214811688
730.95	-26.55343338807918
731.0	-26.62986486670001
731.05	-26.708550510745297
731.1	-26.789260055384453
731.15	-26.871517134002602
731.1999999999999	-26.955248831788552
731.25	-27.0408047523092
731.3	-27.129018846655605
731.3499999999999	-27.220458428652243
731.4000000000001	-27.314937053753436
731.45	-27.411841842536255
731.5	-27.51113676026177
731.5500000000001	-27.613316170283987
731.6	-27.718759457007447
731.65	-27.827471876357123
731.7	-27.938957646948637
731.75	-28.052636588047037
731.8	-28.168521867054224
731.85	-28.286429601975673
731.9	-28.40507992979434
731.95	-28.52282293630612
732.0	-28.638343120048077
732.05	-28.75139486360131
732.1	-28.861713877698485
732.15	-28.96889362144814
732.1999999999999	-29.072882795432495
732.25	-29.173995536059806
732.3	-29.272572316773186
732.3499999999999	-29.368551369562212
732.4000000000001	-29.461502572557443
732.45	-29.551292866012425
732.5	-29.63800625278399
732.5500000000001	-29.72178681174389
732.6	-29.802618687756258
732.65	-29.88002112042478
732.7	-29.953880141410313
732.75	-30.024552191319696
732.8	-30.092459206769746
732.85	-30.158161202346385
732.9	-30.222195776786755
732.95	-30.284809303137536
733.0	-30.345969089163134
733.05	-30.405347212607293
733.1	-30.462873261963864
733.15	-30.518755904284475
733.1999999999999	-30.573353310694635
733.25	-30.62726993572751
733.3	-30.681007779050677
733.3499999999999	-30.73490328767581
733.4000000000001	-30.789093501057856
733.45	-30.84370980359902
733.5	-30.89922746600785
733.5500000000001	-30.956197860925208
733.6	-31.01507207722993
733.65	-31.07620714898392
733.7	-31.139769443654313
733.75	-31.20593004548966
733.8	-31.27445819922434
733.85	-31.345010276671772
733.9	-31.417673120012573
733.95	-31.492368998990692
734.0	-31.568873096050126
734.05	-31.64747251454235
734.1	-31.728545163622943
734.15	-31.812202215232837
734.1999999999999	-31.898246175049334
734.25	-31.98609708452015
734.3	-32.075184545001534
734.3499999999999	-32.16467346702593
734.4000000000001	-32.25329988942708
734.45	-32.339681229740876
734.5	-32.42352295319903
734.5500000000001	-32.50569653385874
734.6	-32.586778714772365
734.65	-32.666588805283816
734.7	-32.745032408178034
734.75	-32.82269769408538
734.8	-32.900357613234576
734.85	-32.978245300623705
734.9	-33.056475050902606
734.95	-33.13556588615985
735.0	-33.21657831219062
735.05	-33.30076303079339
735.1	-33.38899117585066
735.15	-33.48198025310843
735.1999999999999	-33.57984219320902
735.25	-33.68162726273006
735.3	-33.78641376295402
735.3499999999999	-33.89364887081477
735.4000000000001	-34.00236422060297
735.45	-34.112069269503465
735.5	-34.222262127147374
735.5500000000001	-34.3323355876432
735.6	-34.44209427926812
735.65	-34.55123317410867
735.7	-34.659523562670834
735.75	-34.767254882777166
735.8	-34.87470209466824
735.85	-34.98197891804
735.9	-35.088688901548295
735.95	-35.19426732179949
736.0	-35.299286781669736
736.05	-35.40487418219543
736.1	-35.51180424647498
736.15	-35.61988490469917
736.1999999999999	-35.729098792221265
736.25	-35.84011578355529
736.3	-35.9535733211026
736.3499999999999	-36.06969449396825
736.4000000000001	-36.18826605492573
736.45	-36.30843466439468
736.5	-36.429843310359374
736.5500000000001	-36.5522191115829
736.6	-36.67528056090471
736.65	-36.79871883713753
736.7	-36.921488558610484
736.75	-37.04357872263122
736.8	-37.16539776211016
736.85	-37.28637876899148
736.9	-37.40582512695323
736.95	-37.52297882413573
737.0	-37.63747377861367
737.05	-37.749515956795435
737.1	-37.8589226931845
737.15	-37.96518206751716
737.1999999999999	-38.06736876725063
737.25	-38.16498783710756
737.3	-38.25877578791885
737.3499999999999	-38.34939161140919
737.4000000000001	-38.43674722466412
737.45	-38.52028611184386
737.5	-38.59981412783674
737.5500000000001	-38.67564355292482
737.6	-38.747766109864536
737.65	-38.81602687442695
737.7	-38.880860609801054
737.75	-38.94300056547637
737.8	-39.00319400533188
737.85	-39.06178989781685
737.9	-39.11913591526995
737.95	-39.17571544775262
738.0	-39.231974759774786
738.05	-39.28831996045503
738.1	-39.34499979169978
738.15	-39.40235967436359
738.1999999999999	-39.460742606422656
738.25	-39.520299510747975
738.3	-39.581125718596965
738.3499999999999	-39.64342057691495
738.4	-39.707294607081465
738.45	-39.772727884934476
738.5	-39.839437198208294
738.5500000000001	-39.90718549493054
738.6	-39.9761484838738
738.65	-40.046547190621396
738.7	-40.11806927445936
738.75	-40.19014769848681
738.8000000000001	-40.262409476230026
738.85	-40.33451684981429
738.9	-40.40626113883522
738.95	-40.477727677057175
739.0	-40.54949475955122
739.05	-40.62224588998859
739.1	-40.696452040229744
739.15	-40.77196776268897
739.1999999999999	-40.84848752611431
739.25	-40.9261531112018
739.3	-41.00518930074354
739.3499999999999	-41.085398735125
739.4	-41.16630373450296
739.45	-41.247927952689736
739.5	-41.33072118388248
739.5500000000001	-41.414857166300884
739.6	-41.50002601174288
739.65	-41.585977114725324
739.7	-41.672499400057745
739.75	-41.75975727158641
739.8000000000001	-41.84762389056529
739.85	-41.93563057965106
739.9	-42.02336666675193
739.95	-42.11045844433062
740.0	-42.1971236741181
740.05	-42.28316632595826
740.1	-42.368050543740495
740.15	-42.45208903549404
740.1999999999999	-42.53588174847637
740.25	-42.620055231345006
740.3	-42.70550767237804
740.3499999999999	-42.79312812855691
740.4	-42.88326707083881
740.45	-42.975206183651494
740.5	-43.068025054007876
740.5500000000001	-43.16168055206472
740.6	-43.256619341525536
740.65	-43.35296520155894
740.7	-43.45102800246995
740.75	-43.551447258542396
740.8000000000001	-43.654859984634015
740.85	-43.760919040466376
740.9	-43.86825474864104
740.95	-43.97511913340152
741.0	-44.08057308988588
741.05	-44.184679087571624
741.1	-44.28742581941954
741.15	-44.38907137447868
741.1999999999999	-44.49078671726158
741.25	-44.593220514169104
741.3	-44.695785158170935
741.3499999999999	-44.798054236287065
741.4	-44.90045479078795
741.45	-45.00349015563725
741.5	-45.10655571441973
741.5500000000001	-45.20871136057261
741.6	-45.309817635908914
741.65	-45.40987639829843
741.7	-45.50874503887877
741.75	-45.60594458355543
741.8000000000001	-45.70083087562435
741.85	-45.793053903095085
741.9	-45.88202822822152
741.95	-45.967079316230425
742.0	-46.048456701865895
742.05	-46.12642589748147
742.1	-46.20096587901187
742.15	-46.27208659545444
742.1999999999999	-46.34006714501609
742.25	-46.40549551600216
742.3	-46.469170597132575
742.3499999999999	-46.53201619484436
742.4	-46.59485516621105
742.45	-46.65793600985672
742.5	-46.72135420729251
742.5500000000001	-46.78529006720636
742.6	-46.84992344520591
742.65	-46.91559800407366
742.7	-46.98248483047007
742.75	-47.05054104031542
742.8000000000001	-47.11974840717196
742.85	-47.190600499620366
742.9	-47.263920655517445
742.95	-47.33992280639871
743.0	-47.41815179891274
743.05	-47.49798982189745
743.1	-47.578963814403764
743.15	-47.661195672395095
743.1999999999999	-47.74463292185409
743.25	-47.82874416540864
743.3	-47.91340841681229
743.3499999999999	-47.998766540880595
743.4	-48.084563172477836
743.45	-48.16996410748097
743.5	-48.254211185400074
743.5500000000001	-48.33721634282228
743.6	-48.41939666986549
743.65	-48.5009314396394
743.7	-48.58147061989469
743.75	-48.660567934667334
743.8000000000001	-48.73838680172207
743.85	-48.81516717790889
743.9	-48.89120961057141
743.95	-48.96707543582549
744.0	-49.04314826626131
744.05	-49.119778686966654
744.1	-49.197235117427155
744.15	-49.27558729108331
744.1999999999999	-49.35493474850085
744.25	-49.43554991550903
744.3	-49.51788094377576
744.3499999999999	-49.602461818546786
744.4	-49.689636742470384
744.4499999999999	-49.77966808382073
744.5	-49.87192547531299
744.5500000000001	-49.965795499652515
744.6	-50.061686630162896
744.6500000000001	-50.159789481176915
744.7	-50.258972397451984
744.75	-50.3576087653405
744.8000000000001	-50.45472974693673
744.85	-50.55036924822831
744.9	-50.64480530768795
744.95	-50.7384347088058
745.0	-50.83183771735156
745.05	-50.92526568178616
745.1	-51.01852722250963
745.15	-51.110895151824984
745.1999999999999	-51.20230103491346
745.25	-51.29343887039578
745.3	-51.384588524215715
745.3499999999999	-51.47524201631799
745.4	-51.564844956064334
745.4499999999999	-51.65264645709681
745.5	-51.73781309935001
745.5500000000001	-51.81971971845776
745.6	-51.89841938475724
745.6500000000001	-51.97418958028986
745.7	-52.04700664081129
745.75	-52.11675944493301
745.8000000000001	-52.18336037807124
745.85	-52.24682091343479
745.9	-52.30746928941307
745.95	-52.36571285601391
746.0	-52.421722895085054
746.05	-52.47555601438768
746.1	-52.527306162475845
746.15	-52.57726635391745
746.1999999999999	-52.62543071923264
746.25	-52.67160369638934
746.3	-52.71605927289036
746.3499999999999	-52.759532157204106
746.4	-52.802430105208046
746.4499999999999	-52.84453758493551
746.5	-52.885608256784344
746.5500000000001	-52.925673997965326
746.6	-52.96483061553897
746.6500000000001	-53.00309424312792
746.7	-53.04044485359516
746.75	-53.076914827827636
746.8000000000001	-53.112795727920535
746.85	-53.14853251043729
746.9	-53.184465300925396
746.95	-53.220788608584726
747.0	-53.25762716860815
747.05	-53.29512037004103
747.1	-53.33318624166306
747.15	-53.37169981813055
747.1999999999999	-53.410773909926334
747.25	-53.450569725206165
747.3	-53.49113709521756
747.3499999999999	-53.53255869340772
747.4	-53.57497196647985
747.4499999999999	-53.618640380740715
747.5	-53.663604927746
747.5500000000001	-53.70975061440777
747.6	-53.75729059363408
747.6500000000001	-53.8064789019207
747.7	-53.85720235748209
747.75	-53.909214741439385
747.8000000000001	-53.96234272373728
747.85	-54.01649339563476
747.9	-54.071470667746254
747.95	-54.12693467046609
748.0	-54.18264003959406
748.05	-54.238292745986584
748.1	-54.29370143780914
748.15	-54.34871550146816
748.1999999999999	-54.40320389855441
748.25	-54.45708234209998
748.3	-54.510358003317954
748.3499999999999	-54.562998498492334
748.4	-54.61501042482138
748.4499999999999	-54.666472347408366
748.5	-54.717552457081126
748.5500000000001	-54.76830904690916
748.6	-54.81876961582114
748.6500000000001	-54.86915962119061
748.7	-54.91954540841711
748.75	-54.969924447599816
748.8000000000001	-55.020469984233486
748.85	-55.0715005881161
748.9	-55.12345885950023
748.95	-55.17664340683142
749.0	-55.23105553235882
749.05	-55.28669989932638
749.1	-55.34350638405887
749.15	-55.401516784862935
749.1999999999999	-55.46066914637201
749.25	-55.520809842614106
749.3	-55.58186906499244
749.3499999999999	-55.6439082166226
749.4	-55.7071488059654
749.4499999999999	-55.771700113966844
749.5	-55.8375168677298
749.5500000000001	-55.9048257735692
749.6	-55.97381059544743
749.6500000000001	-56.044452864797606
749.7	-56.116747142703105
749.75	-56.190600853628325
749.8000000000001	-56.26594056748466
749.85	-56.342405666300905
749.9	-56.419569145119816
749.95	-56.49719456185042
750.0	-56.57477722697347
750.05	-56.651694540289
750.1	-56.727644899629865
750.15	-56.802238362754224
750.1999999999999	-56.87522976230852
750.25	-56.94655436058239
750.3	-57.01623070608207
750.3499999999999	-57.08409500805817
750.4	-57.14972527473813
750.4499999999999	-57.21290671704522
750.5	-57.2735991529036
750.5500000000001	-57.33177442766413
750.6	-57.387649030034844
750.6500000000001	-57.44173030851054
750.7	-57.49439334637891
750.75	-57.54579246729157
750.8000000000001	-57.595853881049436
750.85	-57.64444938771629
750.9	-57.69150842157164
750.95	-57.7370714139689
751.0	-57.78117600229898
751.05	-57.82375875669794
751.1	-57.864793067802054
751.15	-57.90423405778773
751.1999999999999	-57.9419915501789
751.25	-57.97824795068993
751.3	-58.01330619221031
751.3499999999999	-58.04742058834669
751.4	-58.08081241189949
751.4499999999999	-58.11347934327436
751.5	-58.14542233929072
751.5500000000001	-58.176666205405695
751.6	-58.207167567453084
751.6500000000001	-58.23693526646477
751.7	-58.266100964198856
751.75	-58.29478007921788
751.8000000000001	-58.322956366509885
751.85	-58.35054514770842
751.9	-58.377639945402095
751.95	-58.404442203857094
752.0	-58.43114595373274
752.05	-58.45792607097002
752.1	-58.484859957843355
752.15	-58.51191619435665
752.1999999999999	-58.538874421431764
752.25	-58.565609066109644
752.3	-58.592372481700764
752.3499999999999	-58.61944841007515
752.4	-58.64695408052272
752.4499999999999	-58.674956663523005
752.5	-58.703485037883496
752.5500000000001	-58.73267218232036
752.6	-58.76264923079087
752.6500000000001	-58.793325737169184
752.7	-58.82465427325006
752.75	-58.856864968202395
752.8000000000001	-58.88999716692868
752.85	-58.92378019589478
752.9	-58.957925801985056
752.95	-58.99245011707632
753.0	-59.02749202736316
753.05	-59.06317456978658
753.1	-59.09957176666299
753.15	-59.13668221745714
753.1999999999999	-59.174638901014816
753.25	-59.21346216304934
753.3	-59.253016759212485
753.3499999999999	-59.293256681387916
753.4	-59.334134159354235
753.4499999999999	-59.37559548510485
753.5	-59.41757406229629
753.5500000000001	-59.45991529575844
753.6	-59.502614067098506
753.6500000000001	-59.54568349649302
753.7	-59.589099691375424
753.75	-59.63293579784762
753.8000000000001	-59.6772806603198
753.85	-59.72231913472898
753.9	-59.768334443798636
753.95	-59.81553968966438
754.0	-59.86409108886065
754.05	-59.913915405305346
754.1	-59.96500137279968
754.15	-60.017611085719636
754.1999999999999	-60.071965547920314
754.25	-60.128153095026526
754.3	-60.185915361412874
754.3499999999999	-60.244877794282424
754.4	-60.30499369652815
754.4499999999999	-60.36585151864537
754.5	-60.426500730645
754.5500000000001	-60.48622712469643
754.6	-60.5448014199779
754.6500000000001	-60.60237639507204
754.7	-60.65900710803793
754.75	-60.71456672869412
754.8000000000001	-60.76880782603228
754.85	-60.82133276146847
754.9	-60.87176636286027
754.95	-60.919773055493955
755.0	-60.965259993409376
755.05	-61.00820160017382
755.1	-61.048534813225075
755.15	-61.08612570282942
755.1999999999999	-61.120738182888715
755.25	-61.152170017999424
755.3	-61.18027269508309
755.3499999999999	-61.205112251341745
755.4	-61.22675707708848
755.4499999999999	-61.24545966366962
755.5	-61.26146573797133
755.5500000000001	-61.27465300805726
755.6	-61.28599188373957
755.6500000000001	-61.29420320269787
755.7	-61.30150091716916
755.75	-61.305936836767884
755.8000000000001	-61.31003119558101
755.85	-61.3116609717391
755.9	-61.313807233007005
755.95	-61.31449005261256
756.0	-61.31652847433868
756.05	-61.31771718599332
756.1	-61.320701113171836
756.15	-61.3236033809939
756.1999999999999	-61.32866783499034
756.25	-61.33421394722208
756.3	-61.34162828753129
756.35	-61.349822167957356
756.4	-61.359472709997604
756.4499999999999	-61.37035540181836
756.5	-61.382655007501484
756.55	-61.39637472041376
756.6	-61.411525416633694
756.6500000000001	-61.42796004484482
756.7	-61.44543722352617
756.75	-61.46382653958426
756.8000000000001	-61.48305330482226
756.85	-61.50302473154366
756.9	-61.52361039675937
756.95	-61.544643408025024
757.0	-61.56603422638734
757.05	-61.58762636892432
757.1	-61.60918799117145
757.15	-61.6306086414989
757.1999999999999	-61.65185506066186
757.25	-61.67273699249318
757.3	-61.69298881590882
757.35	-61.71249826968683
757.4	-61.73137050595037
757.4499999999999	-61.749733450646445
757.5	-61.76763278574284
757.55	-61.78509212835587
757.6	-61.80213409722151
757.6500000000001	-61.818714382422044
757.7	-61.83485872356107
757.75	-61.85054289158055
757.8000000000001	-61.86611347888456
757.85	-61.88148558075817
757.9	-61.89728502837115
757.95	-61.913196916513286
758.0	-61.92991306908327
758.05	-61.94708791064671
758.1	-61.96547994728635
758.15	-61.984906898518915
758.1999999999999	-62.00594069125282
758.25	-62.02862882145487
758.3	-62.05323234714794
758.35	-62.079854778735786
758.4	-62.10856911463129
758.4499999999999	-62.13953938077144
758.5	-62.172722267397376
758.55	-62.20784936716519
758.6	-62.24469692266953
758.6500000000001	-62.28312462173721
758.7	-62.323189573233705
758.75	-62.364770468898044
758.8000000000001	-62.40755594550579
758.85	-62.451489878070916
758.9	-62.496539901314385
758.95	-62.54231501289736
759.0	-62.58811539266004
759.05	-62.633268912484795
759.1	-62.67751151744328
759.15	-62.7207951048681
759.1999999999999	-62.762949454810425
759.25	-62.80370142055153
759.3	-62.8428019706718
759.35	-62.880275117237716
759.4	-62.91609519835714
759.4499999999999	-62.950099976428405
759.5	-62.982208186542636
759.55	-63.01246341819014
759.6	-63.04093665074336
759.6500000000001	-63.06763614393678
759.7	-63.0924915491222
759.75	-63.11544108375894
759.8000000000001	-63.13643105628059
759.85	-63.155457330754146
759.9	-63.17264527790155
759.95	-63.188083337565914
760.0	-63.201803677580855
760.05	-63.21387041247257
760.1	-63.22435751110205
760.15	-63.23361111357822
760.1999999999999	-63.24164624004623
760.25	-63.24899170885101
760.3	-63.2553055048064
760.35	-63.26144450848469
760.4	-63.266842505356394
760.4499999999999	-63.27277889922917
760.5	-63.27860632987776
760.55	-63.28560238923616
760.6	-63.29311126230111
760.6500000000001	-63.302158515768696
760.7	-63.312274602518215
760.75	-63.3241224289124
760.8000000000001	-63.33765794857159
760.85	-63.35323639415607
760.9	-63.37101890066526
760.95	-63.39112249180742
761.0	-63.41361766249311
761.05	-63.438368982058805
761.1	-63.46516245147353
761.15	-63.49386446810165
761.1999999999999	-63.52451463328821
761.25	-63.55698897855657
761.3	-63.59088502972669
761.35	-63.625812435173735
761.4	-63.66128107579908
761.4499999999999	-63.69674236782461
761.5	-63.73190087728872
761.55	-63.766715759875126
761.6	-63.80118846690702
761.6500000000001	-63.83513855901809
761.7	-63.868278530647714
761.75	-63.90020385330769
761.8000000000001	-63.93066961564604
761.85	-63.95982383248042
761.9	-63.98786770058469
761.95	-64.01480825995203
762.0	-64.0405792970328
762.05	-64.06511372098691
762.1	-64.08841278368389
762.15	-64.11047681042596
762.2	-64.13133909111257
762.25	-64.1510879043259
762.3	-64.16984603078893
762.35	-64.18766552161584
762.4	-64.20456427107057
762.4499999999999	-64.22055821523911
762.5	-64.23581481822748
762.55	-64.25041444489231
762.5999999999999	-64.26457633616639
762.6500000000001	-64.27833904032435
762.7	-64.29187583012235
762.75	-64.30502815144513
762.8000000000001	-64.31817723436424
762.85	-64.33108729777142
762.9	-64.3443613663965
762.95	-64.35768258969435
763.0	-64.3717257608397
763.05	-64.38627209130192
763.1	-64.40151277601669
763.15	-64.41736990214599
763.2	-64.43397473526797
763.25	-64.45128404238983
763.3	-64.46930893571204
763.35	-64.48803210129962
763.4	-64.50748807382837
763.4499999999999	-64.52771637189272
763.5	-64.54868163631008
763.55	-64.57029025311972
763.5999999999999	-64.5923776346613
763.6500000000001	-64.6147310447383
763.7	-64.63713612354572
763.75	-64.65933013812702
763.8000000000001	-64.68114199715593
763.85	-64.70246987004438
763.9	-64.7232845050831
763.95	-64.74361001936732
764.0	-64.76341597782027
764.05	-64.7825499690558
764.1	-64.80084179599876
764.15	-64.81818073121836
764.2	-64.83455288090354
764.25	-64.84985287616152
764.3	-64.86398797096547
764.35	-64.8768187341513
764.4	-64.88821945726741
764.4499999999999	-64.89803630783017
764.5	-64.90625266029654
764.55	-64.91274192105354
764.5999999999999	-64.91761865439184
764.6500000000001	-64.9207178139629
764.7	-64.92235368386578
764.75	-64.92223563560313
764.8000000000001	-64.92076469698841
764.85	-64.91777074330227
764.9	-64.91346053432109
764.95	-64.90795901344211
765.0	-64.90148262570827
765.05	-64.89425845291605
765.1	-64.88651881910349
765.15	-64.87850271482455
765.2	-64.87038681601311
765.25	-64.86246264909398
765.3	-64.85471036818622
765.35	-64.84753547251628
765.4	-64.84071488982023
765.4499999999999	-64.83493974781138
765.5	-64.82968985512466
765.55	-64.82589376734543
765.5999999999999	-64.82275347877268
765.6500000000001	-64.82127419115344
765.7	-64.82068815843115
765.75	-64.821968023963
765.8000000000001	-64.82438542376813
765.85	-64.82866066407558
765.9	-64.83418971508291
765.95	-64.84148321644318
766.0	-64.85023645292316
766.05	-64.86066388375926
766.1	-64.87267060446584
766.15	-64.88629989230398
766.2	-64.90150983008155
766.25	-64.91819403458923
766.3	-64.93623396340176
766.35	-64.95544338406393
766.4	-64.975653595304
766.4499999999999	-64.9966827092034
766.5	-65.01826848602592
766.55	-65.04015075621268
766.5999999999999	-65.06206614409898
766.6500000000001	-65.08382719284003
766.7	-65.1053599004826
766.75	-65.12661518084202
766.8000000000001	-65.14750890584472
766.85	-65.16786086753936
766.9	-65.18759277639617
766.95	-65.20683034419338
767.0	-65.22574504031967
767.05	-65.2444382503559
767.1	-65.26294956533395
767.15	-65.28131296165299
767.2	-65.29966105921145
767.25	-65.31813715776369
767.3	-65.33690173391157
767.35	-65.35614971557231
767.4	-65.37597651543794
767.4499999999999	-65.39640484243529
767.5	-65.41745278696104
767.55	-65.43913548360538
767.5999999999999	-65.46148529764237
767.6500000000001	-65.4845384457361
767.7	-65.50828087108142
767.75	-65.5326351279982
767.8000000000001	-65.55742764505881
767.85	-65.58249357998808
767.9	-65.60769157046161
767.95	-65.63291272369696
768.0	-65.65804926004252
768.05	-65.68276287583178
768.1	-65.70656719060808
768.15	-65.72893344266254
768.2	-65.74947957375402
768.25	-65.76819379212947
768.3	-65.78508268829292
768.35	-65.80008302059626
768.4	-65.81317539983081
768.4499999999999	-65.82418238754578
768.5	-65.83362501637603
768.55	-65.84089688289657
768.5999999999999	-65.84681635893097
768.6500000000001	-65.85045717125907
768.7	-65.85285239738657
