0.0	-60.494936612172836
0.05	-60.49410653138672
0.1	-60.49232577344843
0.15	-60.48976868252994
0.2	-60.48618547827512
0.25	-60.4818359481974
0.3	-60.47643333676736
0.35	-60.47021108229364
0.4	-60.46295291903297
0.45	-60.45486045213424
0.5	-60.44580939381807
0.55	-60.43593295951554
0.6	-60.42510001579332
0.65	-60.4134118863559
0.7	-60.40085879837508
0.75	-60.38753437373545
0.8	-60.373388075715816
0.85	-60.35842423084351
0.9	-60.34272168795019
0.95	-60.3265000493971
1.0	-60.309982927684814
1.05	-60.293332483053476
1.1	-60.27668797683039
1.15	-60.26019163530079
1.2	-60.244032541417404
1.25	-60.2284212892643
1.3	-60.213552842770845
1.35	-60.199637158885054
1.4	-60.186818721482936
1.45	-60.17527467653217
1.5	-60.16521450164471
1.55	-60.15678405206289
1.6	-60.15009206540695
1.65	-60.14523125949323
1.7	-60.142204937946936
1.75	-60.14103837666744
1.8	-60.141671457666874
1.85	-60.14413927897513
1.9	-60.1483776145144
1.95	-60.15435889297012
2.0	-60.1619901812184
2.0500000000000003	-60.171195811274295
2.1	-60.18182006002329
2.15	-60.19363492368352
2.2	-60.20634139482772
2.25	-60.21961511339726
2.3	-60.23318091359212
2.35	-60.24678068818082
2.4	-60.26018325178573
2.4499999999999997	-60.273168473006294
2.5	-60.28549042685284
2.5500000000000003	-60.296892400330336
2.6	-60.30718909925904
2.65	-60.31632350281765
2.7	-60.32414952574417
2.75	-60.3309167639744
2.8	-60.33601621628546
2.85	-60.34023835792304
2.9	-60.34252874768834
2.9499999999999997	-60.34417263689494
3.0	-60.34399963105352
3.0500000000000003	-60.34349126482921
3.1	-60.3415904791117
3.15	-60.33955855339279
3.2	-60.336499603303984
3.25	-60.33348917864097
3.3	-60.32991590764229
3.35	-60.326542975768845
3.4	-60.32295882828477
3.4499999999999997	-60.319615173787376
3.5	-60.31632619626272
3.5500000000000003	-60.313263741007184
3.6	-60.31039075410035
3.65	-60.3076588235305
3.7	-60.30521860277402
3.75	-60.30275193217669
3.8	-60.3006908519766
3.85	-60.29834815117812
3.9	-60.29637838042855
3.95	-60.29385133204303
4.0	-60.29156383095231
4.05	-60.28836029776855
4.1000000000000005	-60.28514050019214
4.15	-60.280685762886684
4.2	-60.27577494669592
4.25	-60.269354127549306
4.3	-60.26201400465814
4.35	-60.25327968339057
4.4	-60.243268989178105
4.45	-60.23187158287327
4.5	-60.21912542841079
4.55	-60.20504695838299
4.6	-60.1896628103859
4.6499999999999995	-60.17301002925598
4.7	-60.15509539467632
4.75	-60.13603264826965
4.8	-60.1160479838027
4.8500000000000005	-60.09529532055232
4.8999999999999995	-60.07378369095542
4.95	-60.05148625067839
5.0	-60.028528521298256
5.05	-60.00516692251904
5.1000000000000005	-59.98153936947802
5.15	-59.957751098201555
5.2	-59.934096763235516
5.25	-59.91095142381147
5.3	-59.88848217763666
5.35	-59.866770112428384
5.4	-59.846072846917224
5.45	-59.826656378484046
5.5	-59.80863142593509
5.55	-59.79205192320146
5.6	-59.77691964165514
5.6499999999999995	-59.763297738038965
5.7	-59.75131279986985
5.75	-59.74111214213134
5.8	-59.73278958276693
5.8500000000000005	-59.726447928906516
5.8999999999999995	-59.72200467703353
5.95	-59.71959498682006
6.0	-59.71903846665843
6.05	-59.72060387620647
6.1000000000000005	-59.724050964322146
6.15	-59.72967208438108
6.2	-59.73723367169012
6.25	-59.74689871405539
6.3	-59.758544854720135
6.35	-59.77212111269277
6.4	-59.787486694141066
6.45	-59.80456302510903
6.5	-59.823253642628956
6.550000000000001	-59.84331122460769
6.6	-59.86427122865416
6.6499999999999995	-59.885546755327994
6.7	-59.90665923003252
6.75	-59.92724698398675
6.8	-59.94691579285683
6.8500000000000005	-59.965219656689385
6.8999999999999995	-59.98166916387733
6.949999999999999	-59.99584718558269
7.0	-60.00749785585854
7.05	-60.01657071862721
7.1000000000000005	-60.02310155792253
7.15	-60.02712952247896
7.2	-60.02866160139401
7.25	-60.02771028707915
7.3	-60.02423143184417
7.35	-60.01822890235229
7.4	-60.0097328997861
7.45	-59.99882861082408
7.5	-59.98565976551947
7.550000000000001	-59.9704416839207
7.6	-59.95347675639266
7.6499999999999995	-59.93500745184439
7.7	-59.91528099207575
7.75	-59.89459365170036
7.8	-59.873152832764625
7.85	-59.85109689659153
7.9	-59.828566916806345
7.95	-59.80575710700477
8.0	-59.78295860978192
8.05	-59.76037304121741
8.1	-59.738096485517936
8.149999999999999	-59.7162670256877
8.200000000000001	-59.695007655591354
8.25	-59.674407697818964
8.3	-59.65445334907264
8.35	-59.635070171942424
8.4	-59.6162361803243
8.45	-59.59797032953206
8.5	-59.580327101646034
8.55	-59.56334218144431
8.6	-59.5469255250065
8.65	-59.53098668944432
8.7	-59.51550991414754
8.75	-59.50055015914236
8.8	-59.486141508502755
8.85	-59.472257338150044
8.9	-59.45884584618844
8.95	-59.44586931004565
9.0	-59.43332201663851
9.05	-59.42127018198221
9.1	-59.40971279079643
9.15	-59.398614769976035
9.2	-59.38790695408771
9.25	-59.377547064198225
9.299999999999999	-59.36751798556309
9.350000000000001	-59.357813283943806
9.4	-59.34839832878996
9.45	-59.33926235812913
9.5	-59.33041207454056
9.549999999999999	-59.32179224503449
9.6	-59.3134090197543
9.65	-59.305070935348965
9.700000000000001	-59.29681578612866
9.75	-59.288521659867726
9.799999999999999	-59.280263154586684
9.85	-59.27188790546785
9.9	-59.26341009524417
9.950000000000001	-59.25478074968029
10.0	-59.24608441475294
10.05	-59.237355311085906
10.1	-59.228661803819655
10.149999999999999	-59.22003394366399
10.200000000000001	-59.21152637745841
10.25	-59.20322411591926
10.3	-59.19520433739698
10.35	-59.18758984784485
10.4	-59.18038999792547
10.45	-59.173742423698386
10.5	-59.16767099773321
10.55	-59.16239237404261
10.6	-59.15781055877479
10.65	-59.15423445723662
10.7	-59.15137067900213
10.75	-59.149791546381365
10.8	-59.14905059639713
10.85	-59.14989182187955
10.9	-59.15164271854685
10.95	-59.154993197322376
11.0	-59.159314965288154
11.05	-59.165057244654605
11.1	-59.17189939524361
11.15	-59.1799211435157
11.2	-59.1890129730056
11.25	-59.199052512754065
11.299999999999999	-59.209836059737896
11.350000000000001	-59.22110979146923
11.4	-59.23267198170272
11.45	-59.24431996970923
11.5	-59.255860818779226
11.549999999999999	-59.26711078471689
11.6	-59.27790063029708
11.65	-59.28808785131409
11.700000000000001	-59.29753709458954
11.75	-59.30617314794867
11.799999999999999	-59.31391667114315
11.85	-59.32074696358166
11.9	-59.32656512200698
11.950000000000001	-59.33143842399295
12.0	-59.33522981531692
12.05	-59.33804727243765
12.1	-59.33975458223946
12.149999999999999	-59.34046312350715
12.200000000000001	-59.34001154237471
12.25	-59.33859949173048
12.3	-59.336036975824186
12.35	-59.33254356887766
12.4	-59.32799516008194
12.45	-59.322526832800605
12.5	-59.31612575536141
12.55	-59.30888632883905
12.6	-59.30088730009163
12.65	-59.29221600818007
12.7	-59.28295493308228
12.75	-59.27322112089303
12.8	-59.26316568427714
12.85	-59.252921695421904
12.9	-59.242550619897
12.95	-59.23213087594587
13.0	-59.22164839035446
13.05	-59.21117401783569
13.100000000000001	-59.20057376571589
13.15	-59.18993398381281
13.2	-59.17909876953226
13.25	-59.168203835264684
13.299999999999999	-59.15707095917366
13.350000000000001	-59.14582301755816
13.4	-59.13420700731875
13.45	-59.12234683084809
13.5	-59.11010576874079
13.549999999999999	-59.09755500343233
13.6	-59.08449273161743
13.65	-59.070943242304594
13.700000000000001	-59.05679973217772
13.75	-59.04209690542546
13.799999999999999	-59.0268180927336
13.85	-59.010997683996315
13.899999999999999	-58.99464331307024
13.950000000000001	-58.97774025170078
14.0	-58.96031176852114
14.05	-58.94242413431569
14.1	-58.92413781382531
14.149999999999999	-58.905532200239854
14.200000000000001	-58.886641201541394
14.25	-58.86746805895931
14.3	-58.84811290664037
14.35	-58.82871831859546
14.4	-58.809409234795496
14.45	-58.790284715195654
14.5	-58.771381173776405
14.55	-58.75280320799921
14.6	-58.734676267304835
14.65	-58.71702713047932
14.7	-58.69983218722909
14.75	-58.6832150523917
14.8	-58.667355798941784
14.85	-58.65231868207043
14.9	-58.638105511890274
14.95	-58.624736824943675
15.0	-58.61229482403
15.049999999999999	-58.60085088863305
15.100000000000001	-58.590460893004035
15.15	-58.581118001572335
15.2	-58.572882216863945
15.25	-58.5657125497884
15.299999999999999	-58.55961589808156
15.350000000000001	-58.55448969432507
15.4	-58.550353271545475
15.450000000000001	-58.54709109255126
15.5	-58.54470593468696
15.549999999999999	-58.54298220663058
15.6	-58.541970667732066
15.65	-58.541359797628644
15.7	-58.541193443436484
15.75	-58.54111383108139
15.8	-58.541093073459116
15.85	-58.540770332995024
15.9	-58.540128023682506
15.95	-58.53873338066007
16.0	-58.53667264583905
16.049999999999997	-58.533510632797366
16.1	-58.52934633206623
16.150000000000002	-58.52387489004702
16.2	-58.517090572492435
16.25	-58.50882140098922
16.299999999999997	-58.499025340127965
16.35	-58.487691552227474
16.400000000000002	-58.47484084775186
16.45	-58.460444650808626
16.5	-58.444529262624116
16.549999999999997	-58.42717456620246
16.6	-58.4085309702878
16.650000000000002	-58.38870133325989
16.7	-58.36776441108354
16.75	-58.34588274557274
16.8	-58.32316801584529
16.85	-58.29972115989558
16.9	-58.275709069138735
16.95	-58.2512672628921
17.0	-58.22658646443394
17.05	-58.20184729666138
17.1	-58.17715133765594
17.15	-58.15264908340209
17.2	-58.12851006040049
17.25	-58.10490793023216
17.3	-58.0820049497614
17.35	-58.05990955886768
17.4	-58.03863252449702
17.45	-58.018185964255814
17.5	-57.99864905491013
17.55	-57.98006176407819
17.6	-57.96241129444421
17.65	-57.945643714553015
17.7	-57.929597045264885
17.75	-57.914111437939354
17.8	-57.89908879685859
17.85	-57.88443790964389
17.9	-57.870061998736496
17.95	-57.85588614069042
18.0	-57.8418213376658
18.05	-57.82785531568198
18.1	-57.81397091814401
18.15	-57.80008609112731
18.2	-57.78606516146259
18.25	-57.771774204763915
18.3	-57.75718245744953
18.35	-57.742351941225095
18.4	-57.727301579096775
18.450000000000003	-57.71199622702632
18.5	-57.69643789653322
18.55	-57.68072297528038
18.599999999999998	-57.66498909031731
18.65	-57.64932640733814
18.700000000000003	-57.633765706426516
18.75	-57.61839423009256
18.8	-57.603349059287424
18.849999999999998	-57.5887055693296
18.9	-57.57451960835044
18.950000000000003	-57.560916314405404
19.0	-57.548041102718706
19.05	-57.53601592896254
19.099999999999998	-57.524971996645796
19.15	-57.51496449380678
19.2	-57.50612758952229
19.25	-57.49846794054746
19.3	-57.49218664869291
19.349999999999998	-57.48723529584824
19.400000000000002	-57.48405565190998
19.45	-57.48210278977313
19.5	-57.48218179252234
19.55	-57.483570391481145
19.599999999999998	-57.48725835597058
19.650000000000002	-57.492420850075106
19.7	-57.499920292424754
19.75	-57.50908863406306
19.8	-57.520572426919166
19.849999999999998	-57.53411520594354
19.900000000000002	-57.54976685882606
19.95	-57.56739790001561
20.0	-57.58702470198786
20.049999999999997	-57.60868819292545
20.1	-57.63231623877958
20.150000000000002	-57.65776096249961
20.2	-57.684809396897336
20.25	-57.713183117426034
20.299999999999997	-57.742276631271025
20.35	-57.7713618321642
20.400000000000002	-57.799912676600314
20.45	-57.82751599970844
20.5	-57.85385239772411
20.549999999999997	-57.87871298357579
20.6	-57.901881954914124
20.650000000000002	-57.923173159066835
20.7	-57.94250194224889
20.75	-57.95974987213221
20.8	-57.9747609570765
20.85	-57.98740346544007
20.9	-57.997498848693766
20.95	-58.00497137521495
21.0	-58.00967935418469
21.05	-58.01177299524542
21.1	-58.01101593442537
21.15	-58.0076531695085
21.2	-58.00140805673871
21.25	-57.99241350818188
21.3	-57.98060136039257
21.35	-57.966054145834335
21.4	-57.94878374564581
21.45	-57.92885992432021
21.5	-57.906399920749436
21.55	-57.88153781611198
21.6	-57.8543204211352
21.65	-57.82485341442411
21.7	-57.79347239113507
21.75	-57.760574832468464
21.8	-57.726593633663626
21.85	-57.691981888436075
21.9	-57.6569235707379
21.95	-57.62145680982852
22.0	-57.585677709691524
22.05	-57.54987696830777
22.1	-57.51433966119516
22.15	-57.47902337956323
22.2	-57.44380438690944
22.25	-57.40866785149538
22.3	-57.37371783730549
22.349999999999998	-57.33911816884728
22.4	-57.30492798493985
22.450000000000003	-57.27099525333834
22.5	-57.237138742441715
22.55	-57.20323947438999
22.599999999999998	-57.16933774332303
22.65	-57.13536208623303
22.700000000000003	-57.101312204418946
22.75	-57.06738829844658
22.8	-57.03372686557928
22.849999999999998	-57.00041436297112
22.9	-56.96749057066141
22.950000000000003	-56.93494544723292
23.0	-56.902900750021644
23.05	-56.87157911800895
23.099999999999998	-56.84119443324351
23.150000000000002	-56.8119552621102
23.2	-56.784020580348795
23.25	-56.75759985661606
23.3	-56.73294212690443
23.349999999999998	-56.710274807550064
23.400000000000002	-56.68977824250351
23.45	-56.671511713532574
23.5	-56.65539939527768
23.55	-56.641336931100696
23.599999999999998	-56.62930011390099
23.650000000000002	-56.6192896091754
23.7	-56.611221442198136
23.75	-56.60496472916827
23.8	-56.60043596863913
23.85	-56.59755522378731
23.900000000000002	-56.5962375023697
23.95	-56.596385022317406
24.0	-56.597926486367655
24.049999999999997	-56.60077476961703
24.1	-56.604812347186844
24.150000000000002	-56.60989496953801
24.2	-56.61584540731685
24.25	-56.62248129791453
24.299999999999997	-56.629680533710086
24.35	-56.63735576098454
24.400000000000002	-56.645450735750785
24.45	-56.65389436441212
24.5	-56.662613983002686
24.549999999999997	-56.6715358947657
24.6	-56.68062443429487
24.65	-56.68983135499984
24.7	-56.699113336495316
24.75	-56.70837637683114
24.8	-56.717503545173415
24.85	-56.72634367538534
24.9	-56.73470625651822
24.95	-56.74242729052374
25.0	-56.74936929326902
25.05	-56.75541001046909
25.1	-56.76055039475889
25.15	-56.76459231546285
25.2	-56.76765544757977
25.25	-56.76931729649132
25.3	-56.76988582696766
25.35	-56.768779337989656
25.4	-56.766464549898714
25.45	-56.76233688277909
25.5	-56.756854643951016
25.55	-56.74946619711575
25.6	-56.74049507233774
25.65	-56.72955741271049
25.7	-56.71679542575571
25.75	-56.702073238105804
25.8	-56.685478773287514
25.85	-56.667058621143525
25.9	-56.646818844650575
25.95	-56.624676151996596
26.0	-56.600702105691234
26.05	-56.57509412531145
26.1	-56.54801543288275
26.15	-56.519675375004866
26.200000000000003	-56.49038641225977
26.25	-56.46060847327417
26.3	-56.43077252636195
26.349999999999998	-56.401312022703706
26.4	-56.37282934978784
26.450000000000003	-56.345804060063415
26.5	-56.320536138216866
26.55	-56.29718279927869
26.599999999999998	-56.275820496968215
26.65	-56.25653940394395
26.700000000000003	-56.239429759960885
26.75	-56.224546600662286
26.8	-56.21181463099067
26.849999999999998	-56.20130125755622
26.9	-56.192809400406965
26.950000000000003	-56.186498081434245
27.0	-56.18203562040642
27.05	-56.17967380212632
27.099999999999998	-56.17894830873044
27.150000000000002	-56.180077389020525
27.2	-56.1825706860527
27.25	-56.18642278160362
27.3	-56.19136005396119
27.349999999999998	-56.197220888456485
27.400000000000002	-56.20372735801501
27.45	-56.21058709066574
27.5	-56.21747970001942
27.55	-56.224099569102606
27.599999999999998	-56.230183273369775
27.650000000000002	-56.23549076561821
27.7	-56.239814381815975
27.75	-56.24298976407698
27.799999999999997	-56.24488939663052
27.85	-56.24543847395699
27.900000000000002	-56.244597038692426
27.95	-56.242324511513004
28.0	-56.23859301922286
28.049999999999997	-56.233443951732966
28.1	-56.22699776039908
28.150000000000002	-56.21938150032952
28.2	-56.21072936626676
28.25	-56.201214337115985
28.299999999999997	-56.19108733561693
28.35	-56.180673722471845
28.400000000000002	-56.170290248851316
28.45	-56.16020784538702
28.5	-56.15069229471358
28.55	-56.14203692296304
28.6	-56.13453102861138
28.65	-56.128378339046776
28.7	-56.1237066342231
28.75	-56.12060710078172
28.8	-56.11914369120599
28.85	-56.119342444053615
28.9	-56.12123335586584
28.95	-56.124812001966085
29.0	-56.1300616497947
29.05	-56.13694723316735
29.1	-56.14540295415327
29.15	-56.15529137877789
29.2	-56.166439374116145
29.25	-56.178633579463614
29.3	-56.191599401489796
29.35	-56.20502945253277
29.4	-56.21859537515263
29.45	-56.23197568687266
29.5	-56.24485272024526
29.55	-56.25696490607008
29.6	-56.26807787875687
29.65	-56.278030959315636
29.7	-56.286924109062305
29.75	-56.29433744613661
29.8	-56.300718192258415
29.85	-56.30504008163334
29.9	-56.308418243048706
29.95	-56.3094257980776
30.0	-56.309407276032005
30.05	-56.30680818919111
30.099999999999998	-56.303122690131964
30.15	-56.29684913673305
30.200000000000003	-56.28931773479573
30.25	-56.27938269031705
30.3	-56.26794389754771
30.349999999999998	-56.25432323980891
30.4	-56.238925139777194
30.450000000000003	-56.22143975019661
30.5	-56.201980538754725
30.55	-56.18036680114281
30.599999999999998	-56.15653389930908
30.65	-56.130370446024926
30.700000000000003	-56.1019291112395
30.75	-56.07151432229823
30.8	-56.03944351178376
30.849999999999998	-56.00591461606429
30.900000000000002	-55.97115513934971
30.95	-55.93557393533207
31.0	-55.89963354630153
31.05	-55.863718876322096
31.099999999999998	-55.82816955955601
31.150000000000002	-55.79330399424626
31.2	-55.75950450050974
31.25	-55.72705805374146
31.3	-55.69615881632007
31.35	-55.666955019047336
31.4	-55.6394460726369
31.45	-55.61355291359399
31.5	-55.58913702428117
31.55	-55.5660581035346
31.6	-55.5442854801144
31.65	-55.52381091897713
31.7	-55.50455099083217
31.75	-55.48639286696809
31.8	-55.469237139462116
31.850000000000005	-55.45305564440406
31.9	-55.43776742646319
31.95	-55.42321405099294
32.0	-55.40925019270398
32.050000000000004	-55.39575364240888
32.099999999999994	-55.38258680408153
32.15	-55.36963592128249
32.2	-55.35678317725509
32.25	-55.343949070637215
32.300000000000004	-55.33105710083414
32.349999999999994	-55.31809517681677
32.4	-55.305057153398586
32.45	-55.29190462994685
32.5	-55.27864787972149
32.550000000000004	-55.265344462806254
32.599999999999994	-55.252057575333154
32.65	-55.238841455327126
32.7	-55.22570904783376
32.75	-55.21272118312602
32.800000000000004	-55.199997886516755
32.849999999999994	-55.1876464826819
32.9	-55.17579901512305
32.95	-55.16463191570499
33.0	-55.154273758702914
33.050000000000004	-55.14482037436836
33.099999999999994	-55.136309124403056
33.15	-55.12884173458693
33.2	-55.122178421668025
33.25	-55.11657180420916
33.300000000000004	-55.11159579393424
33.349999999999994	-55.10764006167528
33.4	-55.10423035614377
33.45	-55.10182188048741
33.5	-55.0998121848438
33.550000000000004	-55.09864796448265
33.6	-55.09772729679138
33.65	-55.09738439255625
33.7	-55.097043164404894
33.75	-55.09688889401784
33.8	-55.0964793750226
33.85	-55.09589026984118
33.9	-55.09478527468898
33.95	-55.09321304784894
34.0	-55.09095573153294
34.05	-55.08800719145931
34.1	-55.0842362561372
34.15	-55.07957763233779
34.2	-55.074007558699435
34.25	-55.067486966032845
34.3	-55.06001790708225
34.35	-55.05161651581251
34.4	-55.042337700856976
34.45	-55.032236123845585
34.5	-55.02130984666441
34.55	-55.00956268611517
34.6	-54.99708290212498
34.65	-54.9839870984536
34.7	-54.97040004316198
34.75	-54.956449769712094
34.8	-54.94223624599083
34.85	-54.92786316782429
34.9	-54.913379850916044
34.95	-54.89881715851494
35.0	-54.884001557745286
35.05	-54.86892269177021
35.1	-54.853332091138995
35.15	-54.837294641693276
35.2	-54.82052902131733
35.25	-54.80317606230781
35.3	-54.785062523964186
35.35	-54.76615530288911
35.4	-54.74612625732841
35.45	-54.724826395796626
35.5	-54.70220517053494
35.55	-54.67831406975415
35.6	-54.65325797127883
35.65	-54.62725044660332
35.7	-54.60045328880966
35.75	-54.573105173826434
35.8	-54.545474155198136
35.85	-54.51777746564929
35.9	-54.4902960183758
35.95	-54.46330952598291
36.0	-54.43701743866838
36.05	-54.411583711563
36.1	-54.38721595053777
36.15	-54.364165938005115
36.2	-54.342618767705915
36.25	-54.322653447921546
36.3	-54.30429714153412
36.35	-54.28760168257247
36.4	-54.27261426519749
36.45	-54.25933297235085
36.5	-54.24770338273529
36.55	-54.23777151815978
36.6	-54.22935594838947
36.65	-54.22248192179137
36.7	-54.2169346517422
36.75	-54.212812033689204
36.8	-54.209627322461984
36.85	-54.20751511923217
36.900000000000006	-54.20604603126051
36.949999999999996	-54.20516154335169
37.0	-54.204814828078966
37.05	-54.20459363131661
37.1	-54.204655930965124
37.150000000000006	-54.20421883097123
37.199999999999996	-54.20381808388789
37.25	-54.20249145531385
37.3	-54.20106639546859
37.35	-54.198457047016475
37.400000000000006	-54.19565970608508
37.449999999999996	-54.19153226401906
37.5	-54.18697400387309
37.55	-54.18118965610535
37.6	-54.1747973954389
37.650000000000006	-54.16749525821881
37.699999999999996	-54.15953222771402
37.75	-54.1507584533677
37.8	-54.1412633194979
37.85	-54.13102207171626
37.900000000000006	-54.12018334280624
37.949999999999996	-54.10884428267579
38.0	-54.09707643562032
38.05	-54.08496387014864
38.1	-54.072617436602286
38.150000000000006	-54.060055714416386
38.199999999999996	-54.04725641531762
38.25	-54.0342186568153
38.3	-54.0209668657603
38.35	-54.007478727367506
38.4	-53.993638719547164
38.449999999999996	-53.97934015762542
38.5	-53.964594949580345
38.550000000000004	-53.949419188005066
38.6	-53.933749668253725
38.65	-53.917488824891024
38.699999999999996	-53.90055472974045
38.75	-53.88286730804958
38.800000000000004	-53.86430109155961
38.85	-53.844781777245785
38.9	-53.82430044087444
38.949999999999996	-53.80274935350605
39.0	-53.77991723031401
39.050000000000004	-53.75563278427666
39.1	-53.72979789189253
39.15	-53.70238169650658
39.199999999999996	-53.67332148445355
39.25	-53.642562782663106
39.300000000000004	-53.610060694285764
39.35	-53.57582501608644
39.4	-53.54001100158796
39.449999999999996	-53.502642116686346
39.5	-53.46356847402309
39.550000000000004	-53.42280268054881
39.6	-53.380572248863814
39.65	-53.33715084761121
39.699999999999996	-53.29275376880405
39.75	-53.24738339823377
39.800000000000004	-53.201162429388134
39.849999999999994	-53.15452913192123
39.9	-53.10808788099337
39.95	-53.06242330729939
40.0	-53.01792941288818
40.050000000000004	-52.9747324509153
40.099999999999994	-52.93264428402228
40.15	-52.891418279061995
40.2	-52.8509646570987
40.25	-52.81103917442563
40.300000000000004	-52.77126387938479
40.349999999999994	-52.73155523467291
40.4	-52.69201207183295
40.45	-52.652758538615444
40.5	-52.6136531951543
40.550000000000004	-52.5743736066144
40.599999999999994	-52.53467899451434
40.65	-52.49443333455868
40.7	-52.453599136413004
40.75	-52.41197852359374
40.800000000000004	-52.3692839655878
40.849999999999994	-52.32539021682011
40.9	-52.28015135186268
40.95	-52.23338454182363
41.0	-52.18504306640448
41.050000000000004	-52.13486160262342
41.099999999999994	-52.08260441659501
41.15	-52.02804546571684
41.2	-51.97104349413563
41.25	-51.91168483479693
41.300000000000004	-51.85005957097151
41.349999999999994	-51.785993719108994
41.4	-51.718885849236145
41.45	-51.64834499897752
41.5	-51.57451579624676
41.55	-51.49744776931337
41.6	-51.4168010796207
41.65	-51.33236255117138
41.7	-51.24418859830914
41.75	-51.15197406069838
41.8	-51.05478179264782
41.85	-50.95181675195525
41.9	-50.84306090271075
41.95	-50.729116761962594
42.0	-50.610090125223756
42.05	-50.48515556182938
42.1	-50.35387571137515
42.15	-50.21740037222176
42.2	-50.07702880743699
42.25	-49.93252511605195
42.3	-49.78238927354845
42.35	-49.624565860479834
42.4	-49.45785513393899
42.45	-49.28134055503489
42.5	-49.09403728232892
42.55	-48.89481104156137
42.6	-48.68252154830618
42.65	-48.457257963046104
42.7	-48.21876840174681
42.75	-47.964139550470875
42.8	-47.69123036810111
42.85	-47.403065966651056
42.9	-47.10570377161738
42.95	-46.80390609073429
43.0	-46.49598203239165
43.05	-46.17636972096919
43.1	-45.8396275401543
43.15	-45.47923139050258
43.2	-45.088172348873314
43.25	-44.66140975041813
43.3	-44.197161351129765
43.35	-43.69508634076997
43.4	-43.15794335714631
43.45	-42.59207950656191
43.5	-41.99248954092181
43.55	-41.35299280736581
43.6	-40.68119452132899
43.65	-39.98340188728934
43.7	-39.252814625026225
43.75	-38.443708030278536
43.8	-37.533315653807605
43.85	-36.57105673964955
43.9	-35.5693812011977
43.95	-34.49991932098277
44.0	-33.34691415129512
44.05	-32.0685669626471
44.1	-30.710274698954905
44.15	-29.315607424999193
44.2	-27.902160165518474
44.25	-26.458712060253525
44.3	-24.884275454992355
44.35	-23.264325206740757
44.4	-21.678426509055285
44.45	-20.100530823878607
44.5	-18.504514965787433
44.55	-16.91991395287892
44.6	-15.434326921482342
44.650000000000006	-14.054766408533142
44.699999999999996	-12.727439322953803
44.75	-11.466650027636822
44.8	-10.258302599938284
44.85	-9.051909991417899
44.900000000000006	-7.905504211443631
44.949999999999996	-6.875064312679854
45.0	-5.96264716369911
45.05	-5.130949212135256
45.1	-4.34358556036059
45.150000000000006	-3.5880338202075435
45.199999999999996	-2.877633274765039
45.25	-2.2261346335906156
45.3	-1.6211520684399001
45.35	-1.0463361872122015
45.400000000000006	-0.510342799339252
45.449999999999996	-0.010394434707714967
45.5	0.46557468759924237
45.55	0.9172421847300656
45.6	1.345614660477531
45.650000000000006	1.7475690248054083
45.699999999999996	2.123148447659654
45.75	2.477152156497879
45.8	2.8119718600490895
45.85	3.130441074258557
45.900000000000006	3.43385935398267
45.949999999999996	3.7187386288061752
46.0	3.9851086681533614
46.05	4.233775832472324
46.1	4.465919927602462
46.15	4.685090384239185
46.199999999999996	4.893839421243843
46.25	5.092830974032245
46.300000000000004	5.282210947931355
46.35	5.462816676425946
46.4	5.635211828140683
46.449999999999996	5.798923494469799
46.5	5.953780533048709
46.550000000000004	6.100685184242032
46.6	6.2408394235548466
46.65	6.375898426008938
46.699999999999996	6.506810573699563
46.75	6.6332186244951385
46.800000000000004	6.754332310488913
46.85	6.869451766469353
46.9	6.978353308123934
46.949999999999996	7.081397381852322
47.0	7.179329917293515
47.050000000000004	7.272853447978008
47.1	7.362073907238369
47.15	7.446913823989792
47.199999999999996	7.527404866079426
47.25	7.603438341677819
47.300000000000004	7.675125539246624
47.35	7.742435641315559
47.4	7.805438899284178
47.449999999999996	7.8646877192229905
47.5	7.920796328556248
47.550000000000004	7.974252352383246
47.6	8.025563286440674
47.65	8.075116954770884
47.7	8.123151955363852
47.75	8.1697664468968
47.800000000000004	8.215187944920139
47.849999999999994	8.259646854182057
47.9	8.303055989149753
47.95	8.345256628936276
48.0	8.386194539934138
48.050000000000004	8.426067829764111
48.099999999999994	8.465069728849196
48.15	8.50311501383932
48.2	8.540119045334368
48.25	8.576238157325879
48.300000000000004	8.611625215292385
48.349999999999994	8.64617956145525
48.4	8.679618602937081
48.45	8.711894194341411
48.5	8.743067210279385
48.550000000000004	8.773129877616968
48.599999999999994	8.802115078423054
48.65	8.830004427750197
48.7	8.856659348269165
48.75	8.881995423994486
48.800000000000004	8.905895077838426
48.849999999999994	8.928261424576311
48.9	8.948985400067471
48.95	8.967907359326501
49.0	8.984951437803922
49.050000000000004	9.000144333431344
49.099999999999994	9.013564251669532
49.15	9.025334774728545
49.2	9.035387697094757
49.25	9.043919065005964
49.3	9.050750410570355
49.35	9.056272992139771
49.4	9.060174321259996
49.45	9.062830841464518
49.5	9.06391185629548
49.55	9.063792082158278
49.6	9.062177125512575
49.65	9.05938300197073
49.7	9.055213769870946
49.75	9.049870116337885
49.8	9.043315981191522
49.85	9.03567463066344
49.9	9.026921669296115
49.95	9.01710425038135
50.0	9.006217819206142
50.05	8.994309631914543
50.1	8.981460625939025
50.15	8.96783223474192
50.2	8.95359005459737
50.25	8.938785051678252
50.3	8.923486811269761
50.35	8.907838223751881
50.4	8.891999886049591
50.45	8.876056572450933
50.5	8.860015759861449
50.55	8.843883109468155
50.6	8.827660259874687
50.65	8.811368294515372
50.7	8.7950237265257
50.75	8.778562668101731
50.8	8.761888509726266
50.85	8.744907556817044
50.9	8.727453942524653
50.95	8.709412631484923
51.0	8.690664024586937
51.05	8.671091281887044
51.1	8.650592184808419
51.15	8.629023415928241
51.2	8.606298425297084
51.25	8.582406663454151
51.3	8.557176191443427
51.35	8.530425039725653
51.4	8.502039958637312
51.45	8.471921024663187
51.5	8.4399842893392
51.55	8.406076123960332
51.6	8.369988090167936
51.65	8.331597255599089
51.7	8.290996807903554
51.75	8.248352526037564
51.8	8.20370456281175
51.85	8.157006162206562
51.9	8.108143230316456
51.95	8.056956272088762
52.0	8.00330273822559
52.05	7.947241062716312
52.1	7.889530721836346
52.15	7.830949277909507
52.2	7.7716315210698355
52.25	7.7116048983971055
52.3	7.651344848963896
52.35	7.591632324627957
52.400000000000006	7.532722143330249
52.449999999999996	7.4743190559665065
52.5	7.416360908798978
52.55	7.359050988403263
52.6	7.302100031002297
52.650000000000006	7.245094859001895
52.699999999999996	7.187962896464899
52.75	7.1309694773050705
52.8	7.0742506192707095
52.85	7.017563397032659
52.900000000000006	6.960572052469025
52.949999999999996	6.902996281934544
53.0	6.8449136885988295
53.05	6.7867620983068395
53.1	6.7289348305121335
53.150000000000006	6.671814211586363
53.199999999999996	6.6155225849533315
53.25	6.5598942193479415
53.3	6.504876768314869
53.35	6.45051859172193
53.400000000000006	6.396663378123606
53.449999999999996	6.342846609096332
53.5	6.288543445537074
53.55	6.233698604481358
53.6	6.178617208221782
53.650000000000006	6.123393450125038
53.699999999999996	6.067919367827351
53.75	6.012079931723562
53.8	5.955706509393104
53.85	5.898602494028224
53.900000000000006	5.840701511002674
53.949999999999996	5.782103052768851
54.0	5.72296546921886
54.050000000000004	5.663482700629932
54.1	5.603656061923944
54.15	5.543386482374936
54.199999999999996	5.483040609879396
54.25	5.423297141519079
54.300000000000004	5.364627653531354
54.35	5.3073367105493965
54.4	5.251557230842999
54.449999999999996	5.197308235102416
54.5	5.1446150152779495
54.550000000000004	5.093530322392662
54.6	5.044352829733545
54.65	4.9973232232972595
54.699999999999996	4.952410671447883
54.75	4.909289320422071
54.800000000000004	4.867535563902713
54.85	4.826862189699194
54.9	4.787138633312798
54.949999999999996	4.748457902061966
55.0	4.710913089166288
55.050000000000004	4.67432360060991
55.1	4.63845160241117
55.15	4.6029259908518325
55.199999999999996	4.567134347444963
55.25	4.530740882903965
55.300000000000004	4.4936693792033005
55.35	4.455885685008965
55.4	4.417272817691776
55.45	4.377516912061525
55.5	4.336193720627357
55.550000000000004	4.292974001373491
55.599999999999994	4.247721543999708
55.65	4.20031312124407
55.7	4.150430987253081
55.75	4.098068490933026
55.800000000000004	4.043449494203174
55.849999999999994	3.986532211061699
55.9	3.927125912810107
55.95	3.864961915373418
56.0	3.799644879899928
56.050000000000004	3.7312210328116033
56.099999999999994	3.660102847328523
56.15	3.5866853238218344
56.2	3.5111004654101183
56.25	3.4334990004752752
56.300000000000004	3.354467326162255
56.349999999999994	3.274100824546868
56.4	3.1923462957280497
56.45	3.10947185151322
56.5	3.025770497916881
56.550000000000004	2.9418350407311364
56.599999999999994	2.858553607551729
56.65	2.776430733702256
56.7	2.695834282538974
56.75	2.616900574133533
56.800000000000004	2.539712766010916
56.849999999999994	2.4644173601038384
56.9	2.390958474606548
56.95	2.3192396705735674
57.0	2.2489599177094757
57.05	2.1800325412070904
57.1	2.1124417967870763
57.15	2.046073749047995
57.2	1.9810315817401705
57.25	1.9172812657642184
57.3	1.8546048045261982
57.35	1.7931065550049246
57.4	1.7327367831230676
57.45	1.6733760776842679
57.5	1.614921415468345
57.55	1.557228983134551
57.6	1.500188119340884
57.65	1.443648710669831
57.7	1.387751660981038
57.75	1.3327979545439808
57.8	1.2788618872770692
57.85	1.2259838359384574
57.9	1.1739637395355373
57.95	1.1221003353486085
58.0	1.0696094151824167
58.05	1.015970874195208
58.1	0.9611891192631246
58.15	0.9053338622818541
58.2	0.8481470691478998
58.25	0.7893479837039844
58.3	0.7288316339214622
58.35	0.6667713276387702
58.4	0.6035924264238489
58.45	0.5393150395961339
58.5	0.4735371865352526
58.55	0.4057335786762175
58.6	0.3356455485719637
58.65	0.26348501248004347
58.7	0.18935566105546509
58.75	0.11315957476245264
58.8	0.034803371096265565
58.85	-0.04562255540049941
58.9	-0.1277970068091846
58.95	-0.21115450756848375
59.0	-0.295398655099784
59.05	-0.38053534982922566
59.1	-0.46633672367732615
59.15	-0.5518487212853649
59.2	-0.6366965169598078
59.25	-0.7214969648195555
59.3	-0.8066929713427378
59.35	-0.8919654136306479
59.4	-0.9763969755302211
59.45	-1.0591432327011958
59.5	-1.1402019866379853
59.55	-1.2199379680841518
59.6	-1.298659379407205
59.65	-1.3766250421818707
59.7	-1.453853283669325
59.75	-1.5302301330902726
59.8	-1.6054473076282179
59.85	-1.6796103745215893
59.9	-1.7533214688720538
59.95	-1.8271187119062238
60.0	-1.9013276976419367
60.05	-1.9760998944060142
60.1	-2.0513277883586443
60.15	-2.1268608096538717
60.199999999999996	-2.2026815288347343
60.25	-2.278942372376308
60.3	-2.3558757026349504
60.35	-2.4334613043271913
60.400000000000006	-2.511945049250917
60.449999999999996	-2.5915721517031263
60.5	-2.6723752441959965
60.55	-2.754776834751885
60.6	-2.8389595982285694
60.650000000000006	-2.924748055903578
60.699999999999996	-3.0120453567631333
60.75	-3.10038038591899
60.8	-3.189303168629502
60.85	-3.278872087675598
60.900000000000006	-3.369725984986788
60.949999999999996	-3.4628618211055526
61.0	-3.5586813518050455
61.05	-3.6566722131691494
61.1	-3.755140250719884
61.150000000000006	-3.852452202333553
61.199999999999996	-3.9488299817417882
61.25	-4.044903294422242
61.3	-4.1401984458579575
61.35	-4.234092087061276
61.400000000000006	-4.325981265914824
61.449999999999996	-4.415289032917723
61.5	-4.501774624437317
61.55	-4.585587099308709
61.6	-4.666674710920862
61.650000000000006	-4.744407678732937
61.699999999999996	-4.817918738855464
61.75	-4.886366234714286
61.800000000000004	-4.9490183700528245
61.85	-5.005396929846815
61.9	-5.0549918353135315
61.949999999999996	-5.097355706343197
62.0	-5.132536032521397
62.050000000000004	-5.160803082473742
62.1	-5.182515374553086
62.15	-5.198094748512995
62.199999999999996	-5.20806889419777
62.25	-5.213001209141788
62.300000000000004	-5.213245299989138
62.35	-5.208868050846764
62.4	-5.199898856688792
62.449999999999996	-5.186586243420739
62.5	-5.169531519645665
62.55	-5.149606682805105
62.6	-5.12770325594639
62.65	-5.104580887391517
62.7	-5.080991803338651
62.75	-5.0577156355813475
62.8	-5.035345114406168
62.85	-5.014400894579636
62.9	-4.995404531291738
62.95	-4.9787902454888915
63.0	-4.964863924717114
63.05	-4.95382329210244
63.1	-4.9457098292061
63.15	-4.94053736445212
63.2	-4.9382774383309895
63.25	-4.938999949100925
63.3	-4.942745225110116
63.35	-4.949589523997097
63.4	-4.95951831113908
63.45	-4.972453858359756
63.5	-4.988287665602426
63.55	-5.00697235135682
63.6	-5.028524211994727
63.65	-5.052835163724323
63.70000000000001	-5.0796329299652765
63.75	-5.108576595192367
63.8	-5.139365715535091
63.85	-5.171703160580183
63.9	-5.205279808700263
63.95000000000001	-5.239881412890379
64.0	-5.275266182437899
64.05	-5.311228356141225
64.10000000000001	-5.347519188930438
64.15	-5.383781601327897
64.19999999999999	-5.419873940500345
64.25	-5.455877849611063
64.3	-5.491888104044923
64.35000000000001	-5.527885208708246
64.4	-5.563859667780511
64.44999999999999	-5.599990749981437
64.5	-5.63644512117671
64.55	-5.67328969897625
64.60000000000001	-5.710711866316661
64.65	-5.748844317346965
64.69999999999999	-5.78764774777656
64.75	-5.827005382661035
64.8	-5.867183962526278
64.85000000000001	-5.908938133821547
64.9	-5.95293254629412
64.94999999999999	-5.999614197963455
65.0	-6.049517302825905
65.05	-6.102773174923586
65.10000000000001	-6.158958529128528
65.15	-6.217656330147932
65.19999999999999	-6.279332649956039
65.25	-6.344676485812561
65.3	-6.413968085991909
65.35000000000001	-6.487516427015961
65.4	-6.565235333632903
65.44999999999999	-6.646783717731717
65.5	-6.732321465938139
65.55	-6.822009947323018
65.60000000000001	-6.915370439347398
65.65	-7.011304464255669
65.69999999999999	-7.108699294670559
65.75	-7.207376477197938
65.8	-7.307150386007265
65.85000000000001	-7.407097874207526
65.9	-7.506417637781112
65.94999999999999	-7.604813010883248
66.0	-7.701838726177572
66.05	-7.796954353439964
66.10000000000001	-7.889767176013436
66.15	-7.980146627961458
66.19999999999999	-8.068020807473873
66.25	-8.153219652400178
66.3	-8.235657260174804
66.35000000000001	-8.315142655204674
66.4	-8.391419784031502
66.44999999999999	-8.464231617173887
66.5	-8.53366433211574
66.55	-8.60015368377535
66.60000000000001	-8.663897687560244
66.65	-8.724837532849843
66.69999999999999	-8.78319004541684
66.75	-8.839270110452247
66.8	-8.893227737854277
66.85000000000001	-8.945143974295974
66.9	-8.995127710061524
66.94999999999999	-9.04351779079359
67.0	-9.090954434581409
67.05	-9.138216145747263
67.10000000000001	-9.185726579768916
67.15	-9.233570372898695
67.2	-9.281912570556507
67.25	-9.33113795047093
67.3	-9.381705090588813
67.35	-9.433954973237913
67.4	-9.487963244101193
67.45	-9.54362604254231
67.5	-9.600822708832794
67.55	-9.659618390232469
67.6	-9.720061576334585
67.65	-9.781944593304363
67.7	-9.845125165926955
67.75	-9.909416117288485
67.8	-9.97459032676923
67.85	-10.040423561406103
67.9	-10.106693014436349
67.95	-10.17326473794588
68.0	-10.239992032944446
68.05	-10.306425334785246
68.1	-10.37236271968753
68.15	-10.437743158561378
68.2	-10.502522924960303
68.25	-10.56691640651279
68.3	-10.63104277655689
68.35	-10.694971250438767
68.4	-10.758507978752187
68.45	-10.821321245837705
68.5	-10.88359311537522
68.55	-10.945886066844633
68.6	-11.008462302200684
68.65	-11.071312598941322
68.7	-11.134415309892049
68.75	-11.197855647878592
68.8	-11.26146194754627
68.85	-11.325050507628646
68.9	-11.388766643351556
68.95	-11.45301192820909
69.0	-11.518272723207119
69.05	-11.584870989976778
69.1	-11.652525070812473
69.15	-11.720718620905764
69.2	-11.789247689033829
69.25	-11.858447514085347
69.3	-11.92913080466445
69.35	-12.001631602518358
69.4	-12.075966727063133
69.45	-12.151883423451157
69.5	-12.229235253294494
69.55	-12.308453422635345
69.6	-12.390113795197493
69.65	-12.474699853975867
69.7	-12.562359043722608
69.75	-12.652971827811193
69.8	-12.746699135629825
69.85	-12.843592966728156
69.9	-12.943753520882696
69.95	-13.047575727744793
70.0	-13.155092974805903
70.05	-13.266562915141
70.1	-13.381908307741554
70.15	-13.500269099929255
70.2	-13.620362235694406
70.25	-13.740433504050664
70.3	-13.858975911936858
70.35	-13.975111997769519
70.4	-14.088002392689106
70.45	-14.19784744349111
70.5	-14.305025690732306
70.55	-14.409211811791126
70.6	-14.509961562024332
70.65	-14.60685862286851
70.7	-14.699901336306919
70.75	-14.789103870745492
70.8	-14.87444109710729
70.85	-14.955976336391887
70.9	-15.033731068513283
70.95	-15.107578184909078
71.0	-15.177458320955438
71.05	-15.243374568209477
71.1	-15.305474773508221
71.15	-15.363707533941518
71.2	-15.418306095940647
71.25	-15.4698031127676
71.3	-15.518344057325457
71.35	-15.563928718574711
71.4	-15.606604186331868
71.45	-15.646533861483533
71.5	-15.684084097864432
71.55	-15.71974278644942
71.6	-15.753884396821903
71.65	-15.786831969540328
71.7	-15.818908454375606
71.75	-15.850437636235029
71.8	-15.881714042413499
71.85	-15.913054921445335
71.9	-15.944808218457862
71.95	-15.977342294325426
72.0	-16.011081864801454
72.05	-16.046415326892046
72.1	-16.08360984172049
72.15	-16.122869141340008
72.2	-16.164286444489672
72.25	-16.207896730525064
72.3	-16.25400401767421
72.35	-16.30293795797853
72.4	-16.354735822493744
72.45	-16.40921364072174
72.5	-16.466257013410313
72.55	-16.525772901090093
72.6	-16.587500953215653
72.65	-16.65131000187722
72.7	-16.716974284931325
72.75	-16.784195700641483
72.8	-16.852885516396142
72.85	-16.922901039542808
72.9	-16.993904824443064
72.95	-17.065734933525874
73.0	-17.138486499027756
73.05	-17.21221953139253
73.1	-17.286529707346645
73.15	-17.361003291505533
73.2	-17.43588832096374
73.25	-17.51128761981576
73.3	-17.58659055065794
73.35	-17.661231233305536
73.4	-17.73489177283008
73.45	-17.807457720325928
73.5	-17.87913812207551
73.55000000000001	-17.950239558372495
73.6	-18.02104432795918
73.64999999999999	-18.091487597529436
73.7	-18.161402337405285
73.75	-18.230662942171108
73.80000000000001	-18.299280155455037
73.85	-18.367687368303038
73.89999999999999	-18.436701403232355
73.95	-18.506945911680333
74.0	-18.578701492895263
74.05000000000001	-18.65225210797808
74.1	-18.727834507265086
74.14999999999999	-18.80509865961355
74.2	-18.883477028556495
74.25	-18.96291634129628
74.30000000000001	-19.04356707165685
74.35	-19.1252662718054
74.39999999999999	-19.206905937192303
74.45	-19.28727672514242
74.5	-19.36623443130693
74.55000000000001	-19.444249265289127
74.6	-19.521798572488915
74.64999999999999	-19.599379747839954
74.7	-19.677270647428493
74.75	-19.75554248628829
74.80000000000001	-19.834145977374373
74.85	-19.913065105313493
74.89999999999999	-19.99219805101219
74.95	-20.071423844891772
75.0	-20.15130863441579
75.05000000000001	-20.23273073631571
75.1	-20.316185747836734
75.14999999999999	-20.40213463897702
75.2	-20.49080554329302
75.25	-20.58214094622003
75.30000000000001	-20.67619770032283
75.35	-20.772743152282587
75.39999999999999	-20.87082622245815
75.45	-20.96854321347094
75.5	-21.06467173193193
75.55000000000001	-21.15956842464137
75.6	-21.253488120036998
75.64999999999999	-21.34513608982698
75.7	-21.43293132440781
75.75	-21.516621196798
75.80000000000001	-21.59679641982121
75.85	-21.67350195081971
75.89999999999999	-21.746310310884027
75.95	-21.815251340403407
76.0	-21.88080399629628
76.05000000000001	-21.943545367760475
76.1	-22.003803231395256
76.14999999999999	-22.06184395005233
76.2	-22.11809608321233
76.25	-22.17319844081991
76.30000000000001	-22.2276345867348
76.35	-22.281559025523606
76.39999999999999	-22.33505667542327
76.45	-22.38829271034833
76.5	-22.441411699779415
76.55000000000001	-22.494750600956372
76.6	-22.54871109592512
76.64999999999999	-22.603316244507635
76.7	-22.65848049513854
76.75	-22.71415644304177
76.8	-22.77036372912537
76.85000000000001	-22.827209972466576
76.89999999999999	-22.88485998215628
76.95	-22.94329080531358
77.0	-23.002502006268948
77.05	-23.06259385141206
77.10000000000001	-23.123500212167485
77.14999999999999	-23.184749258263437
77.2	-23.246176385246443
77.25	-23.308268925045194
77.3	-23.371466297248755
77.35000000000001	-23.43575331462069
77.39999999999999	-23.500749329955312
77.45	-23.56607821761831
77.5	-23.631740517720246
77.55	-23.697989307443553
77.60000000000001	-23.765169917697694
77.64999999999999	-23.833534409324802
77.7	-23.90304180477048
77.75	-23.973699117100463
77.8	-24.04560625154088
77.85000000000001	-24.119007292419756
77.89999999999999	-24.194211793900312
77.95	-24.27134429605588
78.0	-24.350259795590652
78.05	-24.430790818577936
78.10000000000001	-24.512987970478264
78.14999999999999	-24.596733085904262
78.2	-24.68180199408127
78.25	-24.768313558710425
78.3	-24.8564960196434
78.35000000000001	-24.94614309404499
78.39999999999999	-25.036705711592212
78.45	-25.127478340073484
78.5	-25.218318159529865
78.55	-25.30991473606723
78.60000000000001	-25.402565796672686
78.64999999999999	-25.495786482158923
78.7	-25.589109947910863
78.75	-25.682652190381873
78.8	-25.777170310729204
78.85000000000001	-25.873472555589196
78.89999999999999	-25.971824366999485
78.95	-26.07233346719389
79.0	-26.17520917483735
79.05	-26.280669757911006
79.10000000000001	-26.388112324459584
79.14999999999999	-26.49608435448343
79.2	-26.603684590412016
79.25	-26.710529756624382
79.3	-26.81620804048368
79.35000000000001	-26.920290084565437
79.39999999999999	-27.022219866044544
79.45	-27.1216337487583
79.5	-27.218424566079747
79.55	-27.31303977159729
79.60000000000001	-27.406229987315715
79.65	-27.498343662041673
79.69999999999999	-27.589161494354993
79.75	-27.678163629888353
79.8	-27.765043064929507
79.85000000000001	-27.85001856898479
79.9	-27.933521493418162
79.94999999999999	-28.015506263281416
80.0	-28.095842338374645
80.05	-28.174649147634042
80.10000000000001	-28.2519358169253
80.15	-28.327172561137274
80.19999999999999	-28.400078434655033
80.25	-28.47087965943922
80.3	-28.539653527418444
80.35000000000001	-28.60631703605346
80.4	-28.670773801665316
80.44999999999999	-28.733103969689843
80.5	-28.79364804406447
80.55	-28.852870227600867
80.60000000000001	-28.911138025393353
80.65	-28.968832669636054
80.69999999999999	-29.026324539146767
80.75	-29.084141149061082
80.8	-29.14265616247452
80.85000000000001	-29.2022046814389
80.9	-29.263134499438266
80.94999999999999	-29.32549516757403
81.0	-29.389199780860245
81.05	-29.454405851409078
81.10000000000001	-29.5215168637383
81.15	-29.59090288238838
81.19999999999999	-29.662858801622697
81.25	-29.737798845995634
81.3	-29.816142601075935
81.35000000000001	-29.897892741341842
81.4	-29.982665989557795
81.44999999999999	-30.069469511042477
81.5	-30.157605638156696
81.55	-30.24727978225873
81.60000000000001	-30.338786181997662
81.65	-30.431648025609345
81.69999999999999	-30.524812646484282
81.75	-30.61767162015599
81.8	-30.71084887190746
81.85000000000001	-30.80491955318938
81.9	-30.89974544631506
81.94999999999999	-30.994991304519893
82.0	-31.090019980970197
82.05	-31.184721204700928
82.10000000000001	-31.27939360667662
82.15	-31.374531185474524
82.19999999999999	-31.470801039837937
82.25	-31.568624549176057
82.3	-31.667830871093322
82.35000000000001	-31.767742243736667
82.4	-31.86746396090429
82.44999999999999	-31.966180234008128
82.5	-32.0632194928857
82.55	-32.158631524963866
82.60000000000001	-32.25329204462689
82.65	-32.34749196629373
82.69999999999999	-32.440778259397355
82.75	-32.53252876426966
82.8	-32.62282086104343
82.85	-32.71245068747289
82.9	-32.802291191342405
82.95	-32.8927780424096
83.0	-32.98380557629048
83.05	-33.075300149106035
83.1	-33.16788518729288
83.15	-33.26210924382138
83.2	-33.35789831374975
83.25	-33.45511578149679
83.3	-33.554009899231495
83.35	-33.655150520721705
83.4	-33.75855357595026
83.45	-33.86359380808044
83.5	-33.97033328906802
83.55	-34.07965116335973
83.6	-34.19235082481849
83.65	-34.30905545523598
83.7	-34.42956918776885
83.75	-34.552927403597295
83.8	-34.677216820038076
83.85	-34.800625241988904
83.9	-34.92253221550783
83.95	-35.04281229886548
84.0	-35.16138882848838
84.05	-35.27829388384896
84.1	-35.39333732468634
84.15	-35.50660407114448
84.2	-35.61792882939349
84.25	-35.72685288051711
84.3	-35.83385698164494
84.35	-35.93960505618901
84.4	-36.0438170153833
84.45	-36.14501869164291
84.5	-36.24231898754753
84.55	-36.336566749209865
84.6	-36.42892868265232
84.65	-36.5197696600741
84.7	-36.608827879506734
84.75	-36.695545479212086
84.8	-36.779948925785774
84.85	-36.86221554276304
84.9	-36.942152491336316
84.95	-37.01970845271677
85.0	-37.09503088657863
85.05	-37.16833187825772
85.1	-37.23987020697285
85.15	-37.31023396562411
85.2	-37.380445281137526
85.25	-37.45130925034677
85.3	-37.52298681929915
85.35	-37.595607451334246
85.4	-37.66951386336141
85.45	-37.745302061648005
85.5	-37.82313142387886
85.55	-37.90289604060162
85.6	-37.984762403634335
85.65	-38.06889294821132
85.7	-38.15491567931207
85.75	-38.24236900260358
85.8	-38.3311989428789
85.85	-38.421915479245094
85.9	-38.51483509501972
85.95	-38.61015796472063
86.0	-38.70803323366014
86.05	-38.80802272233809
86.1	-38.90963876718701
86.15	-39.01252227086684
86.2	-39.11630133162055
86.25	-39.2206060424255
86.3	-39.32545140844493
86.35	-39.43112127594317
86.4	-39.537830977682745
86.45	-39.645005989630036
86.5	-39.75201226523028
86.55	-39.858684193114144
86.6	-39.964789748176734
86.65	-40.070481757462346
86.7	-40.17645255293956
86.75	-40.28342769389147
86.8	-40.39152858826144
86.85	-40.50039611661393
86.9	-40.60959301075665
86.95	-40.718486457069446
87.0	-40.8265479924341
87.05	-40.934155281894874
87.1	-41.04202294434309
87.15	-41.150546047774974
87.2	-41.259382995396265
87.25	-41.36822610129645
87.3	-41.47755612082507
87.35	-41.58786212866566
87.4	-41.69880814707718
87.45	-41.80922019634292
87.5	-41.918175435107955
87.55	-42.025863707711835
87.6	-42.13279499227389
87.65	-42.23899650260546
87.7	-42.34458495747531
87.75	-42.44931971052732
87.8	-42.552550611122975
87.85	-42.6536295711301
87.9	-42.75234161425696
87.95	-42.849236576320166
88.0	-42.94492599380297
88.05	-43.03959759754453
88.1	-43.13313007116737
88.15	-43.22534100819729
88.2	-43.316523439414965
88.25	-43.40683384811518
88.3	-43.495790504573876
88.35	-43.58287741316606
88.4	-43.66796008912921
88.45	-43.75145014684909
88.5	-43.83407123054238
88.55	-43.91653563418024
88.6	-43.99918188541774
88.65	-44.082050108352206
88.7	-44.16511706079116
88.75	-44.248227815625356
88.8	-44.330908884047446
88.85	-44.41314541107313
88.9	-44.49520892345521
88.95	-44.5771222530071
89.0	-44.65872739623825
89.05	-44.739979482343
89.1	-44.82095743352246
89.14999999999999	-44.90115262800532
89.2	-44.97993771711765
89.25	-45.05709641579015
89.30000000000001	-45.132819286231936
89.35	-45.207239116827466
89.39999999999999	-45.28048181999054
89.45	-45.35255653848602
89.5	-45.42345439691413
89.55000000000001	-45.493129130026844
89.6	-45.56166562564944
89.64999999999999	-45.62949242550329
89.7	-45.696887587393825
89.75	-45.76382684420619
89.80000000000001	-45.83018506374964
89.85	-45.8961151310358
89.89999999999999	-45.96208170577595
89.95	-46.028434221552374
90.0	-46.095339091148034
90.05000000000001	-46.163056066075086
90.1	-46.23165293805738
90.14999999999999	-46.30125722934871
90.2	-46.371673297127174
90.25	-46.442578125259075
90.30000000000001	-46.51401409156908
90.35	-46.58583871897383
90.39999999999999	-46.657798882316996
90.45	-46.72949763831439
90.5	-46.80060606044759
90.55000000000001	-46.87130006187125
90.6	-46.9419597342304
90.64999999999999	-47.01283084899122
90.7	-47.08423787841146
90.75	-47.15619824376597
90.80000000000001	-47.22871888301616
90.85	-47.30186166592882
90.89999999999999	-47.375726398840825
90.95	-47.45042873367911
91.0	-47.52578092534958
91.05000000000001	-47.60161039429043
91.1	-47.67775270539907
91.14999999999999	-47.7541148079053
91.2	-47.83088278661802
91.25	-47.90807282789453
91.30000000000001	-47.98565621897241
91.35	-48.06361137169759
91.39999999999999	-48.141605563411346
91.45	-48.21942346696425
91.5	-48.29685484960758
91.55000000000001	-48.37369785777729
91.6	-48.45003880152208
91.64999999999999	-48.526130018801055
91.7	-48.60195641394883
91.75	-48.67687672326696
91.80000000000001	-48.750437486808266
91.85	-48.82292884721622
91.89999999999999	-48.89471285321001
91.95	-48.96626715879677
92.0	-49.03808797912801
92.05000000000001	-49.11027702819699
92.1	-49.183093018622884
92.14999999999999	-49.25675651777169
92.2	-49.33126777588613
92.25	-49.40649191882828
92.3	-49.482384640666886
92.35000000000001	-49.55935520349745
92.39999999999999	-49.63773906536075
92.45	-49.717449472163636
92.5	-49.79865740065917
92.55	-49.88174812732797
92.60000000000001	-49.96701437460689
92.64999999999999	-50.05482715968165
92.7	-50.145366009008
92.75	-50.238363384057536
92.8	-50.3329071195832
92.85000000000001	-50.42834056184769
92.89999999999999	-50.524695834561925
92.95	-50.62180321877931
93.0	-50.719169893169834
93.05	-50.81671080578204
93.10000000000001	-50.9140461137016
93.14999999999999	-51.01051405793787
93.2	-51.105615198434236
93.25	-51.19868772138652
93.3	-51.28942595693091
93.35000000000001	-51.377876756593864
93.39999999999999	-51.46424886609384
93.45	-51.54813310462681
93.5	-51.62888229283199
93.55	-51.706480179258065
93.60000000000001	-51.78114100651082
93.64999999999999	-51.852974221965056
93.7	-51.9219045761418
93.75	-51.98772845199434
93.8	-52.050454678578
93.85000000000001	-52.11014547085503
93.89999999999999	-52.16701777307402
93.95	-52.22153172714211
94.0	-52.274102267120114
94.05	-52.32511381180008
94.10000000000001	-52.374725875377365
94.14999999999999	-52.42304712332782
94.2	-52.470483395075064
94.25	-52.517437865366134
94.3	-52.56409961121211
94.35000000000001	-52.610773847499786
94.39999999999999	-52.657797885422156
94.45	-52.70529220843537
94.5	-52.752986528788625
94.55	-52.80081408680337
94.60000000000001	-52.849083354772986
94.64999999999999	-52.897955801079846
94.7	-52.94721717333276
94.75	-52.996516475486615
94.8	-53.04564728285982
94.85000000000001	-53.094858345875096
94.89999999999999	-53.144468919316935
94.95	-53.19467727040976
95.0	-53.2457470170598
95.05	-53.29788731995066
95.10000000000001	-53.351260988892626
95.14999999999999	-53.4057118682707
95.2	-53.460991063795696
95.25	-53.51705556437912
95.3	-53.57390562264844
95.35000000000001	-53.63137901659298
95.4	-53.689206574135625
95.44999999999999	-53.7471954609002
95.5	-53.80549744508332
95.55	-53.86411495046937
95.60000000000001	-53.922852467155565
95.65	-53.981515415329156
95.69999999999999	-54.03985058083311
95.75	-54.09762417101496
95.8	-54.154423135895996
95.85000000000001	-54.21004737965529
95.9	-54.264782690959905
95.94999999999999	-54.318840705963666
96.0	-54.37220640602082
96.05	-54.424989003347406
96.10000000000001	-54.47732694793302
96.15	-54.52937823167639
96.19999999999999	-54.581080672420086
96.25	-54.632253890539715
96.3	-54.682991783239245
96.35000000000001	-54.73341300213431
96.4	-54.783482528331845
96.44999999999999	-54.833200753269125
96.5	-54.88273335947778
96.55	-54.93224648284429
96.60000000000001	-54.981801624333514
96.65	-55.03150499090903
96.69999999999999	-55.08162957778282
96.75	-55.132323266361794
96.8	-55.18377514971394
96.85000000000001	-55.236294046878506
96.9	-55.28999090494629
96.94999999999999	-55.34490799195261
97.0	-55.40102870192533
97.05	-55.458398191168776
97.10000000000001	-55.516994948246214
97.15	-55.57695594987693
97.19999999999999	-55.63872220333771
97.25	-55.702672795637
97.3	-55.768878249172104
97.35000000000001	-55.837578057219716
97.4	-55.908998446638236
97.44999999999999	-55.98324236010231
97.5	-56.05989307300267
97.55	-56.137969428008546
97.60000000000001	-56.21650625159086
97.65	-56.29464002577389
97.69999999999999	-56.37175345679254
97.75	-56.44708826137514
97.8	-56.51980864894712
97.85000000000001	-56.5899071203265
97.9	-56.65788975104772
97.94999999999999	-56.723588975005484
98.0	-56.785922525368136
98.05	-56.84387663396711
98.10000000000001	-56.89705069299811
98.15	-56.94558000823113
98.19999999999999	-56.989795381925255
98.25	-57.029945819610695
98.3	-57.066246890118876
98.35000000000001	-57.09899154343964
98.4	-57.128350102150584
98.45	-57.15455135357038
98.5	-57.17803188800568
98.55	-57.199214064938346
98.6	-57.218136859995205
98.65	-57.235395056653246
98.7	-57.25071258833722
98.75	-57.26535524911828
98.8	-57.27870933000401
98.85	-57.2919410173698
98.9	-57.304560234317506
98.95	-57.3173557399262
99.0	-57.33011823881785
99.05	-57.34340054341406
99.1	-57.357219445275504
99.15	-57.3719301200897
99.2	-57.387674582300406
99.25	-57.40461070449297
99.3	-57.422788035010896
99.35	-57.44220507657762
99.4	-57.462931972193985
99.45	-57.485006911620964
99.5	-57.508436701946636
99.55	-57.53327461603089
99.6	-57.559516210844315
99.65	-57.58708249085266
99.7	-57.6159032418921
99.75	-57.64600148955739
99.8	-57.67743329054305
99.85	-57.71013735885241
99.9	-57.74402234946448
99.95	-57.779177449855275
100.0	-57.81567165736068
100.05	-57.85348995431506
100.1	-57.89253805882759
100.15	-57.93274304012087
100.2	-57.97409988832321
100.25	-58.01661683759157
100.3	-58.060047563071144
100.35	-58.103970247269984
100.4	-58.14826245968577
100.45	-58.19312136476191
100.5	-58.23855277765799
100.55	-58.284419059202186
100.6	-58.33053902565196
100.65	-58.376637698115175
100.7	-58.42263871810051
100.75	-58.468423579444575
100.8	-58.513894753357434
100.85	-58.55936108337921
100.9	-58.60530833017996
100.95	-58.65199441480267
101.0	-58.6993525831478
101.05	-58.7471976040861
101.1	-58.795526634358005
101.15	-58.844489749510586
101.2	-58.894279726538194
101.25	-58.94494559346534
101.3	-58.99626766466883
101.35	-59.04825571566508
101.4	-59.101162198013725
101.45	-59.155103558589175
101.5	-59.210182327123185
101.55	-59.26660650599098
101.6	-59.32458280169129
101.65	-59.383975567234685
101.7	-59.444379334059185
101.75	-59.50588132777807
101.8	-59.568674729311354
101.85	-59.632410079576886
101.9	-59.69641403352773
101.95	-59.75979973646107
102.0	-59.82178576773067
102.05	-59.8818531000572
102.1	-59.939638173549795
102.15	-59.99506334839437
102.2	-60.04836922703017
102.25	-60.099776183935305
102.3	-60.14920153173897
102.35	-60.196379948686356
102.4	-60.241131188240935
102.45	-60.283494248778396
102.5	-60.32371065032264
102.55	-60.36192046324976
102.6	-60.39805486382684
102.65	-60.432165344989414
102.7	-60.46436502844982
102.75	-60.494728588648016
102.8	-60.523377948749314
102.85	-60.55048886734458
102.9	-60.57631149794789
102.95	-60.60123380943229
103.0	-60.62551592066896
103.05	-60.64924438868527
103.1	-60.67250974282393
103.15	-60.695472986183404
103.2	-60.718281225513614
103.25	-60.7411199055823
103.3	-60.7642268010373
103.35	-60.78788395641358
103.4	-60.81240797341657
103.45	-60.83813649237637
103.5	-60.865186728931434
103.55	-60.89340545576849
103.6	-60.922583809177866
103.65	-60.95262017945565
103.7	-60.98358305756572
103.75	-61.01539177675444
103.8	-61.0478550634857
103.85	-61.08093018775335
103.9	-61.114562562565304
103.95	-61.14853009065351
104.0	-61.182561354125426
104.05	-61.21654432471357
104.1	-61.25051431929961
104.15	-61.28424535203176
104.2	-61.3170845453561
104.25	-61.34848477432372
104.3	-61.37823403621793
104.35	-61.40640951752006
104.4	-61.43306378601544
104.45	-61.458225286850535
104.5	-61.482041021503036
104.55	-61.50468034520124
104.6	-61.526241050592716
104.65	-61.54673837050762
104.7	-61.56615655418861
104.75	-61.58462376861294
104.80000000000001	-61.602254408616275
104.85	-61.619217351247144
104.89999999999999	-61.63566477887851
104.95	-61.65169354819578
105.0	-61.66727509916444
105.05000000000001	-61.68255321170844
105.1	-61.697508501169025
105.14999999999999	-61.7126682132244
105.2	-61.72804687039783
105.25	-61.74422107707188
105.30000000000001	-61.76109450748703
105.35	-61.778983633305344
105.39999999999999	-61.79794213836542
105.45	-61.81824415661638
105.5	-61.839973655124965
105.55000000000001	-61.86327102507792
105.6	-61.888258000084214
105.64999999999999	-61.91510526998073
105.7	-61.943941045693236
105.75	-61.974792417888196
105.80000000000001	-62.00762913926941
105.85	-62.04235889909647
105.89999999999999	-62.079004066954695
105.95	-62.11768441528568
106.0	-62.15826385013325
106.05000000000001	-62.200520681347605
106.1	-62.244225419859006
106.14999999999999	-62.289269866087984
106.2	-62.33565547813119
106.25	-62.38331610004259
106.30000000000001	-62.43221207366569
106.35	-62.48216091110235
106.39999999999999	-62.53266790723791
106.45	-62.583364985064975
106.5	-62.63378186061475
106.55000000000001	-62.68322974614222
106.6	-62.731084254142466
106.64999999999999	-62.77712057872954
106.7	-62.821474584554245
106.75	-62.86422491979171
106.80000000000001	-62.90534516620798
106.85	-62.94485750785154
106.89999999999999	-62.98292366904562
106.95	-63.019689262917964
107.0	-63.05526055986081
107.05000000000001	-63.08964879278456
107.1	-63.12286813470911
107.14999999999999	-63.1548413056023
107.2	-63.18547403186488
107.25	-63.214749687096784
107.30000000000001	-63.24254399091935
107.35	-63.26872848780988
107.39999999999999	-63.2932904606991
107.45	-63.31623573387505
107.5	-63.33771344245574
107.55000000000001	-63.357850920693835
107.6	-63.37674007136022
107.64999999999999	-63.39458026143131
107.7	-63.411535102466885
107.75	-63.4276938739253
107.80000000000001	-63.44317408104656
107.85	-63.45820041815195
107.89999999999999	-63.47306890169541
107.95	-63.487948558326295
108.0	-63.502904353970195
108.05	-63.51799185572585
108.10000000000001	-63.53327959231942
108.14999999999999	-63.54884842665039
108.2	-63.56477454088488
108.25	-63.58117159193837
108.3	-63.59819548213308
108.35000000000001	-63.615871892050464
108.39999999999999	-63.63412496209916
108.45	-63.652831498905584
108.5	-63.67180464198866
108.55	-63.69087660887476
108.60000000000001	-63.7099339154831
108.64999999999999	-63.728894142340316
108.7	-63.74770008384195
108.75	-63.76629747429699
108.8	-63.784627259339274
108.85000000000001	-63.80259694438345
108.89999999999999	-63.82014629867406
108.95	-63.83730714491969
109.0	-63.85413147832459
109.05	-63.87064090093269
109.10000000000001	-63.88675372891635
109.14999999999999	-63.90234122253352
109.2	-63.91741190663349
109.25	-63.932059385808955
109.3	-63.94637520264913
109.35000000000001	-63.960428728474966
109.39999999999999	-63.97428560463875
109.45	-63.988036893734446
109.5	-64.00176949018854
109.55	-64.01552319140805
109.60000000000001	-64.02942451143794
109.64999999999999	-64.04362994869781
109.7	-64.05825946195023
109.75	-64.0733267008785
109.8	-64.08885753069028
109.85000000000001	-64.10494453622954
109.89999999999999	-64.12168617851965
109.95	-64.13910312057311
110.0	-64.15714381306177
110.05	-64.17577943442359
110.10000000000001	-64.19507624493173
110.14999999999999	-64.21509993685416
110.2	-64.23589829467383
110.25	-64.25748883291311
110.3	-64.27980622407006
110.35000000000001	-64.30277243223954
110.39999999999999	-64.32635164702758
110.45	-64.35051173681063
110.5	-64.37525812128256
110.55	-64.40062212421935
110.60000000000001	-64.42651663299684
110.64999999999999	-64.4528411245661
110.7	-64.47961416209485
110.75	-64.50698553291949
110.8	-64.53501287839147
110.85000000000001	-64.56355162572532
110.9	-64.59235892561725
110.94999999999999	-64.62117542285529
111.0	-64.64976823088791
111.05	-64.67797714810621
111.10000000000001	-64.70557727707998
111.15	-64.73226360078395
111.19999999999999	-64.75780615015013
111.25	-64.78215845513951
111.3	-64.80527974019158
111.35000000000001	-64.82703668072467
111.4	-64.84733104332713
111.44999999999999	-64.86610767559772
111.5	-64.88337497244936
111.55	-64.89918166671814
111.60000000000001	-64.91351129345058
111.65	-64.92638384704163
111.69999999999999	-64.93784445525534
111.75	-64.94797004360146
111.8	-64.95680777780532
111.85000000000001	-64.96448264002412
111.9	-64.97103220627562
111.94999999999999	-64.97671276158759
112.0	-64.9815409294603
112.05	-64.98581644418266
112.10000000000001	-64.98950680501798
112.15	-64.99295269736882
112.19999999999999	-64.996046631348
112.25	-64.99924871176589
112.3	-65.00236073297584
112.35000000000001	-65.0059883846291
112.4	-65.00988875726406
112.44999999999999	-65.01464359799007
112.5	-65.02005938354756
112.55	-65.0264347870407
112.60000000000001	-65.03376093985891
112.65	-65.04216359557638
112.69999999999999	-65.05168234035918
112.75	-65.06232366452289
112.8	-65.07402447598074
112.85000000000001	-65.08674144922882
112.9	-65.10045556232112
112.94999999999999	-65.11510401459127
113.0	-65.13059612339032
113.05	-65.14677190542193
113.10000000000001	-65.16341463213399
113.15	-65.18030531921522
113.19999999999999	-65.19730002360058
113.25	-65.21425518731715
113.3	-65.23098384026295
113.35000000000001	-65.24727063569789
113.4	-65.26289160288661
113.44999999999999	-65.27768107556213
113.5	-65.29157151182491
113.55	-65.30448765344448
113.60000000000001	-65.31632651977017
113.65	-65.32698977472776
113.69999999999999	-65.33650816120752
113.75	-65.34481192596053
113.8	-65.35201998482721
113.85000000000001	-65.3579292785856
113.9	-65.36298732478699
113.94999999999999	-65.3668266698558
114.0	-65.36999558180024
114.05	-65.37206412723077
114.1	-65.37365957787777
114.15	-65.37444619975884
114.2	-65.3750040434806
114.25	-65.37509635122375
114.3	-65.3751427657534
114.35	-65.37505175228638
114.4	-65.37513594808308
114.45	-65.37542363787395
114.5	-65.37612379464701
114.55	-65.37730670087967
114.6	-65.37911700434789
114.65	-65.38166446376975
114.7	-65.38504321643467
114.75	-65.38937685874004
114.8	-65.3947276152621
114.85	-65.40115144758875
114.9	-65.40863961026385
114.95	-65.41722138346293
115.0	-65.42693603590573
115.05	-65.43776835523488
115.1	-65.44962652373113
115.15	-65.46243038039984
115.2	-65.47612390834942
115.25	-65.49062983110592
115.3	-65.5058537507426
115.35	-65.52169435622285
115.4	-65.53803616285327
115.45	-65.55475673602797
115.5	-65.5716391872699
115.55	-65.58843125007003
115.6	-65.60486868726736
115.65	-65.62074465089628
115.7	-65.63595845621187
115.75	-65.65037799367647
115.8	-65.6638357827106
115.85	-65.6762101003977
115.9	-65.68744066586459
115.95	-65.69749425563715
116.0	-65.70636154627917
116.05	-65.7139621573437
116.1	-65.72028515296347
116.15	-65.72528459779328
116.2	-65.72903354531854
116.25	-65.73147236096338
116.3	-65.73270934676354
116.35	-65.73267423373744
116.4	-65.73149151280944
116.45	-65.72909140904758
116.5	-65.72559247955793
116.55	-65.72101545043512
116.6	-65.71545990428282
116.65	-65.70897827227253
116.7	-65.7016570826248
116.75	-65.69358021945756
116.8	-65.6848261601552
116.85	-65.67548263977139
116.9	-65.66569284187099
116.95	-65.65560976951402
117.0	-65.64537663021088
117.05	-65.63510798325603
117.1	-65.62478745638188
117.15	-65.61438057950082
117.2	-65.60392172941498
117.25	-65.5935089871221
117.3	-65.58320318458092
117.35	-65.57306543222118
117.4	-65.56314516205774
117.45	-65.5534960619125
117.5	-65.54412885133382
117.55	-65.53505164203591
117.6	-65.52623998743245
117.65	-65.51767630911877
117.7	-65.509386635911
117.75	-65.50140348948646
117.8	-65.49380748171447
117.85	-65.48663099371966
117.9	-65.47991495490727
117.95	-65.47366077272049
118.0	-65.4679716122044
118.05	-65.46284619185937
118.1	-65.45841629974744
118.15	-65.45450890207185
118.2	-65.4514072458985
118.25	-65.44878682285682
118.3	-65.44704850708337
118.35	-65.44572017109942
118.4	-65.44518423146992
118.45	-65.44510235025297
118.5	-65.44577325303075
118.55	-65.44698393108999
118.6	-65.4488719607906
118.65	-65.45136826100905
118.7	-65.4544893658094
118.75	-65.4582673979164
118.8	-65.46266653154504
118.85	-65.46778620883907
118.9	-65.47357757603073
118.95	-65.48019318939684
119.0	-65.4876262294804
119.05	-65.49598652427349
119.1	-65.50530857185514
119.15	-65.51564122848222
119.2	-65.52697557757286
119.25	-65.53936981889629
119.3	-65.55288804569652
119.35	-65.56762864562766
119.4	-65.58363739898
119.45	-65.60098524475742
119.5	-65.61984402332139
119.55	-65.64033951128337
119.6	-65.6624548685421
119.65	-65.68609171240061
119.7	-65.71128091313018
119.75	-65.7382508309622
119.8	-65.7671641481502
119.85	-65.79803334966066
119.9	-65.83083262706947
119.95	-65.86546791432563
120.0	-65.90166257610673
120.05	-65.93903768612947
120.1	-65.977267562696
120.15	-66.01597869979096
120.2	-66.05456221781397
120.25	-66.09219248725574
120.3	-66.12818256114312
120.35	-66.16207813113155
120.39999999999999	-66.19379962950849
120.45	-66.22333582786663
120.5	-66.25051109903887
120.55000000000001	-66.27508054815317
120.6	-66.29676828176586
120.64999999999999	-66.3154387429466
120.7	-66.33107572705298
120.75	-66.34366687057346
120.80000000000001	-66.35323367454794
120.85	-66.35971387002601
120.89999999999999	-66.36318811502244
120.95	-66.36359106544963
121.0	-66.36111413786864
121.05000000000001	-66.3556577484362
121.1	-66.34729413299769
121.14999999999999	-66.335988658113
121.2	-66.32184655682289
121.25	-66.30498132798589
121.30000000000001	-66.28555723384257
121.35	-66.26369196844551
121.39999999999999	-66.23956326424175
121.45	-66.21353978227195
121.5	-66.18594682213057
121.55000000000001	-66.15701964248589
121.6	-66.12712903507364
121.64999999999999	-66.09661820919288
121.7	-66.06576886294734
121.75	-66.0348389049658
121.80000000000001	-66.00422540806588
121.85	-65.97441763813765
121.89999999999999	-65.94552508932108
121.95	-65.91742414867984
122.0	-65.89007599127385
122.05000000000001	-65.8635296642472
122.1	-65.83791521784836
122.14999999999999	-65.81331228127156
122.2	-65.78965674302951
122.25	-65.76682958865288
122.30000000000001	-65.74475651868927
122.35	-65.7233952983779
122.39999999999999	-65.70261332485047
122.45	-65.68232226503336
122.5	-65.66255717150038
122.55000000000001	-65.64335130049666
122.6	-65.62466089666597
122.64999999999999	-65.60640004523245
122.7	-65.58854851299174
122.75	-65.57118942587613
122.80000000000001	-65.55438479360811
122.85	-65.53815656130452
122.89999999999999	-65.52251797111401
122.95	-65.5074742531166
123.0	-65.49312316295735
123.05000000000001	-65.47957175728537
123.1	-65.4668779788005
123.14999999999999	-65.4550442974627
123.2	-65.44412137340237
123.25	-65.43419173695641
123.30000000000001	-65.42537144466009
123.35	-65.41772670514194
123.39999999999999	-65.41135780700387
123.45	-65.40631510167641
123.5	-65.40273286301327
123.55	-65.40065331891972
123.60000000000001	-65.40022953311151
123.64999999999999	-65.40133017964328
123.7	-65.40418446117532
123.75	-65.40868456168411
123.8	-65.41496866293267
123.85000000000001	-65.42296174045886
123.89999999999999	-65.43276429458297
123.95	-65.4443170301672
124.0	-65.45761071629906
124.05	-65.47262996230732
124.10000000000001	-65.48935493297705
124.14999999999999	-65.5076800736451
124.2	-65.52753441326529
124.25	-65.54882574457284
124.3	-65.57141924410863
124.35000000000001	-65.59517114190562
124.39999999999999	-65.62000625246998
124.45	-65.64588824452163
124.5	-65.67262344046762
124.55	-65.69985604008528
124.60000000000001	-65.72717088145293
124.64999999999999	-65.75408050918979
124.7	-65.78022576964545
124.75	-65.8053642005207
124.8	-65.82931583292795
124.85000000000001	-65.85198152141993
124.89999999999999	-65.87328873508311
124.95	-65.89310401653513
125.0	-65.91124849071518
125.05	-65.9276320223423
125.1	-65.9421757539604
125.15	-65.95484665146762
125.2	-65.96549896726961
125.25	-65.97437266666238
125.3	-65.98115815689079
125.35	-65.98626229287153
125.4	-65.9889863079621
125.45	-65.99011225327054
125.5	-65.9887699219893
125.55	-65.98591698155695
125.6	-65.98075937133851
125.65	-65.97391605103579
125.7	-65.96508408024424
125.75	-65.95447749001524
125.8	-65.94219383170392
125.85	-65.92832147676364
125.9	-65.91288599620628
125.95	-65.89599615764328
126.0	-65.87794299387312
126.05	-65.8590347209582
126.1	-65.83955430210196
126.15	-65.81972277505622
126.2	-65.79963254203128
126.25	-65.77930550593517
126.3	-65.75881707452079
126.35	-65.73833511281978
126.4	-65.71806124443714
126.45	-65.69807258336914
126.5	-65.67839300467625
126.55	-65.65915432953499
126.6	-65.64048827566513
126.65	-65.62262298688178
126.7	-65.60579475344761
126.75	-65.59024860605959
126.8	-65.57625240166522
126.85	-65.5639529481748
126.9	-65.55339056009372
126.95	-65.54455367364196
127.0	-65.53738946700275
127.05	-65.53193710611181
127.1	-65.5280845236421
127.15000000000002	-65.52590234007329
127.2	-65.52520260706505
127.25	-65.52607963462266
127.3	-65.52842228267332
127.35	-65.53223194568147
127.40000000000002	-65.53740609856094
127.45	-65.5438686334275
127.5	-65.55150356442897
127.55	-65.5602183217064
127.6	-65.56990072590013
127.65000000000002	-65.58047968050039
127.7	-65.59191085522349
127.75	-65.60415530671865
127.8	-65.61712923625831
127.85	-65.63074460603883
127.90000000000002	-65.64489484476366
127.95	-65.6595125175438
128.0	-65.67458262069201
128.05	-65.69011533171414
128.1	-65.70613092660506
128.14999999999998	-65.7225911037653
128.20000000000002	-65.73944338427032
128.25	-65.75667843107576
128.3	-65.77428558222167
128.35	-65.79227101665406
128.39999999999998	-65.8106207794662
128.45000000000002	-65.82937205916235
128.5	-65.84864350528554
128.55	-65.86853711004036
128.6	-65.88904125585567
128.64999999999998	-65.9100314736681
128.70000000000002	-65.93148337043984
128.75	-65.95356260835663
128.8	-65.97643650411231
128.85	-66.00012921763982
128.89999999999998	-66.02454387465362
128.95000000000002	-66.04955628557018
129.0	-66.07513063762524
129.05	-66.10118400429097
129.1	-66.12751005052463
129.14999999999998	-66.15381941743185
129.20000000000002	-66.17977104447544
129.25	-66.20502267208492
129.3	-66.2292736774011
129.35	-66.25230405693472
129.39999999999998	-66.27396255287864
129.45000000000002	-66.29415558869368
129.5	-66.31285399420237
129.55	-66.33005145335795
129.6	-66.34565189107187
129.64999999999998	-66.35946196447468
129.70000000000002	-66.37120233099753
129.75	-66.38066317715106
129.8	-66.38778215044707
129.85	-66.39256607460436
129.89999999999998	-66.39504584956227
