129.95000000000002	-66.3951975793365
130.0	-66.39305622294106
130.05	-66.38859185121056
130.1	-66.3817984195605
130.14999999999998	-66.37261748721177
130.20000000000002	-66.36110534761144
130.25	-66.34737366130877
130.3	-66.33151330846016
130.35	-66.31354824463136
130.39999999999998	-66.29363813785972
130.45000000000002	-66.27208685089214
130.5	-66.2492405272727
130.55	-66.22551948454795
130.6	-66.20126191905399
130.64999999999998	-66.17663534850394
130.70000000000002	-66.1518895684947
130.75	-66.12732891033116
130.8	-66.1031563677451
130.85	-66.07971632599845
130.89999999999998	-66.05736803631267
130.95000000000002	-66.03638610786957
131.0	-66.01700943179625
131.05	-65.99951145481361
131.1	-65.98406616141393
131.14999999999998	-65.97062406871176
131.20000000000002	-65.95904502046656
131.25	-65.94920753689958
131.3	-65.94096808860084
131.35	-65.93417796200191
131.39999999999998	-65.92867788888579
131.45000000000002	-65.92427913194622
131.5	-65.92077232520612
131.55	-65.91798248317878
131.6	-65.91568891607403
131.64999999999998	-65.91372570160877
131.70000000000002	-65.9118130419485
131.75	-65.90980267803442
131.8	-65.90744409433117
131.85	-65.90460720956477
131.89999999999998	-65.90108395477148
131.95000000000002	-65.89674300982584
132.0	-65.8914475901954
132.05	-65.885125237774
132.1	-65.87773277203593
132.14999999999998	-65.869277787352
132.20000000000002	-65.85975866715322
132.25	-65.84923387993317
132.3	-65.83784161681004
132.35	-65.82573405127746
132.39999999999998	-65.81309145688692
132.45000000000002	-65.80011427031164
132.5	-65.78701181239877
132.55	-65.77405117295669
132.6	-65.7615446240501
132.64999999999998	-65.74979587988184
132.70000000000002	-65.73903235873904
132.75	-65.7294487704232
132.8	-65.72125685618997
132.85	-65.71464876555295
132.89999999999998	-65.70977574379987
132.95000000000002	-65.70673082140354
133.0	-65.70554652641053
133.05	-65.7062512404655
133.1	-65.70885268561565
133.14999999999998	-65.71337837961647
133.20000000000002	-65.7198058380267
133.25	-65.72809165613896
133.3	-65.73817116910317
133.35	-65.7499184486681
133.39999999999998	-65.76314239395495
133.45000000000002	-65.77761576062534
133.5	-65.79305097928226
133.55	-65.80916101296154
133.6	-65.82565721199029
133.64999999999998	-65.84215301454071
133.70000000000002	-65.85833210376336
133.75	-65.87403715553222
133.8	-65.88914287572386
133.85	-65.90349970505989
133.89999999999998	-65.91692948429531
133.95000000000002	-65.92934013820766
134.0	-65.94056350262089
134.05	-65.95060454558003
134.1	-65.95930548544264
134.14999999999998	-65.96673342476433
134.20000000000002	-65.97263333178262
134.25	-65.97712840696227
134.3	-65.97982355459796
134.35	-65.98115672892185
134.4	-65.98047409548832
134.45	-65.9783875025462
134.5	-65.97418632460972
134.55	-65.9685241610367
134.6	-65.96080371532663
134.65	-65.95139695272572
134.7	-65.94004544506511
134.75	-65.9269158510605
134.8	-65.91202731611021
134.85	-65.89536302703787
134.9	-65.87687850610982
134.95	-65.85665274161715
135.0	-65.83500320860807
135.05	-65.81234507336976
135.1	-65.78905315291209
135.15	-65.7653361013176
135.2	-65.74132207047901
135.25	-65.71717083440015
135.3	-65.69298796019729
135.35	-65.66892220561462
135.4	-65.64517437864214
135.45	-65.62184944558919
135.5	-65.59899454181229
135.55	-65.57665870870765
135.6	-65.55485332581654
135.65	-65.53367554169789
135.7	-65.51324992404939
135.75	-65.49365365016472
135.8	-65.47499608850737
135.85	-65.45739809906334
135.9	-65.44098076940175
135.95	-65.42573929530684
136.0	-65.41164605950688
136.05	-65.39883584820575
136.1	-65.38745440988173
136.15	-65.37754938469286
136.2	-65.36913101888324
136.25	-65.36220121509987
136.3	-65.35678926726945
136.35	-65.35289818987432
136.4	-65.3505017142387
136.45	-65.34954217513061
136.5	-65.34997287168005
136.55	-65.35172635882023
136.6	-65.35474404473565
136.65	-65.3589366875969
136.7	-65.36421846043585
136.75	-65.37048282223965
136.8	-65.37761556156966
136.85	-65.38545159953601
136.9	-65.39374575552566
136.95	-65.40227890011741
137.0	-65.4108951617044
137.05	-65.41945812437112
137.1	-65.42781914783642
137.15	-65.43584185240823
137.2	-65.44337079388691
137.25	-65.45038478583432
137.3	-65.45670789336218
137.35	-65.46254638822931
137.4	-65.46756860829922
137.45	-65.47215431921401
137.5	-65.47578424073065
137.55	-65.47901695636381
137.6	-65.48126205912101
137.65	-65.48314081347546
137.7	-65.48406046278036
137.75	-65.48460448946051
137.8	-65.48430532391981
137.85	-65.48354289600002
137.9	-65.48199330486511
137.95	-65.479824329369
138.0	-65.47690641524487
138.05	-65.47322205443484
138.1	-65.46885591257887
138.15	-65.4634661037843
138.2	-65.45727641956599
138.25	-65.44987841661873
138.3	-65.44139912979668
138.35	-65.43155892516187
138.4	-65.42038200631617
138.45	-65.40789622795191
138.5	-65.39414297539807
138.55	-65.3790999978543
138.6	-65.3627074639658
138.65	-65.34494588551095
138.7	-65.32583527225037
138.75	-65.30541970402109
138.8	-65.28382676861574
138.85	-65.2612463448136
138.9	-65.23778139335909
138.95	-65.21337380365227
139.0	-65.18805330316218
139.05	-65.16202499746299
139.1	-65.13545011743881
139.15	-65.1083469320912
139.2	-65.08064600828317
139.25	-65.05226416214808
139.3	-65.02324511805803
139.35	-64.99371002664927
139.4	-64.96373792279275
139.45	-64.93340984469566
139.5	-64.90280493588077
139.55	-64.87218011832464
139.6	-64.84188777865373
139.65	-64.81223612469972
139.7	-64.78345160830929
139.75	-64.75566117342981
139.8	-64.7288931925543
139.85	-64.70310091184093
139.9	-64.67820994584524
139.95	-64.6541896678187
140.0	-64.63106063529555
140.05	-64.60890924277979
140.1	-64.58781082736344
140.15	-64.56766053476116
140.2	-64.54829734929523
140.25	-64.5296358745307
140.3	-64.51163906722394
140.35	-64.49428596171245
140.4	-64.47753264650275
140.45	-64.4613285997547
140.5	-64.44561974199445
140.55	-64.43041657321879
140.6	-64.41579399199759
140.65	-64.40179562811083
140.7	-64.3884315144006
140.75	-64.37573893300302
140.8	-64.36375719723611
140.85	-64.35256600269008
140.9	-64.3421999308048
140.95	-64.33267273552136
141.0	-64.32391257203011
141.05	-64.316019807422
141.1	-64.30882270865546
141.15	-64.302569350303
141.2	-64.2968391956651
141.25	-64.29219267356572
141.3	-64.28780290751905
141.35	-64.28467780812308
141.4	-64.28180674830864
141.45	-64.28060656296849
141.5	-64.27957340087247
141.55	-64.28025255201425
141.6	-64.28063074011268
141.65	-64.28248165229311
141.7	-64.28391162764393
141.75	-64.28680249174835
141.8	-64.28923229611965
141.85	-64.2930579439468
141.9	-64.29636290895823
141.95	-64.30069878652102
142.0	-64.30427918710555
142.05	-64.30871890382325
142.1	-64.31261620346285
142.15	-64.31721448949409
142.2	-64.32123545736994
142.25	-64.32553905629128
142.3	-64.32919903052573
142.35	-64.33299145199199
142.4	-64.3361936638297
142.45	-64.3393331402805
142.5	-64.34191380366357
142.55	-64.3442082941993
142.6	-64.34586080328113
142.65	-64.34701158295087
142.7	-64.34742383817695
142.75	-64.3472059011158
142.8	-64.34612911443519
142.85	-64.34428412611805
142.9	-64.34150549405706
142.95	-64.33785992347941
143.0	-64.33314067882401
143.05	-64.3273760069768
143.1	-64.32051278996867
143.15	-64.31257080671377
143.2	-64.30348787007648
143.25	-64.29323210072474
143.3	-64.28175309368422
143.35	-64.26905348068529
143.4	-64.25516927206806
143.45	-64.24019155765657
143.5	-64.22421757759105
143.55	-64.20731368212324
143.6	-64.18960127056529
143.65	-64.17118537834307
143.7	-64.15211153606748
143.75	-64.13240898266619
143.8	-64.11209685752527
143.85	-64.09118192347006
143.9	-64.06961388400622
143.95	-64.04738863339112
144.0	-64.02467178477156
144.05	-64.00178604534261
144.1	-63.97906287901786
144.15	-63.956725229172775
144.2	-63.93482950838913
144.25	-63.913355460751376
144.3	-63.89231469655299
144.35	-63.87183158694148
144.4	-63.852081648154645
144.45	-63.833203262403195
144.5	-63.81534351802982
144.55	-63.798627301249944
144.6	-63.78313172260672
144.65	-63.768947769332385
144.7	-63.75613934724763
144.75	-63.74473606890359
144.8	-63.73482634463895
144.85	-63.726478353028895
144.9	-63.71976938674746
144.95	-63.71467664881328
145.0	-63.71122669631926
145.05	-63.70929154133138
145.1	-63.70892928416673
145.15	-63.709946971732634
145.2	-63.712405139000495
145.25	-63.716149462010485
145.3	-63.72110526937875
145.35	-63.72710972012825
145.4	-63.73404007056237
145.45	-63.74173474506546
145.5	-63.749981016129055
145.55	-63.758559046856206
145.6	-63.767308616173665
145.65	-63.776078420504135
145.7	-63.784751598933056
145.75	-63.793182626825015
145.8	-63.80127790471268
145.85	-63.809019465110104
145.9	-63.81633702210881
145.95	-63.82334863316895
146.0	-63.829873053708894
146.05	-63.836278221600814
146.1	-63.84216832495903
146.15	-63.84817892369213
146.2	-63.85366177935502
146.25	-63.859562270910416
146.3	-63.864990707129266
146.35	-63.87120023456273
146.4	-63.87715651112104
146.45	-63.884098440237736
146.5	-63.89094906962258
146.55	-63.898826274637855
146.6	-63.90678531267886
146.65	-63.915657603601346
146.7	-63.924723842887644
146.75	-63.93461873104626
146.8	-63.9449315124254
146.85	-63.955915263244876
146.9	-63.967303405737326
146.95	-63.97915311031904
147.0	-63.99131408849475
147.04999999999998	-64.00377574678795
147.10000000000002	-64.01641580157016
147.15	-64.02909786988205
147.2	-64.04158113935753
147.25	-64.05352997797752
147.29999999999998	-64.06462080995797
147.35000000000002	-64.07454635040469
147.4	-64.08312459872533
147.45	-64.09022817215639
147.5	-64.09567947512622
147.54999999999998	-64.09961967022842
147.60000000000002	-64.10156061737798
147.65	-64.10200454922608
147.7	-64.10023886370482
147.75	-64.09686282703987
147.79999999999998	-64.09144754767082
147.85000000000002	-64.08428046728946
147.9	-64.07525021132058
147.95	-64.06451145296043
148.0	-64.05201302688526
148.04999999999998	-64.03791409545056
148.10000000000002	-64.02232993075813
148.15	-64.0054252738405
148.2	-63.98721641307295
148.25	-63.967699585528926
148.29999999999998	-63.94689530793754
148.35000000000002	-63.92488747331166
148.4	-63.90176966467425
148.45	-63.87764511713898
148.5	-63.85262798127013
148.54999999999998	-63.82686741556621
148.60000000000002	-63.800466968365924
148.65	-63.773691298932555
148.7	-63.74698661124739
148.75	-63.72064259871816
148.79999999999998	-63.69477792814631
148.85000000000002	-63.669509278838156
148.9	-63.64491760446912
148.95	-63.621068291609376
149.0	-63.598004944935944
149.04999999999998	-63.575805776583536
149.10000000000002	-63.554528185250945
149.15	-63.53411369857807
149.2	-63.51451130238989
149.25	-63.49564634341114
149.29999999999998	-63.4774274329544
149.35000000000002	-63.45989754967415
149.4	-63.44309741319941
149.45	-63.4270099910843
149.5	-63.411574856191514
149.54999999999998	-63.39672242626099
149.60000000000002	-63.382357335637046
149.65	-63.36838714813799
149.7	-63.35467502647415
149.75	-63.34120183656656
149.79999999999998	-63.32800826762988
149.85000000000002	-63.31512130804637
149.9	-63.30247498023856
149.95	-63.29000968995889
150.0	-63.27769252013488
150.04999999999998	-63.26553546028862
150.10000000000002	-63.253491347800846
150.15	-63.241533671411545
150.2	-63.22960982491527
150.25	-63.217762930191824
150.29999999999998	-63.2060153051749
150.35000000000002	-63.19441299732351
150.4	-63.18305680986452
150.45	-63.17207872006475
150.5	-63.16160372043193
150.54999999999998	-63.15174515076896
150.60000000000002	-63.14256122960788
150.65	-63.13417739161362
150.7	-63.12666958089716
150.75	-63.120176573128255
150.79999999999998	-63.114633274825934
150.85000000000002	-63.1104325798575
150.9	-63.107131393497994
150.95	-63.10552238047306
151.0	-63.10470197076285
151.04999999999998	-63.105634613452594
151.10000000000002	-63.10741692770539
151.15	-63.1109598884332
151.2	-63.11542856054973
151.25	-63.12137011721707
151.29999999999998	-63.12826920868834
151.35000000000002	-63.13645327183916
151.4	-63.145684937159594
151.45	-63.15605771844485
151.5	-63.167444056602854
151.54999999999998	-63.17977217080467
151.60000000000002	-63.1928991703804
151.65	-63.20671566598467
151.7	-63.22112254748128
151.75	-63.23594233624824
151.79999999999998	-63.25095764908404
151.85000000000002	-63.26603740883944
151.9	-63.28107753418777
151.95	-63.295915788121164
152.0	-63.310344105649975
152.04999999999998	-63.32423926980965
152.10000000000002	-63.33757500958909
152.15	-63.3503322946756
152.2	-63.362425805773995
152.25	-63.37373161041131
152.29999999999998	-63.384134270448456
152.35000000000002	-63.393637173051346
152.4	-63.40223698482235
152.45	-63.40990009991228
152.5	-63.416546517070614
152.54999999999998	-63.42216392756822
152.60000000000002	-63.426754477664915
152.65	-63.43039708484576
152.7	-63.433079940718294
152.75	-63.4349007293956
152.79999999999998	-63.43587086927554
152.85000000000002	-63.43615221150259
152.9	-63.43575916493121
152.95	-63.43481354565715
153.0	-63.433385813990554
153.04999999999998	-63.43158614780667
153.10000000000002	-63.429515682628136
153.15	-63.427285967841144
153.2	-63.42498238109117
153.25	-63.42266424339015
153.29999999999998	-63.42040401164002
153.35	-63.41815647209329
153.4	-63.4161107242035
153.45000000000002	-63.414037311006894
153.5	-63.41223599172812
153.54999999999998	-63.41019723486016
153.6	-63.40823901557444
153.65	-63.405809745540154
153.70000000000002	-63.40325828117187
153.75	-63.400116802596706
153.79999999999998	-63.39667981625038
153.85	-63.39258171981635
153.9	-63.38796549636555
153.95000000000002	-63.38258521288551
154.0	-63.376502445664215
154.04999999999998	-63.3695838052876
154.1	-63.36189286252933
154.15	-63.353287959315296
154.20000000000002	-63.34376156110533
154.25	-63.333167558174296
154.29999999999998	-63.32158346215949
154.35	-63.30903419010697
154.4	-63.29557495968806
154.45000000000002	-63.28122958479
154.5	-63.26607916067921
154.54999999999998	-63.250088151981245
154.6	-63.23314899967941
154.65	-63.2151556050425
154.70000000000002	-63.196215943582686
154.75	-63.176507689543406
154.79999999999998	-63.15615716835894
154.85	-63.13527306631343
154.9	-63.11398281991469
154.95000000000002	-63.09242432253977
155.0	-63.0707302375486
155.04999999999998	-63.04907044135839
155.1	-63.02769535217659
155.15	-63.006899551618474
155.20000000000002	-62.98689680532874
155.25	-62.96769284456683
155.29999999999998	-62.9492431900848
155.35	-62.931605120080164
155.4	-62.9148621663722
155.45000000000002	-62.899075573234775
155.5	-62.884317408769114
155.54999999999998	-62.87065294192577
155.6	-62.85814728444663
155.65	-62.84677378772465
155.70000000000002	-62.836502960494514
155.75	-62.82734307864002
155.79999999999998	-62.819304105742795
155.85	-62.81231302192561
155.9	-62.80630982236276
155.95000000000002	-62.80117393447676
156.0	-62.796844499604575
156.04999999999998	-62.79320161694853
156.1	-62.79007942903763
156.15	-62.78748207542341
156.20000000000002	-62.78511767111549
156.25	-62.78313159880001
156.29999999999998	-62.781022166370704
156.35	-62.779039358100654
156.4	-62.77653639649654
156.45000000000002	-62.7738640659083
156.5	-62.770394974853275
156.54999999999998	-62.766537728584055
156.6	-62.76177855238001
156.65	-62.75641718630163
156.70000000000002	-62.750119658461095
156.75	-62.743045497421164
156.79999999999998	-62.73490711042564
156.85	-62.72583519270232
156.9	-62.71572112389208
156.95000000000002	-62.704665755667854
157.0	-62.69247555268291
157.04999999999998	-62.67922501986035
157.1	-62.664724679292846
157.15	-62.648957278891075
157.20000000000002	-62.63191473164149
157.25	-62.6136473260906
157.29999999999998	-62.59413926039226
157.35	-62.57344145135528
157.4	-62.55161402746124
157.45000000000002	-62.52873937954085
157.5	-62.50485502672069
157.54999999999998	-62.47990904939751
157.6	-62.45382538544996
157.65	-62.42683418784999
157.70000000000002	-62.39939315697678
157.75	-62.37178003856927
157.79999999999998	-62.344126205281874
157.85	-62.31660340957353
157.9	-62.2894349116292
157.95000000000002	-62.2628439947578
158.0	-62.23699321168987
158.04999999999998	-62.21194990131588
158.1	-62.18789093447042
158.15	-62.16500195089695
158.20000000000002	-62.14329765619918
158.25	-62.122671792554016
158.29999999999998	-62.10304048954561
158.35	-62.08448114083869
158.4	-62.06715095060211
158.45000000000002	-62.05109405043786
158.5	-62.036287917181056
158.54999999999998	-62.02247706286388
158.6	-62.00976337856545
158.65	-61.99758312293952
158.70000000000002	-61.98633099241871
158.75	-61.97515501941051
158.79999999999998	-61.96471827654493
158.85	-61.954029725169974
158.9	-61.94383212884165
158.95000000000002	-61.933200280511194
159.0	-61.92272003780174
159.04999999999998	-61.91173669115498
159.1	-61.900618740206774
159.15	-61.88892023340301
159.20000000000002	-61.87682862844542
159.25	-61.86405408276403
159.3	-61.85066125152889
159.35	-61.83655744803434
159.39999999999998	-61.82181047417389
159.45000000000002	-61.806476432024205
159.5	-61.79064112620988
159.55	-61.774341597130515
159.6	-61.7576278810712
159.64999999999998	-61.74062981999043
159.70000000000002	-61.723519287246475
159.75	-61.70649465417898
159.8	-61.68977848633185
159.85	-61.67350183089742
159.89999999999998	-61.65775364430094
159.95000000000002	-61.64266914788126
160.0	-61.628326965616694
160.05	-61.61491157963552
160.1	-61.60239341502562
160.14999999999998	-61.591038417137725
160.20000000000002	-61.580556730676804
160.25	-61.5713629314687
160.3	-61.56288559500686
160.35	-61.55574362520517
160.39999999999998	-61.549343759237686
160.45000000000002	-61.54460439876356
160.5	-61.54072093995092
160.55	-61.53868163275574
160.6	-61.53724887342277
160.64999999999998	-61.537276819274375
160.70000000000002	-61.5377479705799
160.75	-61.53919635927111
160.8	-61.54086710498433
160.85	-61.54291388996859
160.89999999999998	-61.54494376825285
160.95000000000002	-61.547015139492174
161.0	-61.548848425632706
161.05	-61.55047219055178
161.1	-61.55156916405498
161.14999999999998	-61.55227647300862
161.20000000000002	-61.55220830042181
161.25	-61.551572069270996
161.3	-61.549943429032304
161.35	-61.54756414886205
161.39999999999998	-61.544151316234334
161.45000000000002	-61.53986030697202
161.5	-61.53453630189605
161.55	-61.52826888678751
161.6	-61.520994254021005
161.64999999999998	-61.51281766094371
161.70000000000002	-61.50374314488491
161.75	-61.49385048047414
161.8	-61.48311141913702
161.85	-61.47159225685027
161.89999999999998	-61.45935399677095
161.95000000000002	-61.446483009218625
162.0	-61.43303418964892
162.05	-61.419041820007735
162.1	-61.40452931153112
162.14999999999998	-61.38957587445468
162.20000000000002	-61.37427447994266
162.25	-61.358747700426775
162.3	-61.34306861699953
162.35	-61.32730461122674
162.39999999999998	-61.31161449564556
162.45000000000002	-61.29607096772513
162.5	-61.2806443532792
162.55	-61.26530983201311
162.6	-61.250053646925835
162.64999999999998	-61.23488730081569
162.70000000000002	-61.21978318658462
162.75	-61.20472538538952
162.8	-61.18969129030084
162.85	-61.174616070597
162.89999999999998	-61.15945613540674
162.95000000000002	-61.14422930201887
163.0	-61.12895408964368
163.05	-61.11368147426905
163.1	-61.09848023153039
163.14999999999998	-61.08342071016591
163.20000000000002	-61.06861249132522
163.25	-61.0541117274857
163.3	-61.03994047995426
163.35	-61.026125258825985
163.39999999999998	-61.01276254628411
163.45000000000002	-61.000022303468874
163.5	-60.98807534577812
163.55	-60.97704558284
163.6	-60.96694850359188
163.64999999999998	-60.95776622045585
163.70000000000002	-60.949540935583826
163.75	-60.942141790222706
163.8	-60.935699089178684
163.85	-60.9297700955501
163.89999999999998	-60.92473851305584
163.95000000000002	-60.919992927562234
164.0	-60.91598528581481
164.05	-60.91203409851036
164.1	-60.90851466106396
164.14999999999998	-60.904948181095236
164.20000000000002	-60.90152363786323
164.25	-60.89812380617422
164.3	-60.894680803467665
164.35	-60.89130896521197
164.39999999999998	-60.887892374210196
164.45000000000002	-60.88459526493124
164.5	-60.8813383468194
164.55	-60.87834203425939
164.6	-60.875526447943344
164.64999999999998	-60.87337100203459
164.70000000000002	-60.871532808678836
164.75	-60.870750289149086
164.8	-60.87036769126796
164.85	-60.8712325385601
164.89999999999998	-60.872590615148496
164.95000000000002	-60.87516353307136
165.0	-60.87827103819576
165.05	-60.882380536759044
165.1	-60.88711025703398
165.14999999999998	-60.89249795900993
165.20000000000002	-60.898383072101836
165.25	-60.9046852476323
165.3	-60.91122141149487
165.35	-60.917761826239584
165.39999999999998	-60.92410877262313
165.45000000000002	-60.930115293987505
165.5	-60.93559108460218
165.55	-60.940351437498606
165.6	-60.94413674560442
165.65	-60.947086062804146
165.7	-60.948544390013765
165.75	-60.94912187239961
165.8	-60.94791573351115
165.85	-60.945686805355045
165.9	-60.94161355974012
165.95	-60.93642999947762
166.0	-60.92958116350487
166.05	-60.92148080784408
166.1	-60.91186023866874
166.15	-60.90098889383863
166.2	-60.88869047554937
166.25	-60.8751038714656
166.3	-60.86012950774287
166.35	-60.8438576199843
166.4	-60.82639483699993
166.45	-60.80795044403344
166.5	-60.78871873180198
166.55	-60.76885361410929
166.6	-60.74846294649279
166.65	-60.7276284580668
166.7	-60.70659193708778
166.75	-60.68574450494759
166.8	-60.665402938555445
166.85	-60.64576948465478
166.9	-60.6269990521338
166.95	-60.609268146209885
167.0	-60.59266795072695
167.05	-60.57732517684522
167.1	-60.56329280061133
167.15	-60.55049844815398
167.2	-60.53916375128394
167.25	-60.52861240310261
167.3	-60.519623161465006
167.35	-60.510949270730485
167.4	-60.50381038774837
167.45	-60.49666605982118
167.5	-60.49111349356525
167.55	-60.485366298247655
167.6	-60.48126015321283
167.65	-60.47642615619655
167.7	-60.47293489214061
167.75	-60.468735705610186
167.8	-60.466289176492836
167.85	-60.46277527553351
167.9	-60.46062658831296
167.95	-60.45697185159977
168.0	-60.454638320570794
168.05	-60.450840939006326
168.1	-60.448404914775054
168.15	-60.444542667953165
168.2	-60.4420282990951
168.25	-60.437843447590275
168.3	-60.43442531497651
168.35	-60.4291642300946
168.4	-60.424340537681275
168.45	-60.41799554489222
168.5	-60.41198986331821
168.55	-60.40505135639852
168.6	-60.39835132414825
168.65	-60.39120412021319
168.7	-60.38413929701656
168.75	-60.37709013370292
168.8	-60.37024519846925
168.85	-60.3638049029948
168.9	-60.35798386084423
168.95	-60.35296012202586
169.0	-60.3489221295003
169.05	-60.34606853568695
169.1	-60.34458944445723
169.15	-60.34463447033309
169.2	-60.34629882970704
169.25	-60.34977375139216
169.3	-60.35515064716736
169.35	-60.362587640996445
169.4	-60.372143045446805
169.45	-60.38399706544065
169.5	-60.39824910577479
169.55	-60.41490302260624
169.6	-60.4339201288271
169.65	-60.45531733075652
169.7	-60.47915120573339
169.75	-60.50536220464408
169.8	-60.53368922326421
169.85	-60.56373130175792
169.9	-60.59502852746361
169.95	-60.62728320416351
170.0	-60.660086046655465
170.05	-60.692939481136406
170.1	-60.7253954978014
170.15	-60.75700929888958
170.2	-60.78737373833214
170.25	-60.81608652956271
170.3	-60.84278774598798
170.35	-60.86728974200163
170.4	-60.88948839875074
170.45	-60.909212486667144
170.5	-60.92627055449541
170.55	-60.9404556194593
170.6	-60.9516033260453
170.65	-60.959612623593586
170.7	-60.964427891935294
170.75	-60.96607535694255
170.8	-60.96451069966038
170.85	-60.95973666931256
170.9	-60.95159494700698
170.95	-60.93997718425531
171.0	-60.92477700838921
171.05	-60.90596429132657
171.1	-60.88356381375638
171.15	-60.85761474419548
171.2	-60.828094436971384
171.25	-60.79513697833879
171.3	-60.75908211123463
171.35	-60.720322356043404
171.4	-60.679175578594155
171.45	-60.63591462820961
171.5	-60.59096484626801
171.55	-60.54466511671306
171.6	-60.49707781851859
171.65	-60.448369992696044
171.7	-60.39902147454286
171.75	-60.3496397966514
171.8	-60.30095719933154
171.85	-60.253375772809235
171.9	-60.2071186065336
171.95	-60.162430206228144
172.0	-60.11959043915829
172.05	-60.07912979365743
172.1	-60.041420330198335
172.15	-60.00653229924639
172.2	-59.97443008157127
172.25	-59.94510438526139
172.3	-59.918622449604015
172.35	-59.894918147675114
172.4	-59.873803886541495
172.45	-59.8551165349401
172.5	-59.838520135516035
172.55	-59.82412011949718
172.6	-59.8112379397909
172.65	-59.800464682536386
172.7	-59.790630529670096
172.75	-59.78309158643681
172.8	-59.77595570237623
172.85	-59.77101124446476
172.9	-59.76570317686032
172.95	-59.76227259483716
173.0	-59.758170501548214
173.05	-59.75602286149109
173.1	-59.75271660508254
173.15	-59.75055590090525
173.2	-59.74675181723268
173.25	-59.7440350799827
173.3	-59.73967128036336
173.35	-59.736040658371536
173.4	-59.730730196852306
173.45	-59.725836129015335
173.5	-59.71948546563129
173.55	-59.713151487142206
173.6	-59.70593522041864
173.65	-59.698622969011666
173.7	-59.69119935590241
173.75	-59.68379742388363
173.8	-59.6766171384155
173.85	-59.66985759558082
173.9	-59.6637841688066
173.95	-59.658605965898985
174.0	-59.65454544496173
174.05	-59.6517512697822
174.1	-59.650298598641555
174.15	-59.65021818188394
174.2	-59.65151844592873
174.25	-59.654233762203425
174.3	-59.65836929603751
174.35	-59.663875374437836
174.4	-59.67063406254314
174.45	-59.67847578147279
174.5	-59.687196519834615
174.55	-59.69651972517576
174.6	-59.706077941151804
174.65	-59.715476093320945
174.7	-59.72437074145407
174.75	-59.73248728992274
174.8	-59.73958681385912
174.85	-59.745432911870566
174.9	-59.749845002741864
174.95	-59.75260330474737
175.0	-59.753598388828294
175.05	-59.75260934342387
175.1	-59.74959409229362
175.15	-59.744314806500945
175.2	-59.7367373390849
175.25	-59.726763635026956
175.3	-59.71440753745149
175.35	-59.699618816297345
175.4	-59.68238175014989
175.45	-59.66265680109299
175.5	-59.64038183285088
175.55	-59.61556964732721
175.6	-59.58829223668729
175.65	-59.55866965976572
175.7	-59.527068165975166
175.75	-59.4939254572064
175.8	-59.45957325199184
175.85	-59.424377810747814
175.9	-59.38884306837684
175.95	-59.353402290470235
176.0	-59.318388290968365
176.05	-59.28414642557878
176.1	-59.250933987513385
176.15	-59.21883204645808
176.2	-59.188004563607095
176.25	-59.15856967908341
176.3	-59.13059869803709
176.35	-59.104234596660305
176.4	-59.07953255820462
176.45	-59.05652056188606
176.5	-59.03512331696418
176.55	-59.01522537544791
176.6	-58.99677882235878
176.65	-58.97974089550665
176.7	-58.964091125523254
176.75	-58.949819264840436
176.8	-58.936840577957106
176.85	-58.92506293045421
176.9	-58.91418232463313
176.95	-58.9041562782559
177.0	-58.894545164465484
177.05	-58.885591458362555
177.1	-58.8764824016108
177.15	-58.86780616896304
177.2	-58.85853250023956
177.25	-58.84960090864761
177.3	-58.839598109794004
177.35	-58.82959484699015
177.4	-58.818025920778595
177.45	-58.80577369555495
177.5	-58.79202926373658
177.55	-58.77703721703253
177.6	-58.76074990027786
177.65	-58.74325073144411
177.7	-58.72484928371293
177.75	-58.705733079544686
177.8	-58.68610956438019
177.85	-58.66632997271613
177.9	-58.64693566643249
177.95	-58.6283845725156
178.0	-58.611099665191205
178.05	-58.59558019184733
178.1	-58.58223400857065
178.15	-58.571320018443586
178.2	-58.563019107805054
178.25	-58.5574178792363
178.29999999999998	-58.55452398154022
178.35000000000002	-58.55431864703614
178.4	-58.556810870195235
178.45	-58.562015986363505
178.5	-58.56991945780459
178.54999999999998	-58.58046934633248
178.60000000000002	-58.593494820162064
178.65	-58.60873272326164
178.7	-58.62594854995599
178.75	-58.64491272803828
178.79999999999998	-58.66528249195538
178.85000000000002	-58.686453187752036
178.9	-58.707681275297745
178.95	-58.72830405203211
179.0	-58.74783133932149
179.04999999999998	-58.76590187776942
179.10000000000002	-58.78214638338748
179.15	-58.796214560498996
179.2	-58.80793362917048
179.25	-58.81723051651407
179.29999999999998	-58.824034105254476
179.35000000000002	-58.82831530051164
179.4	-58.83005628187245
179.45	-58.8292155389222
179.5	-58.82572686345863
179.54999999999998	-58.81954846135979
179.60000000000002	-58.810689037703796
179.65	-58.79917042015134
179.7	-58.78502458443165
179.75	-58.768338575161465
179.79999999999998	-58.74925697747291
179.85000000000002	-58.72794672586897
179.9	-58.70453285628413
179.95	-58.67922625595919
180.0	-58.652346664572256
180.04999999999998	-58.6241815507716
180.10000000000002	-58.59492960313747
180.15	-58.564609070362906
180.2	-58.533312746950564
180.25	-58.50137536252028
180.29999999999998	-58.4691368055973
180.35000000000002	-58.43677176496743
180.4	-58.40442065709928
180.45	-58.372251486523325
180.5	-58.34050727748939
180.54999999999998	-58.30937896404346
180.60000000000002	-58.27890596787381
180.65	-58.249069897392886
180.7	-58.219831597560926
180.75	-58.19119004262738
180.79999999999998	-58.16316897337623
180.85000000000002	-58.13592688943905
180.9	-58.10965189201899
180.95	-58.084411367307865
181.0	-58.06023270653374
181.04999999999998	-58.03714867311399
181.10000000000002	-58.01508702103004
181.15	-57.99384671222702
181.2	-57.97323430953591
181.25	-57.953230993995106
181.29999999999998	-57.93396997180059
181.35000000000002	-57.915497119038186
181.4	-57.89772534825981
181.45	-57.880554773581025
181.5	-57.863964264597925
181.54999999999998	-57.84800501547448
181.60000000000002	-57.832702934005084
181.65	-57.818006335566366
181.7	-57.80384232936251
181.75	-57.79011575530629
181.79999999999998	-57.77681563316811
181.85000000000002	-57.763933493780215
181.9	-57.7513939141202
181.95	-57.739045899272284
182.0	-57.72686309099473
182.04999999999998	-57.71482541231909
182.10000000000002	-57.70293945670038
182.15	-57.691119448445505
182.2	-57.67942181781727
182.25	-57.66778549847908
182.29999999999998	-57.65624360723585
182.35000000000002	-57.64462176559045
182.4	-57.63293635969251
182.45	-57.6211668354336
182.5	-57.609424489922645
182.54999999999998	-57.597802089736035
182.60000000000002	-57.586452377106106
182.65	-57.575526848822605
182.7	-57.56517861023725
182.75	-57.55553921977359
182.79999999999998	-57.54679518064894
182.85000000000002	-57.53916785590134
182.9	-57.53283529311463
182.95	-57.52793991458469
183.0	-57.52461717401697
183.04999999999998	-57.52295882913744
183.10000000000002	-57.52300655962452
183.15	-57.524783291398634
183.2	-57.528337908184284
183.25	-57.53374608815028
183.29999999999998	-57.54108036096771
183.35000000000002	-57.55037694016059
183.4	-57.56159105765403
183.45	-57.574584112436625
183.5	-57.589144181984565
183.54999999999998	-57.60498089642245
183.60000000000002	-57.621747830671666
183.65	-57.639087146634665
183.7	-57.65669887510591
183.75	-57.674421123406354
183.79999999999998	-57.69207509709758
183.85000000000002	-57.709430222089935
183.9	-57.7262126925163
183.95	-57.74211050069225
184.0	-57.7568708757742
184.04999999999998	-57.77029590727007
184.10000000000002	-57.78214231229368
184.15	-57.79220995221771
184.2	-57.800367690605896
184.25	-57.806520869788
184.29999999999998	-57.810562218885195
184.35000000000002	-57.81248932897745
184.4	-57.812214651294084
184.45	-57.80984050486345
184.5	-57.80524145344778
184.54999999999998	-57.79849828637768
184.6	-57.78955597945594
184.65	-57.77848328939601
184.70000000000002	-57.76527882642418
184.75	-57.749999320485244
184.79999999999998	-57.73282194303622
184.85	-57.714014590302945
184.9	-57.69394166237285
184.95000000000002	-57.673029298582605
185.0	-57.65162926574554
185.04999999999998	-57.6301291738047
185.1	-57.60889666241927
185.15	-57.58813107643514
185.20000000000002	-57.56802323435811
185.25	-57.54877372008644
185.29999999999998	-57.53055605584352
185.35	-57.51351058579938
185.4	-57.49773774091646
185.45000000000002	-57.48332326359751
185.5	-57.47029847492989
185.54999999999998	-57.458763060798574
185.6	-57.44875395290261
185.65	-57.44043707389457
185.70000000000002	-57.43356954734463
185.75	-57.42852515181819
185.79999999999998	-57.42472730440721
185.85	-57.42280738226511
185.9	-57.422014307402684
185.95000000000002	-57.423105260728036
186.0	-57.42534531543148
186.04999999999998	-57.42948118877531
186.1	-57.43484472411292
186.15	-57.44184758482407
186.20000000000002	-57.45009842062636
186.25	-57.459791633658824
186.29999999999998	-57.47071617404813
186.35	-57.48291556396926
186.4	-57.49629811177826
186.45000000000002	-57.51073902830724
186.5	-57.52604748806463
186.54999999999998	-57.54202548724655
186.6	-57.55851288523169
186.65	-57.57534254627314
186.70000000000002	-57.59232814255479
186.75	-57.6093205709405
186.79999999999998	-57.62606126953118
186.85	-57.64214077457131
186.9	-57.65725156684783
186.95000000000002	-57.671237518343546
187.0	-57.684073267755544
187.04999999999998	-57.69577788392444
187.1	-57.70625344255889
187.15	-57.715598622275266
187.20000000000002	-57.72362527287244
187.25	-57.73072095891048
187.29999999999998	-57.73636504189367
187.35	-57.74129580504862
187.4	-57.744497098423494
187.45000000000002	-57.74699592312661
187.5	-57.7476501853769
187.54999999999998	-57.74801254066078
187.6	-57.74699291098683
187.65	-57.74605930891585
187.70000000000002	-57.74408632950135
187.75	-57.74248640747845
187.79999999999998	-57.73990504744917
187.85	-57.737685992151775
187.9	-57.734569523979644
187.95000000000002	-57.73192749293844
188.0	-57.72832222713704
188.04999999999998	-57.72490038631357
188.1	-57.72028101009121
188.15	-57.715452577197695
188.20000000000002	-57.70952889101008
188.25	-57.703230631756696
188.29999999999998	-57.6960775549037
188.35	-57.688302356605845
188.4	-57.67966175074285
188.45000000000002	-57.67018497978207
188.5	-57.659872891550336
188.54999999999998	-57.64870315954825
188.6	-57.63669897385812
188.65	-57.62394710871861
188.70000000000002	-57.6105251993078
188.75	-57.59644556579697
188.79999999999998	-57.5816440081771
188.85	-57.566110081004936
188.9	-57.5497878184923
188.95000000000002	-57.53264165921825
189.0	-57.5146925169924
189.04999999999998	-57.49605851600661
189.1	-57.4766973242251
189.15	-57.45635208823617
189.20000000000002	-57.43488670680167
189.25	-57.41237840292567
189.29999999999998	-57.38890620300343
189.35	-57.36456448173651
189.4	-57.339425961761535
189.45000000000002	-57.3135677278097
189.5	-57.28710178498115
189.54999999999998	-57.26004196427283
189.6	-57.23253831313967
189.65	-57.20484721715877
189.70000000000002	-57.177057124275905
189.75	-57.14918871817481
189.79999999999998	-57.12133019739575
189.85	-57.09362338082034
189.9	-57.06620450084749
189.95000000000002	-57.03916832500917
190.0	-57.012674187235625
190.04999999999998	-56.98704506724519
190.1	-56.96256425974277
190.15	-56.939397198806034
190.20000000000002	-56.917571407943754
190.25	-56.89712340529364
190.29999999999998	-56.878183162500754
190.35	-56.860960655241996
190.4	-56.845617834951724
190.45000000000002	-56.83217017372523
190.5	-56.82061387315722
190.55	-56.810999812855854
190.6	-56.80336611395576
190.64999999999998	-56.79769764991896
190.70000000000002	-56.79395775490854
190.75	-56.79204943200631
190.8	-56.791840928178644
190.85	-56.79319378599703
190.89999999999998	-56.795974757018
190.95000000000002	-56.80001116953119
191.0	-56.805093380259265
191.05	-56.81098431406329
191.1	-56.817413268644465
191.14999999999998	-56.82406120648007
191.20000000000002	-56.83060865637199
191.25	-56.8367855806522
191.3	-56.84234570649262
191.35	-56.847052436918034
191.39999999999998	-56.85068818003763
191.45000000000002	-56.85311657061639
191.5	-56.85428587778239
191.55	-56.85418016587024
191.6	-56.85279720295648
191.64999999999998	-56.85014944329892
191.70000000000002	-56.84629913795731
191.75	-56.8413729725942
191.8	-56.83554015056607
191.85	-56.82901988168824
191.89999999999998	-56.822088235773165
191.95000000000002	-56.815012876504554
192.0	-56.80803957404726
192.05	-56.80138119700065
192.1	-56.79524331274435
192.14999999999998	-56.78980391829629
192.20000000000002	-56.785162518065356
192.25	-56.78141819942414
192.3	-56.77858255349648
192.35	-56.776710371697845
192.39999999999998	-56.775699351100336
192.45000000000002	-56.77556280802892
192.5	-56.77617233156272
192.55	-56.77743969663172
192.6	-56.77921082502295
192.64999999999998	-56.78130085237091
192.70000000000002	-56.78349054793245
192.75	-56.78555576144222
192.8	-56.78727692388098
192.85	-56.788436348144316
192.89999999999998	-56.78885369934101
192.95000000000002	-56.788312433393074
193.0	-56.786680469955726
193.05	-56.783722324031544
193.1	-56.779349849683086
193.14999999999998	-56.77335941540977
193.20000000000002	-56.76566137580626
193.25	-56.75608834483001
193.3	-56.744579311916084
193.35	-56.73105006541677
193.39999999999998	-56.71548819025037
193.45000000000002	-56.69785780521963
193.5	-56.678139459847
193.55	-56.656402326749074
193.6	-56.63279669441067
193.64999999999998	-56.607476653312425
193.70000000000002	-56.58051106837944
193.75	-56.55192089438069
193.8	-56.521793012526814
193.85	-56.4902782752098
193.89999999999998	-56.457743721194575
193.95000000000002	-56.424873020360536
194.0	-56.392354485828605
194.05	-56.360724485983454
194.1	-56.330296577834275
194.14999999999998	-56.30114142467449
194.20000000000002	-56.27324715681175
194.25	-56.246659755601726
194.3	-56.22142086153864
194.35	-56.19754668907332
194.39999999999998	-56.174989509673935
194.45000000000002	-56.15367071068063
194.5	-56.13350918625373
194.55	-56.11443687448116
194.6	-56.09642395585482
194.64999999999998	-56.07948672708287
194.70000000000002	-56.063542974600324
194.75	-56.04848686993365
194.8	-56.03415833334449
194.85	-56.02055779630314
194.89999999999998	-56.007655906171685
194.95000000000002	-55.99541979782636
195.0	-55.98368084290285
195.05	-55.97240224410072
195.1	-55.96140925117445
195.14999999999998	-55.950692827180006
195.20000000000002	-55.94002235434813
195.25	-55.92944907372001
195.3	-55.91885278144013
195.35	-55.90828801280264
195.39999999999998	-55.89751104058013
195.45000000000002	-55.88645770468267
195.5	-55.875033631264515
195.55	-55.86330837631759
195.6	-55.85128021220646
195.64999999999998	-55.83900210014779
195.70000000000002	-55.82646359822412
195.75	-55.81365837334043
195.8	-55.80056569652635
195.85	-55.78723123786226
195.89999999999998	-55.77376216637908
195.95000000000002	-55.760245533843346
196.0	-55.74679011300093
196.05	-55.73352086809285
196.1	-55.72052027466016
196.14999999999998	-55.707943939634205
196.20000000000002	-55.69595617454957
196.25	-55.68466299881075
196.3	-55.674168878152
196.35	-55.66459776123555
196.39999999999998	-55.65600727429918
196.45000000000002	-55.64847093899523
196.5	-55.642018062318606
196.55	-55.6367754065168
196.6	-55.63275137042258
196.64999999999998	-55.63001283812654
196.70000000000002	-55.62841194278444
196.75	-55.62805847850246
196.8	-55.628667256449
196.85	-55.63033009540757
196.9	-55.63278811126365
196.95	-55.635978997549266
197.0	-55.639698532976254
197.05	-55.643744583948106
197.1	-55.647832053282755
197.15	-55.651626814018805
197.2	-55.6548477908744
197.25	-55.65726407664795
197.3	-55.65867033826328
197.35	-55.65890082224126
197.4	-55.65779937716968
197.45	-55.65520727480265
197.5	-55.65094883178048
197.55	-55.644883087332914
197.6	-55.63691835256475
197.65	-55.62700567723946
197.7	-55.61508779460132
197.75	-55.60110514198349
197.8	-55.5850704532726
197.85	-55.56707170604809
197.9	-55.54718473834383
197.95	-55.52542877008372
198.0	-55.50186035734151
198.05	-55.476563407970936
198.1	-55.44965817703968
198.15	-55.42121752838218
198.2	-55.39124916745279
198.25	-55.35992763465815
198.3	-55.327671815483086
198.35	-55.29477538731861
198.4	-55.26122120129551
198.45	-55.2269282308505
198.5	-55.1921461353474
198.55	-55.15736999226441
198.6	-55.12292341235453
198.65	-55.08895438378147
198.7	-55.05539139244954
198.75	-55.02214939554803
198.8	-54.98924525773015
198.85	-54.95679377724379
198.9	-54.924891767610404
198.95	-54.89345575814235
199.0	-54.862416556860296
199.05	-54.831780399893766
199.1	-54.80156884763602
199.15	-54.771733262690915
199.2	-54.74218923240859
199.25	-54.712942076532045
199.3	-54.68411606370172
199.35	-54.655802813012215
199.4	-54.628047771008305
199.45	-54.600866925603725
199.5	-54.57427312239057
199.55	-54.54839836672306
199.6	-54.52330718516811
199.65	-54.498944618488096
199.7	-54.475309109377434
199.75	-54.45245025972338
199.8	-54.4304493705755
199.85	-54.40930345896449
199.9	-54.38897809649952
199.95	-54.369464589471086
200.0	-54.35069662916648
200.05	-54.3325679595994
200.1	-54.31501815201321
200.15	-54.298018406251295
200.2	-54.281551147875945
200.25	-54.26554776230236
200.3	-54.249972905609596
200.35	-54.23486664078813
200.4	-54.22029001627012
200.45	-54.20629630954846
200.5	-54.19292650217412
200.55	-54.18025623015912
200.6	-54.168371867844286
200.65	-54.15732238058919
200.7	-54.14715378708085
200.75	-54.137918984037825
200.8	-54.1296108367696
200.85	-54.122341300289776
200.9	-54.11613598973896
200.95	-54.11109853098919
201.0	-54.10706953268803
201.05	-54.10424382590717
201.1	-54.10234990585618
201.15	-54.1017148119791
201.2	-54.101879925274915
201.25	-54.10316088271956
201.3	-54.105137181885254
201.35	-54.10791671941443
201.4	-54.111230302440575
201.45	-54.115006314141134
201.5	-54.119036931316955
201.55	-54.12314586907647
201.6	-54.12711731893755
201.65	-54.130738763730605
201.7	-54.133802285489324
201.75	-54.1360905261881
201.8	-54.13747108280292
201.85	-54.13767988786586
201.9	-54.13678087692598
201.95	-54.13436935790388
202.0	-54.13058985883412
202.05	-54.12511314498907
202.1	-54.11799209094748
202.15	-54.1090715015724
202.2	-54.09839449126761
202.25	-54.0859324645502
202.3	-54.07177732373647
202.35	-54.056009673542505
202.4	-54.03866456338247
202.45	-54.01967599033577
202.5	-53.99901601572291
202.55	-53.97690489611738
202.6	-53.9536342056914
202.65	-53.9294008131223
202.7	-53.90432653073173
202.75	-53.87844158548798
202.8	-53.851897510177736
202.85	-53.82491429606969
202.9	-53.79778002387035
202.95	-53.7708219154974
203.0	-53.74433610540811
203.05	-53.71863989668056
203.1	-53.69390838467936
203.15	-53.67009461483504
203.2	-53.6471792014364
203.25	-53.62513753044378
203.3	-53.60401072308616
203.35	-53.58389729493335
203.4	-53.564810255948366
203.45	-53.54654802741024
203.5	-53.5289904698923
203.55	-53.51181569778579
203.6	-53.49502018368085
203.65	-53.47838636904473
203.7	-53.46185540894797
203.75	-53.44525878187937
203.8	-53.42859114924476
203.85	-53.411803370280424
203.9	-53.394859855713165
203.95	-53.37757614334521
204.0	-53.35988260889627
204.05	-53.34160779084483
204.1	-53.32265487904105
204.15	-53.302768828284144
204.2	-53.28186318913016
204.25	-53.25973188782966
204.3	-53.23622796626246
204.35	-53.21119506133453
204.4	-53.18445623619153
204.45	-53.15573540617034
204.5	-53.12487124479553
204.55	-53.09183201131459
204.6	-53.05667385570969
204.65	-53.019564412129434
204.7	-52.98054672245944
204.75	-52.939501392362956
204.8	-52.896142936883685
204.85	-52.85042959796939
204.9	-52.80239397028835
204.95	-52.751665545676765
205.0	-52.6978466860008
205.05	-52.64105661532177
205.1	-52.58165165471825
205.15	-52.520170014754235
205.2	-52.45695081835397
205.25	-52.39176684795865
205.3	-52.324629029363045
205.35	-52.25596020127196
205.4	-52.18614977567708
205.45	-52.115151453996134
205.5	-52.042762118676904
205.55	-51.96913016877782
205.6	-51.89437358952328
205.65	-51.818394904708796
205.7	-51.741366417376376
205.75	-51.66343907616651
205.8	-51.58459903651415
205.85	-51.50446517852636
205.9	-51.422761456158945
205.95	-51.33969278310025
206.0	-51.25498439622936
206.05	-51.16804485079868
206.1	-51.07850285456834
206.15	-50.98587538374782
206.2	-50.889391262998515
206.25	-50.78773049338123
206.3	-50.67972146103695
206.35	-50.564995158256366
206.4	-50.443334404843355
206.45	-50.31416660699617
206.5	-50.17624203855898
206.55	-50.02872677955277
206.6	-49.87105716486285
206.65	-49.702211205495146
206.7	-49.52053896160746
206.75	-49.323713316985035
206.8	-49.109151143591966
206.85	-48.876821356925234
206.9	-48.62811236265875
206.95	-48.36371210101435
207.0	-48.08304842114964
207.05	-47.7838091270864
207.1	-47.463600989414545
207.15	-47.118409816203354
207.2	-46.74650051747976
207.25	-46.349906562062806
207.3	-45.934598396480354
207.35	-45.505537748010255
207.4	-45.054632284240476
207.45	-44.56766811506671
207.5	-44.03948951775865
207.55	-43.46445455576251
207.6	-42.84491774642886
207.65	-42.19779421605891
207.7	-41.53706143750355
207.75	-40.85844715315046
207.8	-40.119850724670926
207.85	-39.29699463398849
207.9	-38.40735471317299
207.95	-37.4584234544067
208.0	-36.46621723471364
208.05	-35.44146753549467
208.1	-34.353080962446654
208.15	-33.19892415744495
208.2	-31.95276679644192
208.25	-30.58460840044716
208.3	-29.120154466187074
208.35	-27.606226203455822
208.4	-26.116753062850883
208.45	-24.644422270941767
208.5	-23.10522067922153
208.55	-21.512436845248004
208.6	-19.952027074042427
208.65	-18.476190975880293
208.7	-17.06992987001346
208.75	-15.622662900895339
208.8	-14.138449938788302
208.85	-12.702813852322615
208.9	-11.37251684049634
208.95	-10.172932622916978
209.0	-9.072729585464323
209.05	-8.060043149837318
209.1	-7.107070535785224
209.15	-6.190152432034326
209.2	-5.337228135963077
209.25	-4.563444238198821
209.3	-3.8553409861985264
209.35	-3.1925989195941975
209.4	-2.5668256591107306
209.45	-1.9870984737767223
209.5	-1.4430213424117027
209.54999999999998	-0.9154944407774326
209.60000000000002	-0.4150848568646811
209.65	0.041628677609384435
209.7	0.4575158954159708
209.75	0.844900013870426
209.79999999999998	1.2149914922883769
209.85000000000002	1.5727183089571757
209.9	1.918636888155902
209.95	2.2525672525594764
210.0	2.572785984809393
210.04999999999998	2.8768731244627013
210.10000000000002	3.1604524674615107
210.15	3.4249492420820182
210.2	3.6746773975388667
210.25	3.911467100646803
210.29999999999998	4.136198556579408
210.35000000000002	4.348736889972644
210.4	4.547662533304913
210.45	4.733914107711893
210.5	4.908921042305316
210.54999999999998	5.073483146831593
210.60000000000002	5.228134485130234
210.65	5.373241635431675
210.7	5.509787989090345
210.75	5.638951595060167
210.79999999999998	5.762570882486282
210.85000000000002	5.882208548246171
210.9	5.99811854098606
210.95	6.109923068287612
211.0	6.217658554076856
211.04999999999998	6.3212845191852
211.10000000000002	6.42085814690485
211.15	6.51619027529869
211.2	6.607389992959501
211.25	6.695242880956207
211.29999999999998	6.780276378960339
211.35000000000002	6.862776574936575
211.4	6.943210965296223
211.45	7.0225603934737535
211.5	7.101871430649612
211.54999999999998	7.181450083742533
211.60000000000002	7.261097674741356
211.65	7.34063597691443
211.7	7.420154981875326
211.75	7.49993773820664
211.79999999999998	7.580080211465196
211.85000000000002	7.6605166696214635
211.9	7.740656649448086
211.95	7.819524988561117
212.0	7.896489437336633
212.04999999999998	7.971061690774313
212.10000000000002	8.04254300373365
212.15	8.110313670782524
212.2	8.17382883904696
212.25	8.232813172770674
212.29999999999998	8.287181959873333
212.35000000000002	8.336793754757263
212.4	8.3818204993937
212.45	8.422665861474478
212.5	8.459735362272593
212.54999999999998	8.493264218715073
212.60000000000002	8.523204291128401
212.65	8.549676253724282
212.7	8.572937238985336
212.75	8.593147487340175
212.79999999999998	8.611013892992768
212.85000000000002	8.626262821858123
212.9	8.639963454287622
212.95	8.65097198505892
213.0	8.66097350623272
213.04999999999998	8.668196150999151
213.10000000000002	8.67524301645918
213.15	8.680181097596105
213.2	8.685413227226281
213.25	8.688629738132267
213.29999999999998	8.69230092499647
213.35000000000002	8.694549992387923
213.4	8.697670499647694
213.45	8.69997471627121
213.5	8.703131049440278
213.54999999999998	8.705603885633465
213.60000000000002	8.708542215308547
213.65	8.710880042500083
213.7	8.713449903963607
213.75	8.715534826968812
213.79999999999998	8.717527612586565
213.85000000000002	8.719003690929615
213.9	8.720083515593341
213.95	8.720521367939828
214.0	8.720281639253551
214.04999999999998	8.719213299296708
214.10000000000002	8.717236565470976
214.15	8.714243245310918
214.2	8.710048761701596
214.25	8.7045562520005
214.29999999999998	8.69762002957349
214.35000000000002	8.689165837862525
214.4	8.679076931454642
214.45	8.667312023484271
214.5	8.653751484806165
214.54999999999998	8.638254320089992
214.60000000000002	8.620776216877845
214.65	8.60138355272414
214.7	8.58014300189263
214.75	8.557034999901614
214.79999999999998	8.532080107721333
214.85000000000002	8.505410027697291
214.9	8.477058032340354
214.95	8.44682652067882
215.0	8.414483121769269
215.04999999999998	8.379961425374862
215.10000000000002	8.343377517175984
215.15	8.30479380267909
215.2	8.264297854350147
215.25	8.222179771755108
215.29999999999998	8.178816407064843
215.35000000000002	8.134585220712431
215.4	8.089767653520212
215.45	8.044489737923978
215.5	7.999066334525365
215.54999999999998	7.95380459274874
215.60000000000002	7.9088423458852
215.65	7.864291066903959
215.7	7.820198722674084
215.75	7.776711673988413
215.79999999999998	7.7341341703148245
215.85	7.692713504684634
215.9	7.6526467928325435
215.95000000000002	7.613963261818728
216.0	7.576459051272211
216.04999999999998	7.540052508434474
216.1	7.504776583904032
216.15	7.470697527917766
216.20000000000002	7.437892737918473
216.25	7.406448325887901
216.29999999999998	7.37636956640495
216.35	7.347456158253223
216.4	7.319485199706152
216.45000000000002	7.292415187672113
216.5	7.266102340817278
216.54999999999998	7.240391226917259
216.6	7.215153374919268
216.65	7.190138534495226
216.70000000000002	7.165128249514076
216.75	7.140075182627857
216.79999999999998	7.115032667099609
216.85	7.090019435357048
216.9	7.064978362592028
216.95000000000002	7.039812771553302
217.0	7.014424116621001
217.04999999999998	6.988787788953898
217.1	6.962940059131196
217.15	6.936870340519374
217.20000000000002	6.910602765926358
217.25	6.884126684521593
217.29999999999998	6.8573711566928655
217.35	6.830299429088228
217.4	6.802905715804096
217.45000000000002	6.775198518130765
217.5	6.747197319083193
217.54999999999998	6.7188971774291915
217.6	6.690232277529642
217.65	6.661079730885986
217.70000000000002	6.631289811332444
217.75	6.600854980425526
217.79999999999998	6.569808833334779
217.85	6.538183624527375
217.9	6.505879743725561
217.95000000000002	6.472639921214256
218.0	6.438227176232047
218.04999999999998	6.40250062127576
218.1	6.365495558056267
218.15	6.327352885171486
218.20000000000002	6.287953158251826
218.25	6.2470598795955325
218.29999999999998	6.204693284226501
218.35	6.160974554778026
218.4	6.115954111938972
218.45000000000002	6.069448953849625
218.5	6.021365659604012
218.54999999999998	5.971767842613435
218.6	5.920699767995829
218.65	5.86819602162758
218.70000000000002	5.814187810188348
218.75	5.758498606364286
218.79999999999998	5.7011213517527
218.85	5.641915904664659
218.9	5.580657647505289
218.95000000000002	5.517247048668613
219.0	5.451653667169784
219.04999999999998	5.383721713073072
219.1	5.313352602556769
219.15	5.240773512819196
219.20000000000002	5.166101745022262
219.25	5.089016896295102
219.29999999999998	5.009618712722297
219.35	4.928402201657253
219.4	4.8455219247598444
219.45000000000002	4.76118989885504
219.5	4.675180137381506
219.54999999999998	4.587200717030912
219.6	4.4971883272510205
219.65	4.404896453565537
219.70000000000002	4.310286199840207
219.75	4.214113115942758
219.79999999999998	4.117601778626143
219.85	4.021622385576375
219.9	3.926012143213674
219.95000000000002	3.8301110679545287
220.0	3.733683089351871
220.04999999999998	3.6367325974735865
220.1	3.539679233779605
220.15	3.443319360187494
220.20000000000002	3.3489307098030343
220.25	3.2575164249607975
220.29999999999998	3.1690993904098734
220.35	3.083441824308177
220.4	3.000544540533374
220.45000000000002	2.9206783367142526
220.5	2.8441578803658256
220.54999999999998	2.7706868690463735
220.6	2.699572176861055
220.65	2.6306360012882
220.70000000000002	2.564170800222107
220.75	2.500574134354758
220.79999999999998	2.439941412034046
220.85	2.3820808053585845
220.9	2.3268149650346888
220.95000000000002	2.2741079052698794
221.0	2.2237502790132986
221.04999999999998	2.175361366911183
221.1	2.1288518961890666
221.15	2.0843392589527374
221.20000000000002	2.041545937869499
221.25	2.0000748392588195
221.29999999999998	1.959604376009362
221.35	1.919817667788943
221.4	1.8805179571044817
221.45000000000002	1.8415066393871098
221.5	1.8027204862742967
221.54999999999998	1.7641458846363638
221.6	1.7256609997217558
221.65	1.6869813595882281
221.70000000000002	1.6478041536912644
221.75	1.6078618985103703
221.8	1.5667798592916116
221.85	1.524279551028347
221.89999999999998	1.4803093371006493
221.95000000000002	1.4347730815298465
222.0	1.3874761424936644
222.05	1.3383324258680223
222.1	1.2874664500550723
222.14999999999998	1.234956273711258
222.20000000000002	1.1805788088608868
222.25	1.123972798866561
222.3	1.065148902390285
222.35	1.0046040094836532
222.39999999999998	0.9426494051988733
222.45000000000002	0.879382472081053
222.5	0.8147503722800546
222.55	0.7487589519322679
222.6	0.6816631039355521
222.64999999999998	0.6137423194615232
222.70000000000002	0.5450419652680027
222.75	0.4755961601985951
222.8	0.4055997114273544
222.85	0.3353911320850895
222.89999999999998	0.26490415659697863
222.95000000000002	0.19367548618817332
223.0	0.12155648756169544
223.05	0.04856036887942815
223.1	-0.025391805813789234
223.14999999999998	-0.10073538232897547
223.20000000000002	-0.17793504617552908
223.25	-0.2571865221032463
223.3	-0.3387052540335501
223.35	-0.4226678510382105
223.39999999999998	-0.5093852693959375
223.45000000000002	-0.5992100351584515
223.5	-0.6920611854514294
223.55	-0.7875418693740155
223.6	-0.8851565020314618
223.64999999999998	-0.9846453612335406
223.70000000000002	-1.0862334542551877
223.75	-1.190155147857451
223.8	-1.2956419259770748
223.85	-1.4018804667013331
223.89999999999998	-1.5093478757656626
223.95000000000002	-1.6189007420617574
224.0	-1.7305708057547102
224.05	-1.844047228733444
224.1	-1.959143006826856
224.14999999999998	-2.0755745156745915
224.20000000000002	-2.1927260224489453
224.25	-2.3088641450878855
224.3	-2.4226981358211592
224.35	-2.534100893354143
224.39999999999998	-2.6434798021856105
224.45000000000002	-2.7510463073837803
224.5	-2.8564905686886943
224.55	-2.9591820479592794
224.6	-3.058653271081629
224.64999999999998	-3.1552386231574894
224.70000000000002	-3.2496673390845006
224.75	-3.3419523183282775
224.8	-3.431819801741695
224.85	-3.5195687769243955
224.89999999999998	-3.6057136390746694
224.95000000000002	-3.6908844879345883
225.0	-3.775619179356001
225.05	-3.8598800699516405
225.1	-3.9433220134479785
225.14999999999998	-4.025829155883662
225.20000000000002	-4.106956473688749
225.25	-4.186227275871182
225.3	-4.263356794997787
225.35	-4.337864324550989
225.39999999999998	-4.409377939028699
225.45000000000002	-4.477726217750274
225.5	-4.542664833420021
225.55	-4.60363584630888
225.6	-4.660257152145974
225.64999999999998	-4.712686700688571
225.70000000000002	-4.761267562389093
225.75	-4.806137293723899
225.8	-4.847147789608586
225.85	-4.88400650344602
225.89999999999998	-4.916790590561304
225.95000000000002	-4.9458061426316995
226.0	-4.971361535426448
226.05	-4.9937954814825005
226.1	-5.013400743926619
226.14999999999998	-5.0303840087812315
226.20000000000002	-5.044907253356959
226.25	-5.057204250556898
226.3	-5.067607609166768
226.35	-5.076305389393805
226.39999999999998	-5.083646102433484
226.45000000000002	-5.089682575123616
226.5	-5.094791261175307
226.55	-5.098890679982135
226.6	-5.102520702605883
226.64999999999998	-5.1055192641129015
226.70000000000002	-5.108499432959372
226.75	-5.111243412938375
226.8	-5.114303879041284
226.85	-5.117393081348284
226.89999999999998	-5.121021828846778
226.95000000000002	-5.124873673020833
227.0	-5.129528605062687
227.05	-5.134734609271671
227.1	-5.140780510215926
227.14999999999998	-5.1475106232962755
227.20000000000002	-5.1551689193234465
227.25	-5.163621973773607
227.3	-5.173094193628556
227.35	-5.183446921111116
227.39999999999998	-5.194876225993931
227.45000000000002	-5.207231092812849
227.5	-5.220751491258726
227.55	-5.235381673427171
227.6	-5.2513743514420845
227.64999999999998	-5.268703895337232
227.70000000000002	-5.287471539686215
227.75	-5.307683296419629
227.8	-5.329355203218242
227.85	-5.352528266716558
227.89999999999998	-5.377231637190601
227.95000000000002	-5.40351214362914
228.0	-5.4314486236493025
228.05	-5.461065986323312
228.1	-5.492183306642449
228.15	-5.52449831275568
228.2	-5.5579559262203535
228.25	-5.5927030707132355
228.3	-5.628795577136584
228.35	-5.666062657869654
228.4	-5.704245303164438
228.45	-5.743232509308475
228.5	-5.783191555126759
228.55	-5.824155153482877
228.6	-5.866173077611338
228.65	-5.909592242264518
228.7	-5.954885661175166
228.75	-6.0022934144564015
228.8	-6.051731307495851
228.85	-6.102713527076619
228.9	-6.154911185275296
228.95	-6.208321588981133
229.0	-6.263267940098647
229.05	-6.320545632720156
229.1	-6.38081563032501
229.15	-6.444427225581643
229.2	-6.51131522384707
229.25	-6.581149515531605
229.3	-6.6539418777713415
229.35	-6.729840502338559
229.4	-6.808869033007303
229.45	-6.89096521204482
229.5	-6.975384312798777
229.55	-7.061129608955449
229.6	-7.1475201321590855
229.65	-7.234143394431953
229.7	-7.320542933833961
229.75	-7.406221832793621
229.8	-7.490980214627369
229.85	-7.574688390204635
229.9	-7.657182999384705
229.95	-7.7383996243366955
230.0	-7.818034538197813
230.05	-7.895599990365002
230.1	-7.970861074428673
230.15	-8.043888860106035
230.2	-8.115225112559191
230.25	-8.185322969098264
230.3	-8.254487047248308
230.35	-8.32321465775427
230.4	-8.391749304198193
230.45	-8.459978109292543
230.5	-8.527494651539978
230.55	-8.594020559361962
230.6	-8.659627249507656
230.65	-8.72445781323984
230.7	-8.788485150146192
230.75	-8.851627108461894
230.8	-8.913840685268813
230.85	-8.975191156623922
230.9	-9.035495282368384
230.95	-9.09455910285444
231.0	-9.15252315640317
231.05	-9.209821959637829
231.1	-9.266816265166344
231.15	-9.32340976188144
231.2	-9.37942457363076
231.25	-9.43525346396178
231.3	-9.491350101109102
231.35	-9.547789201138187
231.4	-9.604564463652444
231.45	-9.661623863291172
231.5	-9.718915375282418
231.55	-9.776294342811898
231.6	-9.833813402641127
231.65	-9.891726039789063
231.7	-9.95029986011864
231.75	-10.009833057298968
231.8	-10.07025850183562
231.85	-10.1311855115241
231.9	-10.192603832211693
231.95	-10.254851224529956
232.0	-10.31823875469572
232.05	-10.38311539730163
232.1	-10.449331347664552
232.15	-10.516293687692256
232.2	-10.5835646353048
232.25	-10.651134293936135
232.3	-10.719383559724937
232.35	-10.788606022231345
232.4	-10.858754071382565
232.45	-10.929761387539967
232.5	-11.001621226532938
232.55	-11.07478400818778
232.6	-11.149558232469388
232.65	-11.225925650934876
232.7	-11.3040673187576
232.75	-11.384403145769184
232.8	-11.467451836833987
232.85	-11.553341808502871
232.9	-11.64192713562267
232.95	-11.733220079843878
233.0	-11.82717261793514
233.05	-11.923560292901783
233.1	-12.022139142185399
233.15	-12.122626182426908
233.2	-12.225421694548988
233.25	-12.330958640261638
233.3	-12.438822790510319
233.35	-12.547670230530038
233.4	-12.65623494543949
233.45	-12.763756291660844
233.5	-12.869517338768116
233.55	-12.972821144758484
233.6	-13.07363634295828
233.65	-13.172151184219961
233.7	-13.268234042244309
233.75	-13.361416565124342
233.8	-13.450828481233868
233.85	-13.536040240235558
233.9	-13.617258035584321
233.95	-13.695306074746544
234.0	-13.771251072072795
234.05	-13.845781057040746
234.1	-13.91910061173225
234.15	-13.990617516419661
234.2	-14.059766358845351
234.25	-14.126561410747673
234.3	-14.191098625841569
234.35	-14.253338299379203
234.4	-14.313300543769254
234.45	-14.37100798029192
234.5	-14.426505528477078
234.55	-14.47981240492246
234.6	-14.531090815103962
234.65	-14.580651793394171
234.7	-14.628774993316828
234.75	-14.675691121918884
234.8	-14.721712578140842
234.85	-14.76722097377437
234.9	-14.81248592612926
234.95	-14.857628468743313
235.0	-14.902876557480816
235.05	-14.948584694480893
235.1	-14.994825531675694
235.15	-15.0415612945779
235.2	-15.088931795612233
235.25	-15.137220935602336
235.3	-15.186637886867917
235.35	-15.237039515871203
235.4	-15.288307197824647
235.45	-15.340339131204438
235.5	-15.393066992318051
235.55	-15.446831321394608
235.6	-15.501949710958215
235.65	-15.558328678546175
235.7	-15.615980622462452
235.75	-15.674948124901054
235.8	-15.73526297236662
235.85	-15.796872257795187
235.9	-15.859747151115172
235.95	-15.923723740197484
236.0	-15.988617296597035
236.05	-16.054740317275098
236.1	-16.12209499415406
236.15	-16.18998817393531
236.2	-16.25815788872049
236.25	-16.326969668617267
236.3	-16.39701191944373
236.35	-16.468873199350845
236.4	-16.542785615478593
236.45	-16.618626413779857
236.5	-16.69591325773143
236.55	-16.774427417832435
236.6	-16.854403930624837
236.65	-16.93607523295092
236.7	-17.0197846955449
236.75	-17.105488491274713
236.8	-17.192485346855406
236.85	-17.280024800985522
236.9	-17.36744536273281
236.95	-17.45464214102522
237.0	-17.54208006691096
237.05	-17.630109368363073
237.1	-17.71849210301332
237.15	-17.806597419514233
237.2	-17.89444789382936
237.25	-17.982709198739933
237.3	-18.071821749281163
237.35	-18.16169598969188
237.4	-18.251930982990444
237.45	-18.34210739375648
237.5	-18.43208031314365
237.55	-18.52168162976982
237.6	-18.610797388948306
237.65	-18.699644362960065
237.7	-18.78818182084609
237.75	-18.876166834730753
237.8	-18.963195478892406
237.85	-19.0483796758679
237.9	-19.131000495852422
237.95	-19.210607395906994
238.0	-19.28679582957685
238.05	-19.359356269386616
238.1	-19.428094517553095
238.15	-19.492897600740623
238.2	-19.553924907645353
238.25	-19.61148893071325
238.3	-19.66585439234111
238.35	-19.717045443819934
238.4	-19.76516013489935
238.45	-19.810688266972022
238.5	-19.854237063740413
238.55	-19.896342960064054
238.6	-19.937314645794288
238.65	-19.97722176262245
238.7	-20.016111896308182
238.75	-20.054068941703648
238.8	-20.09123357118564
238.85	-20.127714212947495
238.9	-20.16365417909476
238.95	-20.199302498746263
239.0	-20.234985416581626
239.05	-20.270803638164875
239.1	-20.306547816077305
239.15	-20.34207700338822
239.2	-20.37762982727232
239.25	-20.413595663482674
239.3	-20.45036358871861
239.35	-20.488336891332253
239.4	-20.527679187253167
239.45	-20.568442417404682
239.5	-20.610673146624087
239.55	-20.654422178550973
239.6	-20.699898944734006
239.65	-20.74716900776202
239.7	-20.79623868461529
239.75	-20.847318265619386
239.8	-20.900395369839313
239.85	-20.955162281255483
239.9	-21.0113269359903
239.95	-21.06911615859474
240.0	-21.129158977959854
240.05	-21.191747895595206
240.1	-21.25670507568255
240.15	-21.323562246418554
240.2	-21.392175892342927
240.25	-21.462771898603393
240.3	-21.53527765344986
240.35	-21.609242502947083
240.4	-21.684401723600647
240.45	-21.76058230976225
240.5	-21.838042506683692
240.55	-21.917224745261485
240.6	-21.99830437645976
240.65	-22.081013032925032
240.7	-22.16484541083033
240.75	-22.249558005020692
240.79999999999998	-22.334642696906766
240.85000000000002	-22.419503278673915
240.9	-22.50404144847085
240.95	-22.58822083811663
241.0	-22.671942826008337
241.04999999999998	-22.755309870114875
241.10000000000002	-22.83804807009096
241.15	-22.919693557141045
241.2	-22.99997038475606
241.25	-23.079146623810686
241.29999999999998	-23.15784771673523
241.35000000000002	-23.236210226942504
241.4	-23.314112586130204
241.45	-23.39138640823245
241.5	-23.467995691962685
241.54999999999998	-23.544334035529758
241.60000000000002	-23.62094578776714
241.65	-23.698159924045406
241.7	-23.77599392289747
241.75	-23.85427413279157
241.79999999999998	-23.93335808425983
241.85000000000002	-24.01374020128489
241.9	-24.095666056226925
241.95	-24.179880158693624
242.0	-24.267284771513886
242.04999999999998	-24.358390624249594
242.10000000000002	-24.452975651773613
242.15	-24.550188839483063
242.2	-24.649691258942266
242.25	-24.751740865993842
242.29999999999998	-24.856777588730132
242.35000000000002	-24.964715077039802
242.4	-25.07450116430264
242.45	-25.185011800116932
242.5	-25.295180850703016
242.54999999999998	-25.404475001746366
242.60000000000002	-25.512735605714454
242.65	-25.6192971939101
242.7	-25.723655163114785
242.75	-25.82552546463537
242.79999999999998	-25.924278199709093
242.85000000000002	-26.019975512655783
242.9	-26.11327432683401
242.95	-26.204335461013464
243.0	-26.293129315456433
243.04999999999998	-26.37968867078243
243.10000000000002	-26.46422631679579
243.15	-26.54674566366417
243.2	-26.627002463516355
243.25	-26.70496550350415
243.29999999999998	-26.7806376541326
243.35000000000002	-26.85383853322002
243.4	-26.924243317903326
243.45	-26.991611732094352
243.5	-27.056342907209615
243.54999999999998	-27.119235444483543
243.60000000000002	-27.180847779894286
243.65	-27.241386840833258
243.7	-27.300784015047867
243.75	-27.35918621033077
243.79999999999998	-27.416881685581505
243.85000000000002	-27.47413311767417
243.9	-27.531387039584594
243.95	-27.589137293838608
244.0	-27.64785799375482
244.04999999999998	-27.708089720038764
244.10000000000002	-27.77009766648454
244.15	-27.833795591683973
244.2	-27.898822453399024
244.25	-27.96497278244695
244.29999999999998	-28.03276219225687
244.35000000000002	-28.102795514833907
244.4	-28.17478737226348
244.45	-28.247983549619676
244.5	-28.322077931514553
244.54999999999998	-28.397202712317977
244.60000000000002	-28.47385995590135
244.65	-28.552425889485882
244.7	-28.63295208631114
244.75	-28.715246443693495
244.79999999999998	-28.79932331254846
244.85000000000002	-28.884943917453434
244.9	-28.971509651814323
244.95	-29.058630273851744
245.0	-29.146382628395557
245.04999999999998	-29.234933727374553
245.10000000000002	-29.323518619183254
245.15	-29.41104511312134
245.2	-29.49753466872914
245.25	-29.583613077962386
245.29999999999998	-29.669695265690784
245.35000000000002	-29.756025024484323
245.4	-29.842691045365797
245.45	-29.929774205430448
245.5	-30.01729755538966
245.54999999999998	-30.105561727787027
245.60000000000002	-30.19510161567238
245.65	-30.286069663438465
245.7	-30.378160171457633
245.75	-30.471276584605697
245.79999999999998	-30.565719421624955
245.85000000000002	-30.661987375845264
245.9	-30.760060809086305
245.95	-30.859646954454497
246.0	-30.960832580779176
246.04999999999998	-31.06348095825153
246.10000000000002	-31.167316035242415
246.15	-31.27183487530506
246.2	-31.376644814643413
246.25	-31.481809439323882
246.29999999999998	-31.58791389412459
246.35000000000002	-31.695606717836426
246.4	-31.804902493237194
246.45	-31.91550040609332
246.5	-32.02754519096992
246.54999999999998	-32.14113069208389
246.60000000000002	-32.25620371853076
246.65	-32.37270195343168
246.7	-32.49064078865471
246.75	-32.61048153071654
246.79999999999998	-32.73245783612635
246.85000000000002	-32.8567459124925
246.9	-32.98361011886768
246.95	-33.11250711684458
247.0	-33.2417238232804
247.04999999999998	-33.36923532097266
247.1	-33.49341529577151
247.15	-33.61383168207864
247.20000000000002	-33.730602433592374
247.25	-33.84403728317717
247.29999999999998	-33.95493454435117
247.35	-34.06354841256437
247.4	-34.17007293371503
247.45000000000002	-34.27427832504905
247.5	-34.375504652141665
247.54999999999998	-34.473850062994316
247.6	-34.56986751454052
247.65	-34.663669776955174
247.70000000000002	-34.75521924112482
247.75	-34.84459290340574
247.79999999999998	-34.93228612988106
247.85	-35.01875054614744
247.9	-35.104315120449506
247.95000000000002	-35.18928738186692
248.0	-35.27356403485062
248.04999999999998	-35.35691810947024
248.1	-35.43915833453221
248.15	-35.520130471810916
248.20000000000002	-35.59959312785727
248.25	-35.67741366072939
248.29999999999998	-35.75387632359608
248.35	-35.829718303488725
248.4	-35.9056109744695
248.45000000000002	-35.981922239028094
248.5	-36.05883390947946
248.54999999999998	-36.1366046921804
248.6	-36.21570391359731
248.65	-36.29624479100772
248.70000000000002	-36.37801726901687
248.75	-36.460705415244874
248.79999999999998	-36.544107790416945
248.85	-36.628514406109176
248.9	-36.71447360397586
248.95000000000002	-36.80224559414087
249.0	-36.891812127046094
249.04999999999998	-36.98286478635022
249.1	-37.075152124972064
249.15	-37.1683841192995
249.20000000000002	-37.262261319589854
249.25	-37.3568356057511
249.29999999999998	-37.452438858684836
249.35	-37.549266016068046
249.4	-37.64710520625661
249.45000000000002	-37.74550105304428
249.5	-37.84427554097993
249.54999999999998	-37.94328810769311
249.6	-38.042139924086285
249.65	-38.140472816426254
249.70000000000002	-38.23808984386153
249.75	-38.33521303911611
249.79999999999998	-38.4316221047751
249.85	-38.52688212426051
249.9	-38.621282258725074
249.95000000000002	-38.71541311160883
250.0	-38.80940459821615
250.04999999999998	-38.90300443933329
250.1	-38.995998709326834
250.14999999999998	-39.08833717918456
250.2	-39.17964035315454
250.24999999999997	-39.26961504851204
250.3	-39.358393640438564
250.35000000000002	-39.44631904309323
250.4	-39.53396655337782
250.45000000000002	-39.62102713689231
250.5	-39.70691481611679
250.54999999999998	-39.79214579772564
250.6	-39.87761550162271
250.64999999999998	-39.96352288078978
250.7	-40.04944667450507
250.74999999999997	-40.135299029619866
250.8	-40.22159544142886
250.85000000000002	-40.308735808325636
250.9	-40.3971999499781
250.95000000000002	-40.487484594122755
251.0	-40.579720570195356
251.04999999999998	-40.674000479511506
251.1	-40.77057105432853
251.14999999999998	-40.870013372210494
251.2	-40.973003612721755
251.24999999999997	-41.07967614060708
251.3	-41.18941237535106
251.35000000000002	-41.301119587145386
251.4	-41.41379619115253
251.45000000000002	-41.52738721521342
251.5	-41.64190997116796
251.54999999999998	-41.75663167526335
251.6	-41.87134171835139
251.64999999999998	-41.985616161934736
251.7	-42.09836199815112
251.74999999999997	-42.20867713540935
251.8	-42.31596699606107
251.85000000000002	-42.420064321267795
251.9	-42.52114571251637
251.95000000000002	-42.619471091197624
252.0	-42.715080364540654
252.04999999999998	-42.80789289129662
252.1	-42.89818659916548
252.14999999999998	-42.986071742808576
252.2	-43.07149356028722
252.24999999999997	-43.1546587694517
252.3	-43.23594584562202
252.35000000000002	-43.315781094891705
252.4	-43.39426400106761
252.45000000000002	-43.47086513776779
252.5	-43.545219231769906
252.54999999999998	-43.61770455852715
252.6	-43.68876662668126
252.64999999999998	-43.75862752666381
252.7	-43.827039878317066
252.74999999999997	-43.893888450854405
252.8	-43.959706607997376
252.85000000000002	-44.02548210224374
252.9	-44.09213912828024
252.95000000000002	-44.16013695221726
253.0	-44.22998304549881
253.05	-44.30226438692388
253.1	-44.377322059080896
253.14999999999998	-44.45487191984702
253.2	-44.53442226074094
253.24999999999997	-44.616094392819775
253.3	-44.70041292175293
253.35000000000002	-44.78741415813778
253.4	-44.87731486210578
253.45000000000002	-44.97008126399342
253.5	-45.06467745553295
253.55	-45.16005457124002
253.6	-45.25571384928364
253.64999999999998	-45.351471376528025
253.7	-45.44679189747289
253.74999999999997	-45.5409871695189
253.8	-45.63382896318531
253.85000000000002	-45.725546539450974
253.9	-45.81630328408382
253.95000000000002	-45.90582875248303
254.0	-45.993600691561525
254.05	-46.079778427067886
254.1	-46.1643893936033
254.14999999999998	-46.24687846995653
254.2	-46.32723318697218
254.24999999999997	-46.40589131941015
254.30000000000004	-46.48342359762594
254.35000000000002	-46.560087268205066
254.4	-46.63585611977025
254.45000000000002	-46.71037316764321
254.5	-46.782907549314615
254.55	-46.85340995122145
254.6	-46.92240259691535
254.64999999999998	-46.98978980950001
254.7	-47.05543966195798
254.74999999999997	-47.11928700593621
254.80000000000004	-47.18132083658058
254.85000000000002	-47.241915303614526
254.9	-47.30177050468234
254.95000000000002	-47.361752332299005
255.0	-47.42219653220868
255.05	-47.4829897227778
255.1	-47.54434655073604
255.14999999999998	-47.60648990454505
255.2	-47.669204916357614
255.24999999999997	-47.732518374052304
255.30000000000004	-47.79681457184011
255.35000000000002	-47.86263841227789
255.4	-47.93043571515504
255.45000000000002	-48.00052480496592
255.5	-48.0726830494945
255.55	-48.14601823467318
255.6	-48.22030595682105
255.64999999999998	-48.29605808172524
255.7	-48.37390652805443
255.74999999999997	-48.45447200574016
255.80000000000004	-48.53825335141083
255.85000000000002	-48.62605491928622
255.9	-48.7185231294029
255.95000000000002	-48.815038131317664
256.0	-48.91433023985109
256.05	-49.01518886186213
256.1	-49.116464818853174
256.15	-49.21730797036838
256.2	-49.31718166026303
256.25	-49.41558649484441
256.29999999999995	-49.512026170661734
256.35	-49.606411580900975
256.40000000000003	-49.69933025089345
256.45	-49.79036522517841
256.5	-49.877574392553996
256.55	-49.959870979543204
256.6	-50.037430007191944
256.65	-50.11085425816054
256.7	-50.18036099663023
256.75	-50.246059349282845
256.79999999999995	-50.308471204082785
256.85	-50.368082510031286
256.90000000000003	-50.42515017111281
256.95	-50.47965719621474
257.0	-50.531498207406905
257.05	-50.58100632387453
257.1	-50.628611193064415
257.15	-50.6744667716023
257.2	-50.71870803917998
257.25	-50.761564949216805
257.29999999999995	-50.80341648259887
257.35	-50.84448648624773
257.40000000000003	-50.88488667140412
257.45	-50.924860188942255
257.5	-50.96476019541518
257.55	-51.0049877398043
257.6	-51.04578375127045
257.65	-51.0872557134904
257.7	-51.12956444693709
257.75	-51.172808647930296
257.79999999999995	-51.217106916476276
257.85	-51.26261030781288
257.90000000000003	-51.30944463092226
257.95	-51.35782102710024
258.0	-51.40777758656063
258.05	-51.4593675163064
258.1	-51.512787770158525
258.15	-51.56804974911172
258.2	-51.624812151103896
258.25	-51.68234464773677
258.29999999999995	-51.7400006175418
258.35	-51.797626165806925
258.40000000000003	-51.85524106777117
258.45	-51.91277739043109
258.5	-51.97020881803064
258.55	-52.027449145265756
258.6	-52.084411605974964
258.65	-52.140925930289185
258.7	-52.19678869470489
258.75	-52.25201525369498
258.79999999999995	-52.3068079769951
258.85	-52.36131839151206
258.90000000000003	-52.41565828486481
258.95	-52.46970135010926
259.0	-52.5234867960079
259.05	-52.57726871830459
259.1	-52.631230684019684
259.15	-52.68564734516721
259.2	-52.74074970484783
259.25	-52.796499025309345
259.29999999999995	-52.85255285900958
259.35	-52.90871146518292
259.40000000000003	-52.96520283246828
259.45	-53.022191633178764
259.5	-53.0797383363449
259.55	-53.13805795039259
259.6	-53.19716986147084
259.65	-53.25709144625513
259.7	-53.317949129970565
259.75	-53.379934053637854
259.79999999999995	-53.44335672312509
259.85	-53.50842923612844
259.90000000000003	-53.57526742103356
259.95	-53.643613483667735
260.0	-53.71292055782746
260.05	-53.78326054934436
260.1	-53.85502669330047
260.15	-53.92816274895971
260.2	-54.00228095777044
260.25	-54.07721837662713
260.29999999999995	-54.15342671642975
260.35	-54.23131470062918
260.40000000000003	-54.31124225512927
260.45	-54.39335251906732
260.5	-54.47702020837953
260.55	-54.56102521858663
260.6	-54.64419177886133
260.65	-54.72577039980756
260.7	-54.80556417357195
260.75	-54.8833958045618
260.79999999999995	-54.95886982622857
260.85	-55.03158982999254
260.90000000000003	-55.101057299397354
260.95	-55.16707268437847
261.0	-55.229604204977086
261.05	-55.28896693258038
261.1	-55.3458254395515
261.15	-55.40048844665418
261.2	-55.45289115753123
261.25	-55.50292737950603
261.29999999999995	-55.55057037500035
261.35	-55.59606350370668
261.40000000000003	-55.6397885083281
261.45	-55.682085268056895
261.5	-55.72310692017154
261.55	-55.76269978677816
261.6	-55.80084823620531
261.65	-55.83782779703719
261.7	-55.87391462993699
261.75	-55.90919914717189
261.79999999999995	-55.943743349562766
261.85	-55.97765664767023
261.90000000000003	-56.01107979491391
261.95	-56.04425161819961
262.0	-56.07760151792691
262.05	-56.11151939813146
262.1	-56.146134234660735
262.15	-56.18149493566683
262.2	-56.217644324376195
262.25	-56.254623198730215
262.29999999999995	-56.29226925407036
262.35	-56.33025232992304
262.40000000000003	-56.36842805635484
262.45	-56.406858133853774
262.5	-56.445525850796535
262.55	-56.4843871527548
262.6	-56.5234399343081
262.65	-56.56265473555376
262.7	-56.60178682978325
262.75	-56.64061382403847
262.79999999999995	-56.67920028963371
262.84999999999997	-56.71772444702935
262.90000000000003	-56.756286610886285
262.95000000000005	-56.79481591646889
263.0	-56.833345429885114
263.05	-56.87215131398797
263.1	-56.91138858513839
263.15	-56.95103655106703
263.2	-56.991139261499306
263.25	-57.03165965488148
263.29999999999995	-57.07273059319101
263.34999999999997	-57.11455691912996
263.40000000000003	-57.15728950186548
263.45000000000005	-57.20097304046959
263.5	-57.24547925977968
263.55	-57.29069191995295
263.6	-57.336391873344326
263.65	-57.382158716523165
263.7	-57.42771408138765
263.75	-57.472930359496985
263.79999999999995	-57.51773053531181
263.84999999999997	-57.562182221227175
263.90000000000003	-57.60630015968741
263.95000000000005	-57.650150306819704
264.0	-57.693776898003065
264.05	-57.73712653217498
264.1	-57.78015400513725
264.15	-57.8229014149019
264.2	-57.86538450044461
264.25	-57.90741922045869
264.29999999999995	-57.9490363256068
264.34999999999997	-57.99075475089306
264.40000000000003	-58.03296900079332
264.45000000000005	-58.07582664763308
264.5	-58.11960678574276
264.55	-58.16464125580646
264.6	-58.211173572235765
264.65	-58.25941625890236
264.7	-58.3095705991294
264.75	-58.36172927322727
264.79999999999995	-58.41581724625701
264.84999999999997	-58.47171726296762
264.90000000000003	-58.529535867902624
264.95000000000005	-58.589362142180825
265.0	-58.6511430559601
265.05	-58.71437048252368
265.1	-58.77853790461282
265.15	-58.843341034259716
265.2	-58.90805994958956
265.25	-58.9718427402884
265.29999999999995	-59.0341397118935
265.34999999999997	-59.09482840888941
265.40000000000003	-59.15396463986352
265.45000000000005	-59.21136701409716
265.5	-59.26650296126438
265.55	-59.31895809569586
265.6	-59.36854306994926
265.65	-59.41542497243602
265.7	-59.45975839317846
265.75	-59.50150869821073
265.79999999999995	-59.54072528630895
265.84999999999997	-59.57751654187284
265.90000000000003	-59.61214597311162
265.95000000000005	-59.64503880016201
266.0	-59.67642450083419
266.05	-59.70642668087784
266.1	-59.735156094553645
266.15	-59.76269618526567
266.2	-59.789202813537386
266.25	-59.81480092672694
266.29999999999995	-59.83960173782971
266.34999999999997	-59.863747034563204
266.40000000000003	-59.88745275915341
266.45000000000005	-59.91106190959255
266.5	-59.93493801665613
266.55	-59.95934762473503
266.6	-59.984452581733606
266.65	-60.010381534542795
266.7	-60.037234703657994
266.75	-60.064970835142816
266.79999999999995	-60.09360480287792
266.84999999999997	-60.12339072983917
266.90000000000003	-60.15457191803143
266.95000000000005	-60.187206050959894
267.0	-60.22121334141936
267.05	-60.25656780589948
267.1	-60.293382136898174
267.15	-60.33169937565361
267.2	-60.371353025834864
267.25	-60.412039522528275
267.29999999999995	-60.45352835936373
267.34999999999997	-60.49584826261186
267.40000000000003	-60.5387174021225
267.45000000000005	-60.581668378035125
267.5	-60.62455837419707
267.55	-60.66732806171373
267.6	-60.709915646848444
267.65	-60.752273968593215
267.7	-60.79428434690365
267.75	-60.83575388813699
267.79999999999995	-60.87643007837372
267.84999999999997	-60.916219192095774
267.90000000000003	-60.95534993314327
267.95000000000005	-60.99408897035909
268.0	-61.03263254585012
268.05	-61.07092321101706
268.1	-61.1088273686087
268.15	-61.146450129225286
268.2	-61.18404239392946
268.25	-61.221756067325856
268.29999999999995	-61.2596053777755
268.34999999999997	-61.297531300515374
268.40000000000003	-61.335564281522416
268.45000000000005	-61.37377432532281
268.5	-61.41211282085506
268.55	-61.45051139789213
268.6	-61.48898133478807
268.65	-61.527742951946784
268.7	-61.566993592358806
268.75	-61.606889397321495
268.8	-61.64758985184679
268.84999999999997	-61.68923583962524
268.9	-61.731761414635685
268.95000000000005	-61.77493668176179
269.0	-61.81865714326534
269.05	-61.86304439544107
269.1	-61.90811338417045
269.15	-61.95379742566802
269.2	-62.00026414324251
269.25	-62.047614483659515
269.3	-62.09592515331882
269.34999999999997	-62.145263126488246
269.4	-62.1958651678534
269.45000000000005	-62.24813870333875
269.5	-62.30230249195267
269.55	-62.35821976962349
269.6	-62.41554911241967
269.65	-62.47387266601068
269.7	-62.53282542267259
269.75	-62.59187869426192
269.8	-62.650604068062535
269.84999999999997	-62.70898787136348
269.9	-62.76720741656224
269.95000000000005	-62.825438891596846
270.0	-62.883453058381306
270.05	-62.940859841325505
270.1	-62.997604985170405
270.15	-63.053481528248014
270.2	-63.10786797564272
270.25	-63.160340733918716
270.3	-63.21062989454241
270.34999999999997	-63.2585586747625
270.4	-63.30388171116607
270.45000000000005	-63.34640423840136
270.5	-63.38613889558863
270.55	-63.42293709326832
270.6	-63.45642873717509
270.65	-63.48642759264267
270.7	-63.512989042105474
270.75	-63.536315896099325
270.8	-63.55654661267357
270.84999999999997	-63.573843697819505
270.9	-63.588469298981664
270.95000000000005	-63.60058324403978
271.0	-63.61061088497996
271.05	-63.618520350754636
271.1	-63.62486710765735
271.15	-63.62942994610188
271.2	-63.63277809006373
271.25	-63.63478599814513
271.3	-63.63583853506611
271.34999999999997	-63.63594448963043
271.4	-63.63541074753924
271.45000000000005	-63.63433848510461
271.5	-63.63296446054446
271.55	-63.63142370313744
271.6	-63.629899941234754
271.65	-63.62853955165113
271.7	-63.62747384581294
271.75	-63.62687203250846
271.8	-63.626804921650006
271.84999999999997	-63.627522972348444
271.9	-63.628948200879464
271.95000000000005	-63.631387245472496
272.0	-63.6346815529423
272.05	-63.639147757730704
272.1	-63.644634237497314
272.15	-63.651365353329425
272.2	-63.65922938896907
272.25	-63.66836053502729
272.3	-63.67868530531051
272.34999999999997	-63.69028338003278
272.4	-63.703130848432195
272.45000000000005	-63.717283922932765
272.5	-63.73272752790076
272.55	-63.74938415728869
272.6	-63.76713012918347
272.65	-63.785819693250204
272.7	-63.805337390972724
272.75	-63.825525952211706
272.8	-63.84618713791765
272.84999999999997	-63.86716015214067
272.9	-63.88830311917654
272.95000000000005	-63.909555995394854
273.0	-63.93087207889256
273.05	-63.95221820196252
273.1	-63.97359304430013
273.15	-63.9950656625125
273.2	-64.01672324755295
273.25	-64.03852817851947
273.3	-64.06034339103914
273.34999999999997	-64.08220262332333
273.4	-64.10422371771867
273.45000000000005	-64.12646376905411
273.5	-64.1489285577909
273.55	-64.17160808581508
273.6	-64.19458530940372
273.65	-64.21793612064553
273.7	-64.24174180833381
273.75	-64.2661535152786
273.8	-64.291262577298
273.84999999999997	-64.3170574437014
273.9	-64.34355717034282
273.95000000000005	-64.37080887932959
274.0	-64.39883254659594
274.05	-64.42746920506107
274.1	-64.45653860369998
274.15	-64.4859396408708
274.2	-64.51549236466565
274.25	-64.5449269236227
274.3	-64.57395655788315
274.34999999999997	-64.60232209625856
274.4	-64.629893763058
274.45000000000005	-64.65655499154273
274.5	-64.68216631470669
274.55	-64.70665321226576
274.6	-64.72989112773213
274.65	-64.75179003948486
274.7	-64.77224015573873
274.75	-64.79109165842448
274.8	-64.80827330270542
274.84999999999997	-64.82378213366364
274.9	-64.8376023569722
274.95000000000005	-64.84969565226264
275.0	-64.86005209908862
275.05	-64.86870735004501
275.1	-64.87570747239718
275.15	-64.88110316699868
275.2	-64.88497811358694
275.25	-64.88743260562258
275.3	-64.88857289183385
275.34999999999997	-64.88849419446643
275.4	-64.88728338853491
275.45	-64.88503775030097
275.5	-64.88189544385682
275.55	-64.87802195158774
275.6	-64.87356695369284
275.65000000000003	-64.86866297564359
275.7	-64.86345859594093
275.75	-64.8581114683372
275.8	-64.85270264976796
275.84999999999997	-64.84735266513867
275.9	-64.84211980460191
275.95	-64.83716453668683
276.0	-64.83240842560475
276.05	-64.82800315007435
276.1	-64.8238447249963
276.15000000000003	-64.82022474539285
276.2	-64.81673448038993
276.25	-64.8139112938936
276.3	-64.81110220104172
276.34999999999997	-64.80924452095671
276.4	-64.80734969595372
276.45	-64.8064688494701
276.5	-64.80526115797224
276.55	-64.80475931500118
276.6	-64.80340738878239
276.65000000000003	-64.80242459638768
276.7	-64.80044955172153
276.75	-64.7988197447989
276.8	-64.79629941349597
276.84999999999997	-64.79395708624487
276.9	-64.79074995112354
276.95	-64.78756095389694
277.0	-64.78371313697158
277.05	-64.77980400363573
277.1	-64.77542530521808
277.15000000000003	-64.77085666401767
277.2	-64.76602295080008
277.25	-64.76106595802476
277.3	-64.75601528994933
277.34999999999997	-64.75093796152942
277.4	-64.74596958372149
277.45	-64.7411874652129
277.5	-64.73678340835143
277.55	-64.73279441450177
277.6	-64.72947210651904
277.65000000000003	-64.72673810006685
277.7	-64.72502059391152
277.75	-64.7240650813353
277.8	-64.72448834722064
277.84999999999997	-64.72583327833455
277.9	-64.72876676030273
277.95	-64.73282106952534
278.0	-64.738599667953
278.05	-64.74577539864738
278.1	-64.75467797415767
278.15000000000003	-64.76520068401936
278.2	-64.77741992025946
278.25	-64.79125895505899
278.3	-64.80673377576855
278.34999999999997	-64.82384860663154
278.4	-64.84256088786113
278.45	-64.86280223253263
278.5	-64.88440324590394
278.55	-64.907123127208
278.6	-64.93069441950104
278.65000000000003	-64.9548560572708
278.7	-64.97935197122338
278.75	-65.00391083608463
278.8	-65.02828858905804
278.84999999999997	-65.05224508262945
278.9	-65.07550255631305
278.95	-65.09784110941804
279.0	-65.11903299639818
279.05	-65.13885174964665
279.1	-65.15707484959887
279.15000000000003	-65.17346318425992
279.2	-65.18785216597136
279.25	-65.20012694655756
279.3	-65.21017579848558
279.34999999999997	-65.21792419872286
279.4	-65.22331556917752
279.45	-65.226341915352
279.5	-65.22707744298431
279.55	-65.22562732384142
279.6	-65.22205651740819
279.65000000000003	-65.2164332026748
279.7	-65.2088713550175
279.75	-65.19960117636558
279.8	-65.18892098069108
279.84999999999997	-65.17708743878376
279.9	-65.1643438653433
279.95	-65.15097775266565
280.0	-65.13746709849039
280.05	-65.12436241856105
280.1	-65.11209187368534
280.15000000000003	-65.10095812097745
280.2	-65.09117591505414
280.25	-65.08282188041873
280.3	-65.07586358850119
280.34999999999997	-65.07030799582908
280.4	-65.06602060947938
280.45	-65.06308681666971
280.5	-65.06132913780431
280.55	-65.06083750020846
280.6	-65.06143132397423
280.65000000000003	-65.06307763104829
280.7	-65.06563430728183
280.75	-65.06902202271422
280.8	-65.07306145355398
280.84999999999997	-65.07764213009916
280.9	-65.08252336693299
280.95	-65.08778546337723
281.0	-65.09291312923142
281.05	-65.09842514432364
281.1	-65.10350613250544
281.15000000000003	-65.10899985465542
281.2	-65.11391953851485
281.25	-65.1192879597387
281.3	-65.12413568690592
281.34999999999997	-65.1294820315175
281.4	-65.13445018870802
281.45	-65.13981972557681
281.5	-65.14494713676928
281.55	-65.15039741036813
281.6	-65.15575835691665
281.65000000000003	-65.16137161476787
281.7	-65.1670108643608
281.75	-65.17291824759369
281.8	-65.17895292892993
281.84999999999997	-65.18522090390917
281.9	-65.19162721372089
281.95	-65.19819338590645
282.0	-65.20480247947889
282.05	-65.21151395325491
282.1	-65.21819966685537
282.15000000000003	-65.22506700207255
282.2	-65.23194924681549
282.25	-65.23899723099417
282.3	-65.24594353480421
282.34999999999997	-65.25315701317601
282.4	-65.25988595869805
282.45	-65.26715390971457
282.5	-65.27362592192905
282.55	-65.28075564407253
282.6	-65.28670169703935
282.65000000000003	-65.29341854100755
282.7	-65.29884102954298
282.75	-65.30563336051594
282.8	-65.31188264894587
282.84999999999997	-65.31973984176044
282.9	-65.32747260796367
282.95	-65.33637089070231
283.0	-65.3454210330354
283.05	-65.35503490372804
283.1	-65.36501596021179
283.15000000000003	-65.37532564223503
283.2	-65.38586620784163
283.25	-65.39645713650282
283.3	-65.4069021175295
283.34999999999997	-65.41700095852136
283.4	-65.42660782079003
283.45	-65.43560232473126
283.5	-65.44386908798573
283.55	-65.45131939798648
283.6	-65.45785700233971
283.65000000000003	-65.46341634573739
283.7	-65.46793286304732
283.75	-65.47135824203973
283.8	-65.47368792525985
283.84999999999997	-65.47495711666525
283.9	-65.47523476937566
283.95	-65.47461570473752
284.0	-65.4732075490214
284.05	-65.4711422956212
284.1	-65.46857137950627
284.15000000000003	-65.46567209483102
284.2	-65.46265645016616
284.25	-65.45976083650703
284.3	-65.45723070674086
284.34999999999997	-65.45529184644066
284.4	-65.45412232469448
284.45	-65.4538463443574
284.5	-65.45454898297885
284.55	-65.45629699446863
284.6	-65.45914317653737
284.65000000000003	-65.463122756766
284.7	-65.46825148710248
284.75	-65.47448579944614
284.8	-65.48171572941602
284.84999999999997	-65.48978646221384
284.9	-65.49849621862887
284.95	-65.50762358626166
285.0	-65.5169200962649
285.05	-65.5261996097207
285.1	-65.53522295548979
285.15000000000003	-65.54385471307135
285.2	-65.55201967648128
285.25	-65.55956226651415
285.3	-65.56670698184288
285.34999999999997	-65.57279048577912
285.4	-65.57875835820667
285.45	-65.58358434116761
285.5	-65.5888312780906
285.55	-65.59310328424527
285.6	-65.59803204938743
285.65000000000003	-65.60199191661972
285.7	-65.6070228595759
285.75	-65.6112947925409
285.8	-65.61704438125163
285.84999999999997	-65.62233069174408
285.9	-65.62934122285787
285.95	-65.63608252420246
286.0	-65.64476506351146
286.05	-65.65373695239651
286.1	-65.66414434193294
286.15000000000003	-65.67470861825008
286.2	-65.68635935119771
286.25	-65.69834069657873
286.3	-65.71136644037949
286.34999999999997	-65.72499771995125
286.4	-65.73959114883776
286.45	-65.75489016739655
286.5	-65.7712337329194
286.55	-65.78864197133714
286.6	-65.80707659113904
286.65000000000003	-65.82641037085217
286.7	-65.8465812755598
286.75	-65.86748555371656
286.8	-65.88891605289635
286.84999999999997	-65.91064472868939
286.9	-65.93254712926314
286.95	-65.95459521422234
287.0	-65.97682735749851
287.05	-65.99937878110553
287.1	-66.02228432211635
287.15000000000003	-66.04543547208502
287.2	-66.06877966484069
287.25	-66.09231065133433
287.3	-66.11596489917417
287.35	-66.13960412278442
287.4	-66.16314075540589
287.45	-66.18645115197502
287.5	-66.2093396300273
287.54999999999995	-66.23168709299478
287.6	-66.25340664906591
287.65000000000003	-66.27434137025155
287.7	-66.294278138361
287.75	-66.31295764045582
287.8	-66.33011582134941
287.85	-66.34551794398672
287.9	-66.35896113108711
287.95	-66.37032333889405
288.0	-66.37951141378446
288.04999999999995	-66.38644900848576
288.1	-66.39107964315261
