288.15000000000003	-66.39336857376782
288.2	-66.39330063968285
288.25	-66.39084746422911
288.3	-66.38592351145971
288.35	-66.37848188975984
288.4	-66.3685696219651
288.45	-66.35628512696773
288.5	-66.34175083592972
288.54999999999995	-66.32509111895774
288.6	-66.3064161364263
288.65000000000003	-66.2858400420213
288.7	-66.26358856013815
288.75	-66.24000057765545
288.8	-66.21534791734422
288.85	-66.1897559157785
288.9	-66.16333998021325
288.95	-66.13626563071388
289.0	-66.10885996532639
289.04999999999995	-66.08157622662705
289.1	-66.05473526848198
289.15000000000003	-66.0285516120801
289.2	-66.00326277096131
289.25	-65.9791000420099
289.3	-65.95615808201978
289.35	-65.93445100702948
289.4	-65.91406328402358
289.45	-65.89505018732794
289.5	-65.87726057834482
289.54999999999995	-65.86060294132906
289.6	-65.84479072466442
289.65000000000003	-65.82994808619347
289.7	-65.8159069663619
289.75	-65.80284213679693
289.8	-65.79045277725105
289.85	-65.77893599596098
289.9	-65.76791536241153
289.95	-65.75757013251703
290.0	-65.74771828363953
290.04999999999995	-65.73853290817944
290.1	-65.72991231321396
290.15000000000003	-65.72192809764769
290.2	-65.71454866037
290.25	-65.70781808995172
290.3	-65.70173914334016
290.35	-65.69624390444696
290.4	-65.69150110052155
290.45	-65.68713627367386
290.5	-65.68388281354419
290.54999999999995	-65.68082957273107
290.6	-65.67919527740773
290.65000000000003	-65.67739819523578
290.7	-65.67730295563463
290.75	-65.67711320991991
290.8	-65.67895105516081
290.85	-65.68045115111384
290.9	-65.68384387361434
290.95	-65.68661846667861
291.0	-65.69109779142504
291.04999999999995	-65.69481545815631
291.1	-65.70030216994772
291.15000000000003	-65.70511698459102
291.2	-65.71151879236717
291.25	-65.71737967588709
291.3	-65.7247137174111
291.35	-65.73168805869794
291.4	-65.73987493834643
291.45	-65.74788876383343
291.5	-65.756909718224
291.54999999999995	-65.7660219876258
291.6	-65.77595035027333
291.65000000000003	-65.7861846472163
291.7	-65.79718372780553
291.75	-65.80864074272799
291.8	-65.82098107090572
291.85	-65.8340260484799
291.9	-65.84789388571882
291.95	-65.86248841060709
292.0	-65.87784195473054
292.04999999999995	-65.8939025454062
292.1	-65.91057632641812
292.15000000000003	-65.92780769597886
292.2	-65.94551640482486
292.25	-65.96357697498938
292.3	-65.98177826324331
292.35	-65.9998198723523
292.4	-66.01749814911896
292.45	-66.03461107098693
292.5	-66.05096452634632
292.54999999999995	-66.06645755393026
292.6	-66.08097119630948
292.65000000000003	-66.09437012939387
292.7	-66.1064804684257
292.75	-66.11742586399883
292.8	-66.12698935870138
292.85	-66.13534321999212
292.9	-66.14213429618897
292.95	-66.14762400891279
293.0	-66.1512658379325
293.04999999999995	-66.15353959580072
293.1	-66.15353014539704
293.15000000000003	-66.15201443455003
293.2	-66.14802983530683
293.25	-66.1424848209763
293.3	-66.13466564936454
293.35	-66.1250675777908
293.4	-66.11335094190034
293.45	-66.09968104714135
293.5	-66.08418157082858
293.54999999999995	-66.06693209266817
293.6	-66.04801875160719
293.65000000000003	-66.0275089093244
293.7	-66.00572879461244
293.75	-65.98309954183807
293.8	-65.9599621829251
293.85	-65.9365414404585
293.9	-65.91304012680406
293.95	-65.88971439217897
294.0	-65.8667425132451
294.04999999999995	-65.84423971394973
294.09999999999997	-65.82231751038213
294.15000000000003	-65.80098856548561
294.20000000000005	-65.78020920265784
294.25	-65.76002149238312
294.3	-65.74049648146045
294.35	-65.72173017657269
294.4	-65.70371424416783
294.45	-65.68632868443697
294.5	-65.66952885339941
294.54999999999995	-65.6533617985398
294.59999999999997	-65.63787199635526
294.65000000000003	-65.62303235985854
294.70000000000005	-65.60883567296675
294.75	-65.59533964912094
294.8	-65.58259724326676
294.85	-65.57060536304616
294.9	-65.55937080700788
294.95	-65.54890013437365
295.0	-65.5392489580305
295.04999999999995	-65.53025892231756
295.09999999999997	-65.52207529189451
295.15000000000003	-65.51422639022437
295.20000000000005	-65.50730681512141
295.25	-65.50052621595725
295.3	-65.49500853278559
295.35	-65.48930649531283
295.4	-65.48496617733323
295.45	-65.48012275659548
295.5	-65.47654756108363
295.54999999999995	-65.47217924323043
295.59999999999997	-65.46892007045906
295.65000000000003	-65.46482394359941
295.70000000000005	-65.46192092034967
295.75	-65.45822859367104
295.8	-65.4558506490604
295.85	-65.45310182597552
295.9	-65.45188462043555
295.95	-65.45034147977108
296.0	-65.45025680495706
296.04999999999995	-65.450118211521
296.09999999999997	-65.45165575300379
296.15000000000003	-65.4533905517197
296.20000000000005	-65.45670902378251
296.25	-65.46040002803845
296.3	-65.46545749622479
296.35	-65.47101700404679
296.4	-65.47769585764051
296.45	-65.48504547117824
296.5	-65.49332477672436
296.54999999999995	-65.50235632130217
296.59999999999997	-65.51207913613356
296.65000000000003	-65.52237222641824
296.70000000000005	-65.53308428064057
296.75	-65.54401128254179
296.8	-65.55488885097529
296.85	-65.56547671793068
296.9	-65.57552951513219
296.95	-65.58481140394542
297.0	-65.59312226234032
297.04999999999995	-65.60028514235387
297.09999999999997	-65.6061814288671
297.15000000000003	-65.6106189639158
297.20000000000005	-65.61356439846692
297.25	-65.61477776332464
297.3	-65.61436155382337
297.35	-65.61199289721631
297.4	-65.60782024039727
297.45	-65.6015839809939
297.5	-65.5933833549736
297.54999999999995	-65.58310953589591
297.59999999999997	-65.57083552672799
297.65000000000003	-65.55651456146765
297.70000000000005	-65.5401606998351
297.75	-65.52179664633998
297.8	-65.50148959828218
297.85	-65.47931338059625
297.9	-65.45537910135863
297.95	-65.42992416349064
298.0	-65.40326529438681
298.04999999999995	-65.37566793386713
298.09999999999997	-65.34744291821444
298.15000000000003	-65.31896214575687
298.20000000000005	-65.29055083842547
298.25	-65.26251481104751
298.3	-65.23514742335409
298.35	-65.2085790433173
298.4	-65.18297384763449
298.45	-65.15846177655989
298.5	-65.13504167181262
298.54999999999995	-65.11277010811338
298.59999999999997	-65.09171058184704
298.65000000000003	-65.07184764457702
298.70000000000005	-65.05312825272549
298.75	-65.03546549601236
298.8	-65.01882728180058
298.85	-65.00316557683959
298.9	-64.98842875168808
298.95	-64.97452078002632
299.0	-64.9613856523596
299.04999999999995	-64.9489255375652
299.09999999999997	-64.93704448761885
299.15000000000003	-64.9256349885242
299.20000000000005	-64.91462430704071
299.25	-64.90397304657351
299.3	-64.89362776536288
299.35	-64.88354554436688
299.4	-64.87354787745252
299.45	-64.86364037292007
299.5	-64.85378458629891
299.54999999999995	-64.84405455033166
299.59999999999997	-64.83436368862677
299.65000000000003	-64.82478719659755
299.70000000000005	-64.81527587154523
299.75	-64.80593136945369
299.8	-64.79669517671776
299.85	-64.78769840205159
299.9	-64.7789281403178
299.95	-64.7704819146308
300.0	-64.7624163530273
300.05	-64.75484010653119
300.09999999999997	-64.74784350933835
300.15	-64.7414683276043
300.20000000000005	-64.73582639724064
300.25	-64.73088761623855
300.3	-64.7269600854402
300.35	-64.72368719685957
300.4	-64.7218504275094
300.45	-64.72064753164382
300.5	-64.72119709940472
300.55	-64.72242396987423
300.59999999999997	-64.72551110620932
300.65	-64.72927441125589
300.70000000000005	-64.73479469909599
300.75	-64.74111084672523
300.8	-64.74898273993475
300.85	-64.7578753212313
300.9	-64.76804576418816
300.95	-64.77928732610401
301.0	-64.79161955321285
301.05	-64.80488929955563
301.09999999999997	-64.81896731740368
301.15	-64.83370736077757
301.20000000000005	-64.8490088928589
301.25	-64.86476877087283
301.3	-64.88088190168068
301.35	-64.89713729527766
301.4	-64.9132746497753
301.45	-64.92899343401947
301.5	-64.94400672114209
301.55	-64.95814680464673
301.59999999999997	-64.97126677799197
301.65	-64.98317208707648
301.70000000000005	-64.99369998366377
301.75	-65.00273647512593
301.8	-65.0103302414298
301.85	-65.01630705183972
301.9	-65.02091562664206
301.95	-65.02377638931215
302.0	-65.02530954540468
302.05	-65.02504666935526
302.09999999999997	-65.0234813586261
302.15	-65.02026382698713
302.20000000000005	-65.0157475482063
302.25	-65.00978651677642
302.3	-65.00260997565277
302.35	-64.99418666461483
302.4	-64.98470342394629
302.45	-64.97414988485811
302.5	-64.96269252220195
302.55	-64.950476200591
302.59999999999997	-64.93767295415877
302.65	-64.92437042685464
302.70000000000005	-64.91071465798056
302.75	-64.89694662889983
302.8	-64.8833407196019
302.85	-64.87017627417104
302.9	-64.85769090065283
302.95	-64.8460503197241
303.0	-64.83540627003674
303.05	-64.82589372324244
303.09999999999997	-64.8176236817872
303.15	-64.81065807333013
303.20000000000005	-64.80501417033075
303.25	-64.80073163654666
303.3	-64.79777810121652
303.35	-64.79614748033647
303.4	-64.7957182750603
303.45	-64.79648455902196
303.5	-64.79834514797226
303.55	-64.80122962186618
303.59999999999997	-64.80498479230116
303.65	-64.80946114397581
303.70000000000005	-64.814442327894
303.75	-64.81979560030433
303.8	-64.82527174706497
303.85	-64.83078730208086
303.9	-64.8360493557168
303.95	-64.84106879287836
304.0	-64.84545973401008
304.05	-64.8493380277854
304.09999999999997	-64.85192359932608
304.15	-64.85377505042364
304.20000000000005	-64.85375575503711
304.25	-64.85275240650563
304.3	-64.84958754166993
304.35	-64.84529480334436
304.4	-64.83903535485916
304.45	-64.83150389835652
304.5	-64.82219552015148
304.55	-64.8113829696904
304.59999999999997	-64.79898630009494
304.65	-64.78516556940716
304.70000000000005	-64.76991393793679
304.75	-64.75330415912032
304.8	-64.73547690665447
304.85	-64.71658769006473
304.9	-64.69675544974811
304.95	-64.67612740220301
305.0	-64.65495959324771
305.05	-64.63373893491665
305.09999999999997	-64.61296430359147
305.15	-64.59289903397803
305.20000000000005	-64.57367461571351
305.25	-64.55546424561501
305.3	-64.53848033427826
305.35	-64.52285340001684
305.4	-64.50861017076929
305.45	-64.49579292912767
305.5	-64.48448282920526
305.55	-64.4746886271684
305.59999999999997	-64.46632602318334
305.65	-64.45937217343965
305.70000000000005	-64.45354953099823
305.75	-64.44899986945033
305.8	-64.44523575045717
305.85	-64.44249765194478
305.9	-64.44024680057242
305.95	-64.4386377990216
306.0	-64.43718899198493
306.05	-64.43600758579977
306.09999999999997	-64.4347133955024
306.15	-64.43342126287774
306.20000000000005	-64.43169434762686
306.25	-64.4296907263602
306.3	-64.42699189622554
306.35	-64.4238017260264
306.4	-64.41973024134515
306.45	-64.41498341339543
306.5	-64.40920201855778
306.55	-64.40257328113414
306.59999999999997	-64.39483957987346
306.65	-64.38612335813946
306.7	-64.3762682549651
306.75	-64.36537452757106
306.8	-64.35345525149977
306.85	-64.34061119946318
306.90000000000003	-64.32688080732558
306.95	-64.3123129239619
307.0	-64.29692641148606
307.05	-64.28080336654162
307.09999999999997	-64.2640681767422
307.15	-64.246856055043
307.2	-64.22934506416341
307.25	-64.21176229096363
307.3	-64.19434339968169
307.35	-64.17730357634167
307.40000000000003	-64.16083285270446
307.45	-64.14496905139592
307.5	-64.12976102477947
307.55	-64.11538450253289
307.59999999999997	-64.1019979668076
307.65	-64.08964826311403
307.7	-64.07825782421916
307.75	-64.06788240676752
307.8	-64.05838544515997
307.85	-64.05016435171984
307.90000000000003	-64.04245880713125
307.95	-64.03627913815396
308.0	-64.03000359137211
308.05	-64.0251503437153
308.09999999999997	-64.01994131347615
308.15	-64.01623355236282
308.2	-64.01191661791161
308.25	-64.00897694578222
308.3	-64.00498453326077
308.35	-64.00188805834568
308.40000000000003	-63.997441583461324
308.45	-63.993766517522275
308.5	-63.98902549197649
308.55	-63.98508673483159
308.59999999999997	-63.98037739528288
308.65	-63.976352554929676
308.7	-63.97166384230354
308.75	-63.96740062079989
308.8	-63.962762200456766
308.85	-63.958419294573545
308.90000000000003	-63.95405921986644
308.95	-63.949897947924
309.0	-63.94585861906033
309.05	-63.9419574581029
309.09999999999997	-63.938354115816814
309.15	-63.93483422712221
309.2	-63.931895056308235
309.25	-63.92902895164073
309.3	-63.92703711737017
309.35	-63.92510326725524
309.40000000000003	-63.924214661320235
309.45	-63.923385913806044
309.5	-63.92365657846335
309.55	-63.924041647832084
309.59999999999997	-63.92556466718807
309.65	-63.92734163398596
309.7	-63.930184882418715
309.75	-63.93340133381593
309.8	-63.93762936379491
309.85	-63.942354916844906
309.90000000000003	-63.94791495189848
309.95	-63.95403932478587
310.0	-63.9608727803478
310.05	-63.968276591334245
310.09999999999997	-63.976270673400606
310.15	-63.98477619181972
310.2	-63.99370816537878
310.25	-64.00296134253183
310.3	-64.01242480185324
310.35	-64.02194296599964
310.40000000000003	-64.03133209226023
310.45	-64.04040163814628
310.5	-64.04898795289844
310.55	-64.05699677008914
310.59999999999997	-64.06433113912641
310.65	-64.0709178523712
310.7	-64.07660303907019
310.75	-64.08142206412059
310.8	-64.0851393705486
310.85	-64.0879774899744
310.90000000000003	-64.08954283765709
310.95	-64.09015957457271
311.0	-64.08939703187565
311.05	-64.08768220525947
311.09999999999997	-64.08456876879563
311.15	-64.08046149385098
311.2	-64.07492361683104
311.25	-64.06834624085172
311.3	-64.06039701200862
311.35	-64.05131368823926
311.40000000000003	-64.04092341070194
311.45	-64.0293926918495
311.5	-64.01672751897468
311.55	-64.00297234363896
311.59999999999997	-63.98825156620025
311.65	-63.97270365630006
311.7	-63.956471622644656
311.75	-63.93974930615527
311.8	-63.92283935367856
311.85	-63.906113925776054
311.90000000000003	-63.88980390728912
311.95	-63.874025575672476
312.0	-63.858847265591386
312.05	-63.84435598878245
312.09999999999997	-63.83072940021391
312.15	-63.81803793832922
312.2	-63.80648531180348
312.25	-63.79559770539131
312.3	-63.78614925571006
312.35	-63.77727697344976
312.40000000000003	-63.770596738603686
312.45	-63.76413864008049
312.5	-63.76014306871129
312.55	-63.75628861450001
312.59999999999997	-63.75489880191694
312.65	-63.75338981137428
312.7	-63.754114699902175
312.75	-63.75451432183753
312.8	-63.756709354873976
312.85	-63.75871800312751
312.90000000000003	-63.762495983367245
312.95	-63.76637906779365
313.0	-63.7713620869351
313.05	-63.776311863813746
313.09999999999997	-63.78164003340757
313.15	-63.786836153654534
313.2	-63.79197678485562
313.25	-63.79688078124397
313.3	-63.801382841636865
313.35	-63.80531175531148
313.40000000000003	-63.80849249087102
313.45	-63.81078040543654
313.5	-63.81206855105242
313.55	-63.81229863188146
313.59999999999997	-63.81143899370778
313.65	-63.80945356730568
313.7	-63.80632484431861
313.75	-63.80205539730621
313.8	-63.796676741371954
313.85	-63.790248332524655
313.90000000000003	-63.782877035370404
313.95	-63.7747215846905
314.0	-63.765964623073145
314.05	-63.75685044681788
314.09999999999997	-63.74765582541424
314.15	-63.73861928476924
314.2	-63.729933766626964
314.25	-63.72175970009577
314.3	-63.7142417525311
314.35	-63.707496146534865
314.40000000000003	-63.701641006728565
314.45	-63.69677051148049
314.5	-63.69295573009502
314.55	-63.690202369003046
314.59999999999997	-63.68851141924867
314.65	-63.68782452615085
314.7	-63.68808403222828
314.75	-63.68921147503687
314.8	-63.6910903236586
314.85	-63.69361055988363
314.90000000000003	-63.696595800827595
314.95	-63.69987214097426
315.0	-63.70319963133523
315.05	-63.70637819122858
315.09999999999997	-63.709164055661525
315.15	-63.711379011333634
315.2	-63.71268746111549
315.25	-63.713139006283896
315.3	-63.71214798967927
315.35	-63.71002921146051
315.40000000000003	-63.706134461656504
315.45	-63.70079179182031
315.5	-63.693513235379214
315.55	-63.684455061592416
315.59999999999997	-63.6734234651078
315.65	-63.66046782807681
315.7	-63.64554270425913
315.75	-63.62864204487276
315.8	-63.609727521955506
315.85	-63.58881366878895
315.90000000000003	-63.566050202160014
315.95	-63.54160391349035
316.0	-63.51562235695788
316.05	-63.488323060115064
316.09999999999997	-63.459883846567564
316.15	-63.430479849164456
316.2	-63.40021852471051
316.25	-63.369252796369935
316.3	-63.33792621424806
316.35	-63.3066159389883
316.40000000000003	-63.27558252183459
316.45	-63.24492092323359
316.5	-63.214571937181866
316.55	-63.18461003688663
316.59999999999997	-63.15507104696042
316.65	-63.125887763016195
316.7	-63.09701585432977
316.75	-63.068354590783514
316.8	-63.0400407523254
316.85	-63.012206862034
316.90000000000003	-62.98483568157927
316.95	-62.957975435782885
317.0	-62.931654405128185
317.05	-62.90585500198887
317.09999999999997	-62.88049192911899
317.15	-62.85544008219989
317.2	-62.8307205484794
317.25	-62.806402234478796
317.3	-62.78241600903864
317.35	-62.758602852416
317.40000000000003	-62.73483609178015
317.45	-62.711065892180045
317.5	-62.687155678252296
317.55	-62.663055409233635
317.59999999999997	-62.63895500386647
317.65	-62.61504173623018
317.7	-62.59129956215038
317.75	-62.56760791334932
317.8	-62.54401549630727
317.85	-62.520760975509674
317.90000000000003	-62.498013332500726
317.95	-62.47578784940439
318.0	-62.45408728806736
318.05	-62.432999267136616
318.09999999999997	-62.412633654369486
318.15	-62.39303694130089
318.2	-62.37424281508871
318.25	-62.35637446783251
318.3	-62.339598732493286
318.35	-62.32408015887826
318.40000000000003	-62.30993314871125
318.45	-62.297168323191244
318.5	-62.28578594411701
318.55	-62.27570218032069
318.6	-62.26696728836794
318.65	-62.25950544721803
318.7	-62.25344467777073
318.75	-62.24867166051082
318.79999999999995	-62.245346840454516
318.85	-62.243293143055816
318.90000000000003	-62.24274765391927
318.95	-62.243434096889146
319.0	-62.245650142251854
319.05	-62.2491111156773
319.1	-62.254019974218934
319.15	-62.26021218371127
319.2	-62.26773507968022
319.25	-62.27649962593766
319.29999999999995	-62.28651783532878
319.35	-62.297732015428075
319.40000000000003	-62.310070283583315
319.45	-62.323353031294026
319.5	-62.337316349251964
319.55	-62.35180426844603
319.6	-62.3667135929542
319.65	-62.381930689651604
319.7	-62.39736941438893
319.75	-62.412906945562774
319.79999999999995	-62.42839957596023
319.85	-62.44364021613067
319.90000000000003	-62.45844236244348
319.95	-62.4726726676882
320.0	-62.486136655572636
320.05	-62.49860020640757
320.1	-62.509783729697375
320.15	-62.51933883377545
320.2	-62.526983504272565
320.25	-62.532546620993834
320.29999999999995	-62.53592822687648
320.35	-62.53706339717416
320.40000000000003	-62.53592656094479
320.45	-62.53239290092098
320.5	-62.52638104456418
320.55	-62.51779112275052
320.6	-62.506580999432146
320.65	-62.49266407447691
320.7	-62.476043913005284
320.75	-62.45677134654635
320.79999999999995	-62.43480572488281
320.85	-62.41022606325785
320.90000000000003	-62.38329976508753
320.95	-62.354385081636224
321.0	-62.32378532436536
321.05	-62.29172263337838
321.1	-62.25850800524144
321.15	-62.224423522149436
321.2	-62.18966497635855
321.25	-62.154566325493676
321.29999999999995	-62.11938730247918
321.35	-62.0841996130323
321.40000000000003	-62.049182168758676
321.45	-62.01460514055527
321.5	-61.980695510836895
321.55	-61.94751832751855
321.6	-61.915201148581275
321.65	-61.88407540542342
321.7	-61.85445487270174
321.75	-61.826582098754955
321.79999999999995	-61.80049935487214
321.85	-61.77606761917422
321.90000000000003	-61.75328764253915
321.95	-61.73222435409815
322.0	-61.71280267799146
322.05	-61.6948276792791
322.1	-61.67815865517902
322.15	-61.662521184237605
322.2	-61.64796831053102
322.25	-61.63391617341294
322.29999999999995	-61.620526963863085
322.35	-61.60729982479215
322.40000000000003	-61.59449541030251
322.45	-61.58157691783998
322.5	-61.56864228185454
322.55	-61.555347701804735
322.6	-61.541751151143046
322.65	-61.52777633030287
322.7	-61.51347307050896
322.75	-61.498838624488755
322.79999999999995	-61.48387009794355
322.85	-61.46861136500827
322.90000000000003	-61.45324841014882
322.95	-61.43804466162126
323.0	-61.42321025097549
323.05	-61.40891950036318
323.1	-61.395382784770355
323.15	-61.382846949437024
323.2	-61.371572512119336
323.25	-61.36175484425084
323.29999999999995	-61.35354185222891
323.35	-61.34706666933134
323.40000000000003	-61.34245538986167
323.45	-61.339705282353215
323.5	-61.33893370874942
323.55	-61.34003700658519
323.6	-61.34320756306287
323.65	-61.34835786373674
323.7	-61.35558067665236
323.75	-61.36477471173865
323.79999999999995	-61.375816816444704
323.85	-61.388617682757754
323.90000000000003	-61.40304869139614
323.95	-61.41882124724217
324.0	-61.43558078351893
324.05	-61.453011683227004
324.1	-61.47080435835829
324.15	-61.48861075472475
324.2	-61.50605874911801
324.25	-61.522816050710546
324.29999999999995	-61.53861054007733
324.35	-61.553213131675335
324.40000000000003	-61.566461436059164
324.45	-61.57818570809856
324.5	-61.58821013095164
324.55	-61.59638825767584
324.6	-61.602634599564034
324.65	-61.606946313328294
324.7	-61.609272234335585
324.75	-61.60960616251793
324.79999999999995	-61.60790029741579
324.85	-61.60416718237235
324.90000000000003	-61.598386163857256
324.95	-61.59059870570702
325.0	-61.58086695522602
325.05	-61.56929503352764
325.1	-61.55594657606633
325.15	-61.540914932923755
325.2	-61.524274901296835
325.25	-61.506086795915046
325.29999999999995	-61.48654902205946
325.34999999999997	-61.46602657598129
325.40000000000003	-61.44493935800933
325.45000000000005	-61.42368379705729
325.5	-61.40252903399087
325.55	-61.38172450823677
325.6	-61.36153806035688
325.65	-61.3421447974487
325.7	-61.32368335433319
325.75	-61.30623821296773
325.79999999999995	-61.28983775370148
325.84999999999997	-61.27445604351775
325.90000000000003	-61.26013710786357
325.95000000000005	-61.24683640040587
326.0	-61.23465864792642
326.05	-61.223309399051765
326.1	-61.2130916063754
326.15	-61.20331633091433
326.2	-61.19448625913887
326.25	-61.185913779646704
326.29999999999995	-61.17811809120018
326.34999999999997	-61.17044614288925
326.40000000000003	-61.16327862284434
326.45000000000005	-61.15619740218874
326.5	-61.14936067514866
326.55	-61.14257251348161
326.6	-61.135887637465196
326.65	-61.129290384509204
326.7	-61.122706734476594
326.75	-61.116226180309056
326.79999999999995	-61.109668575119144
326.84999999999997	-61.10330850966656
326.90000000000003	-61.09669378129061
326.95000000000005	-61.09057237294098
327.0	-61.08416514245436
327.05	-61.07870109428136
327.1	-61.072769520140106
327.15	-61.067964595499845
327.2	-61.06266645133098
327.25	-61.05882146370564
327.29999999999995	-61.05463714212017
327.34999999999997	-61.05218239153619
327.40000000000003	-61.049505945435286
327.45000000000005	-61.048772824305686
327.5	-61.04818436523588
327.55	-61.04970866789397
327.6	-61.05140990210229
327.65	-61.05515649527083
327.7	-61.05958217658439
327.75	-61.06607699182981
327.79999999999995	-61.073520371590455
327.84999999999997	-61.08272854256549
327.90000000000003	-61.09322827120123
327.95000000000005	-61.10541240431603
328.0	-61.119131522077886
328.05	-61.134494430787534
328.1	-61.151453973126294
328.15	-61.170005351608594
328.2	-61.19014396329708
328.25	-61.21181052497575
328.29999999999995	-61.23488541399059
328.34999999999997	-61.2592653905567
328.40000000000003	-61.28482284089006
328.45000000000005	-61.311234852861
328.5	-61.33803624183709
328.55	-61.36479633625872
328.6	-61.39119212019958
328.65	-61.4169456212601
328.7	-61.441833718210376
328.75	-61.465619354001305
328.79999999999995	-61.48809400646389
328.84999999999997	-61.50901281726949
328.90000000000003	-61.528136663333
328.95000000000005	-61.54535927693203
329.0	-61.56069649711402
329.05	-61.57409813019372
329.1	-61.58556442682445
329.15	-61.59491232093261
329.2	-61.60245002251953
329.25	-61.607854888951294
329.29999999999995	-61.611577868120136
329.34999999999997	-61.6130332123237
329.40000000000003	-61.61284249912726
329.45000000000005	-61.610398607810836
329.5	-61.60636471280361
329.55	-61.600349396975446
329.6	-61.5926838383771
329.65	-61.58320382804183
329.7	-61.57202221036218
329.75	-61.55910156750273
329.79999999999995	-61.544463213447614
329.84999999999997	-61.52820025290916
329.90000000000003	-61.510444438900734
329.95000000000005	-61.49137773163786
330.0	-61.47117745929933
330.05	-61.44998174185785
330.1	-61.42785743811266
330.15	-61.40477187273815
330.2	-61.38073982091639
330.25	-61.35582707938903
330.29999999999995	-61.32995469193486
330.34999999999997	-61.302939680520765
330.40000000000003	-61.274599313581014
330.45000000000005	-61.2448224532447
330.5	-61.21363225003525
330.55	-61.18105957630286
330.6	-61.14723846216148
330.65	-61.112545435221136
330.7	-61.07738372517597
330.75	-61.042076527654686
330.79999999999995	-61.00683601245632
330.84999999999997	-60.97204917659714
330.90000000000003	-60.93841432777839
330.95000000000005	-60.906558010142376
331.0	-60.8769319511844
331.05	-60.84996000501057
331.1	-60.825961696352394
331.15	-60.804993785688865
331.2	-60.78700626291207
331.25	-60.77173933676964
331.3	-60.758808614890704
331.34999999999997	-60.7484778407005
331.4	-60.73963096817813
331.45000000000005	-60.73297543031978
331.5	-60.72749317010945
331.55	-60.72359499188162
331.6	-60.72097339075165
331.65	-60.719505537581654
331.7	-60.71929689315859
331.75	-60.719777323568195
331.8	-60.721264962713846
331.84999999999997	-60.72283572493845
331.9	-60.72524121174956
331.95000000000005	-60.72740320643078
332.0	-60.73068104267492
332.05	-60.733581685014755
332.1	-60.73751207922942
332.15	-60.74073681495885
332.2	-60.745232460444676
332.25	-60.749238674321546
332.3	-60.754672873548806
332.34999999999997	-60.75956907404395
332.4	-60.76584823341192
332.45000000000005	-60.77177994470317
332.5	-60.77920790998172
332.55	-60.78644723722964
332.6	-60.79505925469549
332.65	-60.80382930722088
332.7	-60.81387396054179
332.75	-60.82453445956814
332.8	-60.83603660352995
332.84999999999997	-60.848188692579896
332.9	-60.860958604019444
332.95000000000005	-60.8742563817082
333.0	-60.88801916933835
333.05	-60.90208653130752
333.1	-60.916111889628525
333.15	-60.92970336391058
333.2	-60.94258194581485
333.25	-60.95458662120109
333.3	-60.96552490925589
333.34999999999997	-60.97517113366811
333.4	-60.98336934292192
333.45000000000005	-60.99003184532708
333.5	-60.99509802076084
333.55	-60.99854589978011
333.6	-61.000330906644734
333.65	-61.00046383219643
333.7	-60.998885037167156
333.75	-60.99557716161071
333.8	-60.9905026721781
333.84999999999997	-60.98366694562943
333.9	-60.975133773263664
333.95000000000005	-60.965016360703245
334.0	-60.953397336862245
334.05	-60.94031540983781
334.1	-60.92581695584417
334.15	-60.91001682925587
334.2	-60.89301290327552
334.25	-60.87487740210121
334.3	-60.8557296920912
334.34999999999997	-60.83568450270498
334.4	-60.814862315607186
334.45000000000005	-60.793463584722815
334.5	-60.771723922278525
334.55	-60.74985147277274
334.6	-60.72798511053229
334.65	-60.70623237254105
334.7	-60.68474866349008
334.75	-60.66367046901459
334.8	-60.643064928715404
334.84999999999997	-60.62293965108913
334.9	-60.60337438030334
334.95000000000005	-60.58452093617923
335.0	-60.56646372375538
335.05	-60.549208642233296
335.1	-60.5327251698922
335.15	-60.51699578280135
335.2	-60.502069587788185
335.25	-60.488011656820106
335.3	-60.47478447527487
335.34999999999997	-60.46244047127278
335.4	-60.45095265014707
335.45000000000005	-60.44044275381805
335.5	-60.430721947590236
335.55	-60.422107197215595
335.6	-60.41393689677682
335.65	-60.40702169536763
335.7	-60.40035314962887
335.75	-60.39503639520933
335.8	-60.389797301386025
335.84999999999997	-60.38590637279442
335.9	-60.38215651645663
335.95000000000005	-60.379779383778896
336.0	-60.37756400017057
336.05	-60.37666422323258
336.1	-60.3760789183046
336.15	-60.376872678288805
336.2	-60.3781517967286
336.25	-60.38071931232691
336.3	-60.38387445895438
336.34999999999997	-60.388032265364274
336.4	-60.39285619314313
336.45000000000005	-60.39845403226656
336.5	-60.40472983691592
336.55	-60.41171108916791
336.6	-60.41934062562065
336.65	-60.42756781756138
336.7	-60.43631497753063
336.75	-60.44550377272512
336.8	-60.455012817259316
336.84999999999997	-60.46470255086783
336.9	-60.47448050462061
336.95000000000005	-60.48433857622578
337.0	-60.49424659027752
337.05	-60.50415486639059
337.1	-60.51398165958011
337.15	-60.52370138444272
337.2	-60.53322290617865
337.25	-60.542414145488735
337.3	-60.55112166558416
337.34999999999997	-60.55922785690841
337.4	-60.56658374309937
337.45000000000005	-60.57299199357399
337.5	-60.578271536305664
337.55	-60.58226009419444
337.6	-60.58477835866603
337.65	-60.58566582926733
337.7	-60.58483290231746
337.75	-60.5820819295114
337.8	-60.57735618580201
337.84999999999997	-60.570388192216114
337.9	-60.56107944627671
337.95	-60.54928974656505
338.0	-60.534931417023785
338.05	-60.51793040525868
338.1	-60.49820951868358
338.15000000000003	-60.47573618138092
338.2	-60.450553882364446
338.25	-60.42268688194321
338.3	-60.39213261485307
338.34999999999997	-60.35890930957131
338.4	-60.32314471630163
338.45	-60.28529211621212
338.5	-60.24578847365437
338.55	-60.20480182094349
338.6	-60.16241009046085
338.65000000000003	-60.11881409261157
338.7	-60.07431571586058
338.75	-60.02919447153849
338.8	-59.9836945330748
338.84999999999997	-59.93809112897194
338.9	-59.89256169645103
338.95	-59.84732608748459
339.0	-59.802958864317816
339.05	-59.75984973214098
339.1	-59.71806903754701
339.15000000000003	-59.677635028133565
339.2	-59.63865979428435
339.25	-59.60154510434691
339.3	-59.566556153724314
339.34999999999997	-59.53351483282446
339.4	-59.50214618568064
339.45	-59.47230223638839
339.5	-59.443969507445665
339.55	-59.41718804646116
339.6	-59.391949032755846
339.65000000000003	-59.36825071369013
339.7	-59.34602616075561
339.75	-59.32522674487252
339.8	-59.30573281352283
339.84999999999997	-59.28738787387236
339.9	-59.27004102440721
339.95	-59.25366458989777
340.0	-59.23813564542858
340.05	-59.22339807284338
340.1	-59.209163327923314
340.15000000000003	-59.19544219685094
340.2	-59.1819593383397
340.25	-59.16870347842314
340.3	-59.15545567165674
340.34999999999997	-59.142243203477236
340.4	-59.12897129050981
340.45	-59.115648868056255
340.5	-59.10220850115729
340.55	-59.08868354860907
340.6	-59.075036159102716
340.65000000000003	-59.06124732591061
340.7	-59.047326281454374
340.75	-59.03335428983482
340.8	-59.01943147681166
340.84999999999997	-59.00560319643024
340.9	-58.991881637432215
340.95	-58.978324782360374
341.0	-58.964993679075555
341.05	-58.951944995511326
341.1	-58.939162763701994
341.15000000000003	-58.92669110850686
341.2	-58.91472416176451
341.25	-58.90343585893713
341.3	-58.89292146575761
341.34999999999997	-58.883250812088576
341.4	-58.87447834839408
341.45	-58.866691589262004
341.5	-58.859969439365116
341.55	-58.85437247755837
341.6	-58.84995175739445
341.65000000000003	-58.84673284056224
341.7	-58.844706981128155
341.75	-58.84385496508668
341.8	-58.8441173905511
341.84999999999997	-58.845448020030126
341.9	-58.84776591569493
341.95	-58.850997984978434
342.0	-58.85503347745109
342.05	-58.859727265980254
342.1	-58.86487156735789
342.15000000000003	-58.870208478986356
342.2	-58.87548123012555
342.25	-58.880454336615365
342.3	-58.88489016284733
342.34999999999997	-58.88855709816547
342.4	-58.891270103336126
342.45	-58.89285403158095
342.5	-58.8931864702958
342.55	-58.89211708555517
342.6	-58.889570701325574
342.65000000000003	-58.885383460097586
342.7	-58.87948843611824
342.75	-58.87181430525867
342.8	-58.86234198587924
342.84999999999997	-58.85104465485986
342.9	-58.83796106259025
342.95	-58.82314514256613
343.0	-58.806683947667224
343.05	-58.788726976891
343.1	-58.76938253771698
343.15000000000003	-58.74874009706777
343.2	-58.727019603309316
343.25	-58.70453766894901
343.3	-58.681571957170455
343.34999999999997	-58.65829455886479
343.4	-58.634918124338206
343.45	-58.61160601556149
343.5	-58.58847941932878
343.55	-58.565811885500224
343.6	-58.54384999610025
343.65000000000003	-58.52273423576236
343.7	-58.502577515194005
343.75	-58.483388780457375
343.8	-58.46510888429866
343.84999999999997	-58.44757170684832
343.9	-58.43078136093496
343.95	-58.41471889211431
344.0	-58.3994865949727
344.05	-58.384968186251314
344.1	-58.37128512082856
344.15000000000003	-58.35812210754382
344.2	-58.34559853362448
344.25	-58.33348462183854
344.3	-58.32187313462736
344.34999999999997	-58.31070070682404
344.4	-58.300107856525
344.45	-58.29013246253904
344.5	-58.28085287595117
344.55	-58.27229189736008
344.6	-58.26448750383648
344.65000000000003	-58.25746612965392
344.7	-58.25125705223746
344.75	-58.245946146536966
344.8	-58.24152820568645
344.84999999999997	-58.23814974149941
344.9	-58.235684802683586
344.95	-58.23443943569379
345.0	-58.234077017084175
345.05	-58.23504967581992
345.1	-58.236922432837865
345.15000000000003	-58.24007970212675
345.2	-58.24417243027291
345.25	-58.24947899319282
345.3	-58.255840222613315
345.34999999999997	-58.263275688400306
345.4	-58.271670647052744
345.45	-58.28094481570413
345.5	-58.29101299502981
345.55	-58.30186662621968
345.6	-58.31343317544729
345.65000000000003	-58.32566083587342
345.7	-58.338514045078874
345.75	-58.351997755144296
345.8	-58.36605825698955
345.84999999999997	-58.380592223435855
345.9	-58.39552458241416
345.95	-58.41083644028077
346.0	-58.42652602457932
346.05	-58.44261552486608
346.1	-58.45911935912105
346.15000000000003	-58.47604725782526
346.2	-58.49338256796365
346.25	-58.511105340056304
346.3	-58.52928073149708
346.34999999999997	-58.54796221115439
346.4	-58.56719014361337
346.45	-58.58694531524277
346.5	-58.60712212517751
346.55	-58.62767448471455
346.6	-58.64849193718546
346.65000000000003	-58.669413572096275
346.7	-58.6903672219202
346.75	-58.71132569226738
346.8	-58.73224959472829
346.84999999999997	-58.75299409085746
346.9	-58.773378378270564
346.95	-58.79326495804244
347.0	-58.81239395310585
347.05	-58.83046128035079
347.1	-58.84717843228706
347.15000000000003	-58.86227317853124
347.2	-58.87548505809551
347.25	-58.88652897886319
347.3	-58.89515188429152
347.34999999999997	-58.901129442288266
347.4	-58.90427111325174
347.45	-58.90450223724346
347.5	-58.90180841058866
347.55	-58.89609670471053
347.6	-58.88717583457557
347.65000000000003	-58.87483915830114
347.7	-58.85896062155848
347.75	-58.839455927073644
347.8	-58.816309890543764
347.84999999999997	-58.78965597120514
347.9	-58.75972473311855
347.95	-58.726799881551955
348.0	-58.69118031501891
348.05	-58.65333598205444
348.1	-58.61397639276581
348.15000000000003	-58.5736819211008
348.2	-58.532895827902436
348.25	-58.49214278203376
348.3	-58.45174847589083
348.34999999999997	-58.41191793562077
348.4	-58.37283292391132
348.45	-58.3347057334268
348.5	-58.297860450889175
348.55	-58.262634959230425
348.6	-58.22910161005115
348.65000000000003	-58.197131784703316
348.7	-58.166650878290284
348.75	-58.13774622905955
348.8	-58.11050630086956
348.84999999999997	-58.08488485258916
348.9	-58.060857623221025
348.95	-58.03844580341255
349.0	-58.017644670338086
349.05	-57.99837062730864
349.1	-57.98047349894041
349.15000000000003	-57.963785404607215
349.2	-57.948271765135374
349.25	-57.9339354485101
349.3	-57.92069722421588
349.34999999999997	-57.908410061924755
349.4	-57.897005746788004
349.45	-57.886437166649664
349.5	-57.87665578822828
349.55	-57.86763196820211
349.6	-57.859255711889894
349.65000000000003	-57.85150218955267
349.7	-57.84418591440405
349.75	-57.837420105498765
349.8	-57.8309764739341
349.85	-57.82517033220381
349.9	-57.81939214329468
349.95	-57.81430983792592
350.0	-57.809097175268505
350.04999999999995	-57.8047712225347
350.1	-57.80015610862294
350.15000000000003	-57.79647811814294
350.2	-57.792367887014976
350.25	-57.789387564487555
350.3	-57.78610400369971
350.35	-57.78418862573302
350.4	-57.78200444389935
350.45	-57.78144188441948
350.5	-57.78094080275379
350.54999999999995	-57.7822507908912
350.6	-57.78359712306517
350.65000000000003	-57.78643806805231
350.7	-57.78931068129467
350.75	-57.79352682997421
350.8	-57.79796006941084
350.85	-57.80354815540446
350.9	-57.809496183979576
350.95	-57.81620289225478
351.0	-57.82333204136492
351.04999999999995	-57.83098503368462
351.1	-57.83901664420938
351.15000000000003	-57.84730893180439
351.2	-57.855658574984105
351.25	-57.86382041258189
351.3	-57.871570026994476
351.35	-57.878754981835066
351.4	-57.885205585521604
351.45	-57.89082442950102
351.5	-57.89540370020225
351.54999999999995	-57.89894047480317
351.6	-57.90113112997216
351.65000000000003	-57.90214301423303
351.7	-57.90146709685368
351.75	-57.89949859665718
351.8	-57.89581228539464
351.85	-57.8907201079926
351.9	-57.88396336178904
351.95	-57.875686839883045
352.0	-57.865934197700305
352.04999999999995	-57.85486330541114
352.1	-57.84255245263351
352.15000000000003	-57.829139463853636
352.2	-57.81477898614804
352.25	-57.799673406701196
352.3	-57.784009676681556
352.35	-57.76799356682391
352.4	-57.75184939400421
352.45	-57.73581955382542
352.5	-57.72016189944128
352.54999999999995	-57.705137680583086
352.6	-57.69101204501085
352.65000000000003	-57.67804710549919
352.7	-57.66646759262254
352.75	-57.65643185641977
352.8	-57.64801937845265
352.85	-57.64124729041444
352.9	-57.63602100831779
352.95	-57.632344871663676
353.0	-57.63002944400834
353.04999999999995	-57.62909793427027
353.1	-57.62935150102394
353.15000000000003	-57.63073492829894
353.2	-57.63306628150062
353.25	-57.63619567774879
353.3	-57.63992326688867
353.35	-57.64401779145479
353.4	-57.64821760408927
353.45	-57.6522636883648
353.5	-57.65589802644885
353.54999999999995	-57.658886221857294
353.6	-57.661046099437854
353.65000000000003	-57.66222678784531
353.7	-57.662328784207816
353.75	-57.66123291339356
353.8	-57.65886057421258
353.85	-57.65511292623144
353.9	-57.649934728462256
353.95	-57.64328675927088
354.0	-57.63517766053705
354.04999999999995	-57.625624875059486
354.1	-57.61467155153183
354.15000000000003	-57.60237098525387
354.2	-57.58878781548449
354.25	-57.574022062358395
354.3	-57.558189354634365
354.35	-57.54136499641545
354.4	-57.52358007347312
354.45	-57.50490980948254
354.5	-57.485534392543414
354.54999999999995	-57.465648556152544
354.6	-57.445357357905934
354.65000000000003	-57.42472638405476
354.7	-57.40385598310235
354.75	-57.382904476115655
354.8	-57.36198806352424
354.85	-57.34120166798408
354.9	-57.32065997824211
354.95	-57.30049038254563
355.0	-57.280932278525555
355.04999999999995	-57.262287708806866
355.1	-57.24479511805593
355.15000000000003	-57.228588894493186
355.2	-57.21378045912341
355.25	-57.20045964734358
355.3	-57.188642492611585
355.35	-57.17827184724506
355.4	-57.16934623841955
355.45	-57.1618248109464
355.5	-57.15567835584086
355.54999999999995	-57.15077534796893
355.6	-57.14706899077393
355.65000000000003	-57.14428667721171
355.7	-57.14238127659125
355.75	-57.14104998345732
355.8	-57.1401610048497
355.85	-57.13958430211909
355.9	-57.139014857919086
355.95	-57.13838050192523
356.0	-57.137192558146026
356.04999999999995	-57.1355499214893
356.1	-57.13286458381013
356.15000000000003	-57.12934912677247
356.2	-57.12442446384668
356.25	-57.11828874162127
356.3	-57.11051466086913
356.35	-57.10120485134166
356.4	-57.09001800304937
356.45	-57.07697602256762
356.5	-57.061958453006184
356.54999999999995	-57.04501774707708
356.59999999999997	-57.02602238605276
356.65000000000003	-57.004829644646165
356.70000000000005	-56.98135667688986
356.75	-56.955653401553846
356.8	-56.92786710097877
356.85	-56.89807759685229
356.9	-56.86616923517454
356.95	-56.83208997596259
357.0	-56.79608750959518
357.04999999999995	-56.75859126953971
357.09999999999997	-56.71996278049369
357.15000000000003	-56.68045260331054
357.20000000000005	-56.64058122916041
357.25	-56.60104792516029
357.3	-56.56216330987766
357.35	-56.52412102531661
357.4	-56.48718179006933
357.45	-56.45153524944166
357.5	-56.4172925816627
357.54999999999995	-56.384550490563825
357.59999999999997	-56.35333820681051
357.65000000000003	-56.32349773079136
357.70000000000005	-56.29479443904627
357.75	-56.2671618802989
357.8	-56.24059589330785
357.85	-56.21506088396727
357.9	-56.19050255170421
357.95	-56.1668015428637
358.0	-56.14394666127011
358.04999999999995	-56.12194589592325
358.09999999999997	-56.10071058957439
358.15000000000003	-56.080183734895414
358.20000000000005	-56.060320658839785
358.25	-56.0410823571557
358.3	-56.022493988932986
358.35	-56.00458804083046
358.4	-55.98735941136139
358.45	-55.97078871491676
358.5	-55.95486001173374
358.54999999999995	-55.939575406204405
358.59999999999997	-55.92485815241607
358.65000000000003	-55.910630676920135
358.70000000000005	-55.89679521193946
358.75	-55.88339423140733
358.8	-55.87043260457942
358.85	-55.85794611957814
358.9	-55.8458175748018
358.95	-55.834050243897366
359.0	-55.82261319341342
359.04999999999995	-55.81168177499651
359.09999999999997	-55.80122357705315
359.15000000000003	-55.79127707386641
359.20000000000005	-55.78182699267677
359.25	-55.773046014257844
359.3	-55.76492790081181
359.35	-55.75760715499446
359.4	-55.75105144537391
359.45	-55.74542263089983
359.5	-55.74065972273313
359.54999999999995	-55.73693810267632
359.59999999999997	-55.73411932193726
359.65000000000003	-55.73237059958091
359.70000000000005	-55.73147928644954
359.75	-55.731492089169976
359.8	-55.73240530675537
359.85	-55.73402516411692
359.9	-55.736578228543536
359.95	-55.73954112755423
360.0	-55.743360141562064
360.04999999999995	-55.74724552029256
360.09999999999997	-55.7519885910444
360.15000000000003	-55.75653399834344
360.20000000000005	-55.76167661905893
360.25	-55.766007528471974
360.3	-55.77063278036973
360.35	-55.7737468186932
360.4	-55.77673355099306
360.45	-55.777299850851506
360.5	-55.77754513902738
360.54999999999995	-55.775252926192714
360.59999999999997	-55.77252805811233
360.65000000000003	-55.76749170860837
360.70000000000005	-55.761958757869884
360.75	-55.75443733205778
360.8	-55.74591244026668
360.85	-55.73592669001315
360.9	-55.72463483363327
360.95	-55.71205010374338
361.0	-55.698220025142106
361.04999999999995	-55.68328458649304
361.09999999999997	-55.66737768683214
361.15000000000003	-55.650657451679365
361.20000000000005	-55.633208091122576
361.25	-55.615013695750584
361.3	-55.59612392321351
361.35	-55.5766559370743
361.4	-55.5567039119115
361.45	-55.536186410159104
361.5	-55.51499912641532
361.54999999999995	-55.49317238920767
361.59999999999997	-55.47083513437745
361.65000000000003	-55.4481385357096
361.70000000000005	-55.42524150792419
361.75	-55.4022894831629
361.8	-55.3793898632878
361.85	-55.35659471612051
361.9	-55.334013813087516
361.95	-55.31177579759655
362.0	-55.289873012221
362.04999999999995	-55.268306472054846
362.09999999999997	-55.24709792629004
362.15000000000003	-55.22616765529257
362.20000000000005	-55.20540859759682
362.25	-55.1847809957181
362.3	-55.164216957749005
362.35	-55.14358923043825
362.4	-55.1228499269041
362.45	-55.10204617989727
362.5	-55.081199129476474
362.55	-55.06023095914851
362.59999999999997	-55.03902903444041
362.65	-55.01754477028089
362.70000000000005	-54.99580762794612
362.75	-54.97386550959922
362.8	-54.95181832192179
362.85	-54.92984555003311
362.9	-54.90808827804061
362.95	-54.88663654917815
363.0	-54.865646861312904
363.05	-54.845275734125536
363.09999999999997	-54.82562862233516
363.15	-54.806784609075514
363.20000000000005	-54.78881175055466
363.25	-54.77180881134837
363.3	-54.75583966102133
363.35	-54.74086455006115
363.4	-54.72699579523664
363.45	-54.71375141607706
363.5	-54.701481322379024
363.55	-54.68958089552102
363.59999999999997	-54.67869710801679
363.65	-54.667969442992614
363.70000000000005	-54.658377062462684
363.75	-54.648671826582216
363.8	-54.64001219858954
363.85	-54.63105524076002
363.9	-54.6231127675495
363.95	-54.614953272786934
364.0	-54.60798690785481
364.05	-54.60090696342703
364.09999999999997	-54.595265219943684
364.15	-54.589347695933384
364.20000000000005	-54.58490092059061
364.25	-54.580006221348185
364.3	-54.576449541432154
364.35	-54.57247365329839
364.4	-54.56985011489456
364.45	-54.56688281403397
364.5	-54.5652165506206
364.55	-54.56319385276001
364.59999999999997	-54.562297675795534
364.65	-54.561070495881175
364.70000000000005	-54.56073306131129
364.75	-54.55980437819841
364.8	-54.55922685688597
364.85	-54.55785140113467
364.9	-54.55653080148017
364.95	-54.554301247548594
365.0	-54.55182397048471
365.05	-54.5483933265169
365.09999999999997	-54.544491388259914
365.15	-54.53961410823099
365.20000000000005	-54.5339727518641
365.25	-54.52733625523553
365.3	-54.51974779514009
365.35	-54.511106960823746
365.4	-54.50140529736802
365.45	-54.49059204007329
365.5	-54.4786549408462
365.55	-54.46558332258739
365.59999999999997	-54.45142262271105
365.65	-54.43618928071772
365.70000000000005	-54.419869966767266
365.75	-54.40245696866627
365.8	-54.383978410877376
365.85	-54.36452605240547
365.9	-54.34422337156681
365.95	-54.32314839887671
366.0	-54.301359495607244
366.05	-54.27889694977959
366.09999999999997	-54.25578535182888
366.15	-54.232047768826625
366.20000000000005	-54.207840107440845
366.25	-54.183418461565466
366.3	-54.159006008296146
366.35	-54.13480007656406
366.4	-54.11095726221812
366.45	-54.08748993447007
366.5	-54.064375500006506
366.55	-54.041681628651844
366.59999999999997	-54.01955458509922
366.65	-53.998113019110065
366.70000000000005	-53.97736255141131
366.75	-53.957310710187684
366.8	-53.93795335028419
366.85	-53.91924649507832
366.9	-53.90116531031238
366.95	-53.883663758842246
367.0	-53.866733394903726
367.05	-53.850358279309646
367.09999999999997	-53.83451000148843
367.15	-53.81907541635402
367.20000000000005	-53.80397175990567
367.25	-53.78903333469133
367.3	-53.77426828736323
367.35	-53.75952663440164
367.4	-53.74472289283575
367.45	-53.72967260169282
367.5	-53.71433230826969
367.55	-53.69865751709186
367.59999999999997	-53.68262990355403
367.65	-53.66617539341177
367.70000000000005	-53.649278549767864
367.75	-53.63192831254611
367.8	-53.614132124277916
367.85	-53.595892733496086
367.9	-53.57718952113399
367.95	-53.558009503056894
368.0	-53.53838179527823
368.05	-53.518369166566565
368.09999999999997	-53.4979800837471
368.15	-53.477237523694356
368.20000000000005	-53.45625185100474
368.25	-53.4350642678626
368.3	-53.41360622764926
368.35	-53.39185058698742
368.4	-53.36982392182775
368.45	-53.34752058118339
368.5	-53.32487163612626
368.55	-53.30183977260839
368.59999999999997	-53.278498106159574
368.65	-53.254982975726094
368.70000000000005	-53.231388369545726
368.75	-53.207759357042974
368.8	-53.18407654239704
368.85	-53.1603723423037
368.9	-53.13675491918431
368.95	-53.11326020899284
369.0	-53.089898571124806
369.05	-53.066643633771
369.09999999999997	-53.04344300598101
369.15	-53.02018043787237
369.2	-52.99669985602209
369.25	-52.97287745667471
369.3	-52.94845869682234
369.35	-52.923107181832414
369.40000000000003	-52.896450871097535
369.45	-52.86814467510621
369.5	-52.837721293025
369.55	-52.80471577850514
369.59999999999997	-52.76880795652943
369.65	-52.729813855766395
369.7	-52.68735271189402
369.75	-52.640950180439056
369.8	-52.590249845622324
369.85	-52.53503510791513
369.90000000000003	-52.475312625579676
369.95	-52.41115974269434
370.0	-52.342497689182636
370.05	-52.26915347253802
370.09999999999997	-52.190540209091715
370.15	-52.10586641611606
370.2	-52.014403380287746
370.25	-51.915719260705615
370.3	-51.80964274101734
370.35	-51.695533723783285
370.40000000000003	-51.57238073701596
370.45	-51.43888242076706
370.5	-51.294189566984286
370.55	-51.137947686840356
370.59999999999997	-50.969242304276676
370.65	-50.786532584055365
370.7	-50.588516849701065
370.75	-50.37503200040938
370.8	-50.1476234786018
370.85	-49.90777477215208
370.90000000000003	-49.65678916005942
370.95	-49.396683462765715
371.0	-49.12792742507723
371.05	-48.848855120881865
371.09999999999997	-48.5561994932515
371.15	-48.25049705479156
371.2	-47.93632218710938
371.25	-47.61030422061417
371.3	-47.263977240894604
371.35	-46.89355674112212
371.40000000000003	-46.497993189643225
371.45	-46.07734839119526
371.5	-45.62495532927693
371.55	-45.12916188807992
371.59999999999997	-44.5891954129403
371.65	-44.004328548907935
371.7	-43.36396326563606
371.75	-42.67843454459398
371.8	-41.96248715769738
371.85	-41.21543389404456
371.90000000000003	-40.42930884298712
371.95	-39.592042541938284
372.0	-38.694808710222304
372.05	-37.72759170054946
372.09999999999997	-36.70847635740115
372.15	-35.63506082610128
372.2	-34.48759458225784
372.25	-33.27878040863577
372.3	-32.004315759223076
372.35	-30.6277660199632
372.40000000000003	-29.216186129781153
372.45	-27.78278084412565
372.5	-26.287457238213726
372.55	-24.712589497698183
372.59999999999997	-23.126965486967762
372.65	-21.587501844822484
372.7	-20.076909310847366
372.75	-18.62532887387446
372.8	-17.180516685267072
372.85	-15.68539683424189
372.90000000000003	-14.224935344067275
372.95	-12.832836357528837
373.0	-11.495183134591759
373.05	-10.311533028393384
373.09999999999997	-9.257235649602325
373.15	-8.259437271713598
373.2	-7.313722109060671
373.25	-6.422511155324006
373.3	-5.601755280420374
373.35	-4.858099512496722
373.40000000000003	-4.174452604228646
373.45	-3.526272907151776
373.5	-2.8971182357229797
373.55	-2.299747501859902
373.59999999999997	-1.7503732704593031
373.65	-1.2479763860023771
373.7	-0.7881786015816961
373.75	-0.3629265226435388
373.8	0.03306842362956965
373.85	0.40645629706509756
373.90000000000003	0.7627286533669849
373.95	1.1052049540702642
374.0	1.4376238647680708
374.05	1.7594685922519169
374.09999999999997	2.068295163829512
374.15	2.363709623241335
374.2	2.6454519229323257
374.25	2.915564581772982
374.3	3.1755624725036853
374.35	3.422790143957223
374.40000000000003	3.656667256273278
374.45	3.879950817296165
374.5	4.096004611023539
374.55	4.305826734444078
374.59999999999997	4.508892900217532
374.65	4.705307831524859
374.7	4.89579024844411
374.75	5.0811873757235
374.8	5.2622024166501795
374.85	5.437975684547824
374.90000000000003	5.608352854350975
374.95	5.774910214752534
375.0	5.93815858285754
375.05	6.0975153485105045
375.09999999999997	6.252436267974975
375.15	6.40346656050219
375.2	6.550483499738885
375.25	6.692023974579735
375.3	6.827145977338755
375.35	6.956524502617572
375.40000000000003	7.081186767458949
375.45	7.201468718241792
375.5	7.316207388053396
375.55	7.424314804141426
375.59999999999997	7.525868444989388
375.65	7.621048214964128
375.7	7.710259978092244
375.75	7.793850560995736
375.8	7.8721566261591125
375.85	7.945474254644493
375.90000000000003	8.013963021469886
375.95	8.077941228958052
376.0	8.13804197370893
376.05	8.194646021017737
376.09999999999997	8.247868120157026
376.15	8.297765003218842
376.2	8.344738545674527
376.25	8.389432439691355
376.3	8.432217051531477
376.35	8.473067551139687
376.40000000000003	8.511961056768694
376.45	8.549135845235767
376.5	8.585123952100746
376.55	8.62004592830904
376.59999999999997	8.653733034876062
376.65	8.686183305035838
376.7	8.717455470042289
376.75	8.747569682664569
376.8	8.776575428842563
376.85	8.804574714576024
376.90000000000003	8.83155252813965
376.95	8.85736948664647
377.0	8.881920406794933
377.05	8.905194234368127
377.09999999999997	8.927116615834972
377.15	8.947610113779067
377.2	8.966616963753047
377.25	8.984087212642248
377.3	8.999908144144921
377.35	9.013908082008289
377.40000000000003	9.02595376815292
377.45	9.036074210509941
377.5	9.044189670043242
377.55	9.050414735352717
377.59999999999997	9.054467479169027
377.65	9.056604214185585
377.7	9.056234090698844
377.75	9.053946314327295
377.8	9.049141624914494
377.85	9.04242576048803
377.90000000000003	9.03325621294284
377.95	9.02203176930026
378.0	9.00830885821411
378.05	8.992215573589839
378.09999999999997	8.973550628536398
378.15	8.95227746997562
378.2	8.928418155055311
378.25	8.902049410340815
378.3	8.873418318474275
378.35	8.842783158599884
378.40000000000003	8.810327942235562
378.45	8.776296995699624
378.5	8.741102769481628
378.55	8.70525077583801
378.59999999999997	8.669064057717922
378.65	8.632606951892225
378.7	8.595948269165065
378.75	8.559392348962522
378.8	8.523315770005546
378.85	8.488007123816306
378.90000000000003	8.453572692795582
378.95	8.420198901597232
379.0	8.388117830094957
379.05	8.357331101772983
379.09999999999997	8.327748746615537
379.15	8.299355028815391
379.2	8.27226655799269
379.25	8.246580406655067
379.3	8.22222611664483
379.35	8.199051022002642
379.40000000000003	8.176999485972226
379.45	8.156059047987924
379.5	8.136176968760116
379.55	8.117032797369308
379.59999999999997	8.098434510014943
379.65	8.0800180218021
379.7	8.061728913051443
379.75	8.043206908014497
379.8	8.02439788373644
379.85	8.00499200238505
379.90000000000003	7.984951159762687
379.95	7.963949049517371
380.0	7.9417818219531195
380.05	7.918304042435425
380.09999999999997	7.893463777490889
380.15	7.867258744810045
380.2	7.8397217815392635
380.25	7.810962254059812
380.3	7.781009683079628
380.35	7.749771380405111
380.40000000000003	7.717211947220321
380.45	7.683441693332112
380.5	7.648787590408992
380.55	7.613588658342854
380.59999999999997	7.578056600732976
380.65	7.542417630508535
380.7	7.506958875827754
380.75	7.471942814638071
380.8	7.437560120919819
380.85	7.403634810960462
380.90000000000003	7.370042446674086
380.95	7.336721783909714
381.0	7.303400750458898
381.05	7.269939815802829
381.1	7.236516194606068
381.15	7.20330243858076
381.2	7.170074086011068
381.25	7.136459685651213
381.29999999999995	7.102269011149603
381.35	7.0673788189678595
381.40000000000003	7.03156139825173
381.45	6.994677781675723
381.5	6.956657627994537
381.55	6.91756878936806
381.6	6.87746704190822
381.65	6.836231396231128
381.7	6.79386640784683
381.75	6.75056933837282
381.79999999999995	6.70656278757431
381.85	6.661867538429426
381.90000000000003	6.616301046779495
381.95	6.5698432833843725
382.0	6.522696038325786
382.05	6.475076252254125
382.1	6.427198552640409
382.15	6.379028555798195
382.2	6.33029181469881
382.25	6.28087385082292
382.29999999999995	6.230938497783756
382.35	6.18089406167055
382.40000000000003	6.131363932301248
382.45	6.082831372010384
382.5	6.035534966260057
382.55	5.989459923727235
382.6	5.944231777967296
382.65	5.899213432819494
382.7	5.853940236241948
382.75	5.808264604690407
382.79999999999995	5.7620597985077335
382.85	5.7152149744919125
382.90000000000003	5.667668479450779
382.95	5.619310160076278
383.0	5.570056902760431
383.05	5.519891232557908
383.1	5.468691588489397
383.15	5.416123269513532
383.2	5.361547057793236
383.25	5.304819986708528
383.29999999999995	5.246264618315134
383.35	5.185964622651737
383.40000000000003	5.123715808353751
383.45	5.059040797210203
383.5	4.991807703717486
383.55	4.922515999679481
383.6	4.85177802372408
383.65	4.78009841214095
383.7	4.707691000395191
383.75	4.6348126122403555
383.79999999999995	4.562260105410156
383.85	4.490630398014388
383.90000000000003	4.420293103398105
383.95	4.351480969166282
384.0	4.284201306002204
384.05	4.218529904894279
384.1	4.154538787933456
384.15	4.092257888106557
384.2	4.031850428331844
384.25	3.973421433035117
384.29999999999995	3.916730319865589
384.35	3.8611764456718207
384.40000000000003	3.8061523869430482
384.45	3.751394271664326
384.5	3.6967417042888657
384.55	3.642205331299369
384.6	3.5877497905598554
384.65	3.532855752396581
384.7	3.476883964221659
384.75	3.4196779438081837
384.79999999999995	3.3615612019121066
384.85	3.3027979019866502
384.90000000000003	3.243255064786778
384.95	3.1825454820074626
385.0	3.1200965625196178
385.05	3.055546720564621
385.1	2.988949929471406
385.15	2.9203431784207403
385.2	2.849928284100659
385.25	2.7781200445545853
385.29999999999995	2.7052704851881786
385.35	2.631310342330118
385.40000000000003	2.555814882493194
385.45	2.478533464691054
385.5	2.3998048008948945
385.55	2.320242236758747
385.6	2.240280139146835
385.65	2.159722931988854
385.7	2.077951011714992
385.75	1.9948078441154713
385.79999999999995	1.910651648447022
385.85	1.8262651806612236
385.90000000000003	1.7419542899201965
385.95	1.6570062551168319
386.0	1.570682184054522
386.05	1.4826876602293528
386.1	1.392577591865721
386.15	1.300273019696046
386.2	1.2056924451287774
386.25	1.108787768216114
386.29999999999995	1.0098734488453256
386.35	0.9090981022802419
386.40000000000003	0.8064711149440403
386.45	0.7019842202516655
386.5	0.5958116603347192
386.55	0.48827761100456374
386.6	0.3791991701642873
386.65	0.2680270849588217
386.7	0.15416765519054498
386.75	0.03771938127213716
386.79999999999995	-0.07956228768489595
386.85	-0.19668229986948918
386.90000000000003	-0.3133102612148073
386.95	-0.4286471540532694
387.0	-0.5425623549228369
387.05	-0.6561532574703899
387.1	-0.7704953023965498
387.15	-0.8854603671956557
387.2	-1.0004991077459051
387.25	-1.1161891020397698
387.29999999999995	-1.2336320728074295
387.35	-1.3528616627579964
387.40000000000003	-1.4725422116371896
387.45	-1.5911934732688437
387.5	-1.7085525726192627
387.55	-1.8237431033429554
387.6	-1.9357447560571
387.65	-2.044917410371305
387.7	-2.1517663332654777
387.75	-2.2566893212738237
387.79999999999995	-2.3592811837485628
387.84999999999997	-2.4584173068862247
387.90000000000003	-2.55383033517902
387.95000000000005	-2.645471342165728
388.0	-2.733553598427993
388.05	-2.818698298447196
388.1	-2.900950328218862
388.15	-2.9801755919318866
388.2	-3.056234781484288
388.25	-3.12924551794318
388.29999999999995	-3.1995734457542206
388.34999999999997	-3.267583187959712
388.40000000000003	-3.333686431986313
388.45000000000005	-3.398092377160751
388.5	-3.4606310191405907
388.55	-3.5212684676196435
388.6	-3.5801398933956943
388.65	-3.6373165704992325
388.7	-3.693008417804716
388.75	-3.747544292983287
388.79999999999995	-3.801361798752932
388.84999999999997	-3.854826603013848
388.90000000000003	-3.9084495742284857
388.95000000000005	-3.962945662997196
389.0	-4.018579381782822
389.05	-4.075012294005142
389.1	-4.131869644457005
389.15	-4.189055129018849
389.2	-4.24713069454307
389.25	-4.306666736874354
389.29999999999995	-4.367608763404958
389.34999999999997	-4.429681612733317
389.40000000000003	-4.492459411369324
389.45000000000005	-4.555503067819476
389.5	-4.618269675537567
389.55	-4.680482589791215
389.6	-4.742115230116785
389.65	-4.803184194584028
389.7	-4.863493337613133
389.75	-4.92243650234281
389.79999999999995	-4.97906995099209
389.84999999999997	-5.032773446966733
389.90000000000003	-5.0832238086046715
389.95000000000005	-5.130131115406234
390.0	-5.1732761164366625
390.05	-5.21235538165431
390.1	-5.247198081175539
390.15	-5.27782868322163
390.2	-5.304386545666436
390.25	-5.3270750941386265
390.29999999999995	-5.3461823972727665
390.34999999999997	-5.362038718837123
390.40000000000003	-5.374884574008107
390.45000000000005	-5.385339299071521
390.5	-5.393307511907738
390.55	-5.399528771491983
390.6	-5.403740112741605
390.65	-5.406702120540974
390.7	-5.408406160076127
390.75	-5.409327013222496
390.79999999999995	-5.409680974967583
390.84999999999997	-5.409715490648994
390.90000000000003	-5.409788637105488
390.95000000000005	-5.41007584662568
391.0	-5.4110278214471865
391.05	-5.412697747829816
391.1	-5.415613862573117
391.15	-5.41967397916353
391.2	-5.4254046394827515
391.25	-5.432637312239983
391.29999999999995	-5.441903483359084
391.34999999999997	-5.4531351312876675
391.40000000000003	-5.466649235241224
391.45000000000005	-5.482492963906704
391.5	-5.500812934398722
391.55	-5.521698981847555
391.6	-5.545150368653687
391.65	-5.5711422006234255
391.7	-5.599727071242441
391.75	-5.630988008964387
391.79999999999995	-5.664904589065923
391.84999999999997	-5.701323998974853
391.90000000000003	-5.7401606418581475
391.95000000000005	-5.781165017264068
392.0	-5.82364723952216
392.05	-5.867015056813985
392.1	-5.911014659125547
392.15	-5.955310805495515
392.2	-5.999596122034324
392.25	-6.043661452731319
392.29999999999995	-6.087516303900323
392.34999999999997	-6.131400450986799
392.40000000000003	-6.175449694785227
392.45000000000005	-6.219607958493895
392.5	-6.263706066131814
392.55	-6.307663208777235
392.6	-6.351736771237755
392.65	-6.396321183995336
392.7	-6.4415776508579325
392.75	-6.487614160750797
392.79999999999995	-6.5343720010950666
392.84999999999997	-6.581808973934637
392.90000000000003	-6.629956698269574
392.95000000000005	-6.678898996112894
393.0	-6.728735413297464
393.05	-6.779255897256068
393.1	-6.830052913274915
393.15	-6.880893900559811
393.2	-6.931615594382393
393.25	-6.982213828414155
393.29999999999995	-7.032674095302683
393.34999999999997	-7.082988670506559
393.40000000000003	-7.133434833759745
393.45000000000005	-7.184287765405212
393.5	-7.235729416878881
393.55	-7.2877011620316585
393.6	-7.340038853918351
393.65	-7.392968212720159
393.7	-7.4468262024964
393.75	-7.50178615117001
393.8	-7.557787196105913
393.84999999999997	-7.61458178255223
393.9	-7.6720951626942835
393.95000000000005	-7.730247039216662
394.0	-7.789045689029395
394.05	-7.848658518308161
394.1	-7.909132108885792
394.15	-7.970579676379122
394.2	-8.032930937209297
394.25	-8.095856452160362
394.3	-8.159067420566872
394.34999999999997	-8.222251279658119
394.4	-8.285184904303055
394.45000000000005	-8.347798149526575
394.5	-8.409977837884687
394.55	-8.471595483511742
394.6	-8.532435715133847
394.65	-8.592491159011184
394.7	-8.652141891069942
394.75	-8.71179991400314
394.8	-8.771598047448174
394.84999999999997	-8.831442922272167
394.9	-8.891272128349339
394.95000000000005	-8.95131794701781
395.0	-9.011866129999257
395.05	-9.07301322441987
395.1	-9.134815825744342
395.15	-9.197198182877084
395.2	-9.26019418036392
395.25	-9.32375128694714
395.3	-9.387735292888891
395.34999999999997	-9.452170398785007
395.4	-9.517090908359894
395.45000000000005	-9.582410619769071
395.5	-9.648037787087073
395.55	-9.714056735764554
395.6	-9.780716072579906
395.65	-9.848327819235378
395.7	-9.917201692217573
395.75	-9.987643203905723
395.8	-10.059725524230746
395.84999999999997	-10.133199394031983
395.9	-10.207487658394736
395.95000000000005	-10.282443119552614
396.0	-10.35869602010207
396.05	-10.43697574536964
396.1	-10.517420775028024
396.15	-10.599560562605767
396.2	-10.68271036993416
396.25	-10.766754949714375
396.3	-10.851997794414718
396.34999999999997	-10.93840023256345
396.4	-11.025656750684242
396.45000000000005	-11.113367226332718
396.5	-11.20111033350493
396.55	-11.28797848571411
396.6	-11.37276911781924
396.65	-11.455032824366477
396.7	-11.534987975214964
396.75	-11.612837110665799
396.8	-11.688444523589567
396.84999999999997	-11.76148733845864
396.9	-11.832121850996923
396.95000000000005	-11.900300987155141
397.0	-11.965886356044784
397.05	-12.02913765505529
397.1	-12.090192590313233
397.15	-12.149021836582545
397.2	-12.205558908235433
397.25	-12.259688126326637
397.3	-12.311460217554465
397.34999999999997	-12.360977238132506
397.4	-12.408297351608839
397.45000000000005	-12.453656722613479
397.5	-12.49745674904364
397.55	-12.5400337950677
397.6	-12.581449556844742
397.65	-12.621820809266968
397.7	-12.661466477672622
397.75	-12.700749882228086
397.8	-12.74006270557038
397.84999999999997	-12.779627921595008
397.9	-12.819572840740058
397.95000000000005	-12.86029828987716
398.0	-12.902384385088135
398.05	-12.946171884178845
398.1	-12.991676285134918
398.15	-13.038654109865767
398.2	-13.08700155060503
398.25	-13.136719225070099
398.3	-13.187738391289484
398.34999999999997	-13.239973273255789
398.4	-13.293426711836911
398.45000000000005	-13.348095860155142
398.5	-13.403675781917194
398.55	-13.459751786187168
398.6	-13.516185206986638
398.65	-13.572890529511241
398.7	-13.629820208926093
398.75	-13.687175383916578
398.8	-13.74488668501727
398.84999999999997	-13.80277633269845
398.9	-13.8607297417287
398.95000000000005	-13.918701820017255
399.0	-13.976692393890875
399.05	-14.034627265437074
399.1	-14.09223818558535
399.15	-14.14922413734719
399.2	-14.205530391658467
399.25	-14.261396195866014
399.3	-14.317010896930372
399.34999999999997	-14.37239548286885
399.4	-14.427730117676877
399.45000000000005	-14.4832165872307
399.5	-14.539074345471263
399.55	-14.595246329659973
399.6	-14.651614816798478
399.65	-14.70830242807527
399.7	-14.765354597669495
399.75	-14.822953730549985
399.8	-14.881201461446263
399.84999999999997	-14.940047446040724
399.9	-14.999741982427476
399.95000000000005	-15.060631069119603
400.0	-15.123054276760609
400.05	-15.187162001325065
400.1	-15.25251159197484
400.15	-15.318809412218506
400.2	-15.386112626937535
400.25	-15.454546261652089
400.3	-15.524160486088249
400.34999999999997	-15.594834825683932
400.4	-15.666555359663295
400.45	-15.739175438157378
400.5	-15.81267493584891
400.55	-15.887206594624317
400.6	-15.96276216519021
400.65000000000003	-16.039266352832897
400.7	-16.116640689014112
400.75	-16.194729431110463
400.8	-16.273464953125554
400.84999999999997	-16.35246750702194
400.9	-16.431415465801056
400.95	-16.510517099387855
401.0	-16.590017967233756
401.05	-16.669796977340887
401.1	-16.74910683014781
401.15000000000003	-16.82721798713871
401.2	-16.904244083268843
401.25	-16.98083476671427
401.3	-17.05726146118897
401.34999999999997	-17.13323055960892
401.4	-17.208294645405505
401.45	-17.282412861451125
401.5	-17.355615018562002
401.55	-17.427950570377455
401.6	-17.499728787107095
401.65000000000003	-17.571276339510483
401.7	-17.6426643091638
401.75	-17.713836820002154
401.8	-17.78466285011485
401.84999999999997	-17.854828236301163
401.9	-17.923605330952178
401.95	-17.990431036202764
402.0	-18.055532752568915
402.05	-18.11930364979019
402.1	-18.181871265513212
402.15000000000003	-18.24317592126112
402.2	-18.303223112614816
402.25	-18.362103555526875
402.3	-18.419725314622802
402.34999999999997	-18.475961764374457
402.4	-18.531027814504732
402.45	-18.585416076847494
402.5	-18.63987477570894
402.55	-18.694992714587364
402.6	-18.751026461153824
402.65000000000003	-18.80820314385464
402.7	-18.866606618401516
402.75	-18.92626364463196
402.8	-18.98717007445945
402.84999999999997	-19.049455484664332
402.9	-19.113458469496383
402.95	-19.179472514866276
403.0	-19.247680718548317
403.05	-19.318284713788188
403.1	-19.391205157655385
403.15000000000003	-19.466593484952327
403.2	-19.544710938714758
403.25	-19.62601203749393
403.3	-19.711271577698014
403.34999999999997	-19.800813941869148
403.4	-19.89391038732204
403.45	-19.989136607578875
403.5	-20.085797108729658
403.55	-20.184365018215438
403.6	-20.28491566494843
403.65000000000003	-20.386434855981207
403.7	-20.487805341522563
403.75	-20.588454937115536
403.8	-20.68841998362405
403.84999999999997	-20.787579209500958
403.9	-20.885806972077496
403.95	-20.983572354084476
404.0	-21.081999296760237
404.05	-21.181533047060313
404.1	-21.28085832326387
404.15000000000003	-21.378525005296595
404.2	-21.47376130918913
404.25	-21.566229297178488
404.3	-21.656571569424308
404.34999999999997	-21.74539982688327
404.4	-21.83239856060024
404.45	-21.91745295691519
404.5	-22.00074132592049
404.55	-22.082086887040063
404.6	-22.161410111547923
404.65000000000003	-22.23860872405907
404.7	-22.313608920880675
404.75	-22.38649985555454
404.8	-22.45726577294382
404.84999999999997	-22.526225178549627
404.9	-22.593823273540067
404.95	-22.660471952510665
405.0	-22.727092816572313
405.05	-22.794903811432608
405.1	-22.864604071076762
405.15000000000003	-22.935741046838338
405.2	-23.00783927107649
405.25	-23.081377418075554
405.3	-23.15724918173772
405.34999999999997	-23.2360073915087
405.4	-23.31779326534672
405.45	-23.402594304287142
405.5	-23.490473597340824
405.55	-23.581190073794147
405.6	-23.673843031485404
405.65000000000003	-23.767149627436154
405.7	-23.860079286079785
405.75	-23.952762051703964
405.8	-24.045503963766897
405.84999999999997	-24.13826656099869
405.9	-24.230766204178423
405.95	-24.32301080759368
406.0	-24.415177014724854
406.05	-24.507271960016222
406.1	-24.598660189553858
406.15000000000003	-24.688846577737806
406.2	-24.7780961106637
406.25	-24.86681237163737
406.3	-24.955326424274176
406.34999999999997	-25.043723293278852
406.4	-25.13138428946563
406.45	-25.217141696920294
406.5	-25.300812980250925
406.55	-25.382953008369796
406.6	-25.46341930616483
406.65000000000003	-25.541493782513193
406.7	-25.616926968200726
406.75	-25.689755891372144
406.8	-25.760179477021573
406.84999999999997	-25.828073656095164
406.9	-25.893359724274905
406.95	-25.95671294175218
407.0	-26.019028081965438
407.05	-26.080756550014947
407.1	-26.141842746256295
407.15000000000003	-26.20232404524345
407.2	-26.262753181448304
407.25	-26.32369652771706
407.3	-26.385337631555508
407.34999999999997	-26.447748079617263
407.4	-26.510799513947532
407.45	-26.574563453381046
407.5	-26.639535235996057
407.55	-26.70636703173071
407.6	-26.775357246389245
407.65000000000003	-26.84644689784944
407.7	-26.919826227802872
407.75	-26.995585764058042
407.8	-27.0736006080177
407.84999999999997	-27.15408877471336
407.9	-27.237343167451385
407.95	-27.323204398436566
408.0	-27.4113484982316
408.05	-27.50152399731973
408.1	-27.5932750338327
408.15000000000003	-27.685618429749407
408.2	-27.777846336311722
408.25	-27.87007535176652
408.3	-27.962567873265662
408.34999999999997	-28.05528338073823
408.4	-28.147734494941332
408.45	-28.239452570830913
408.5	-28.33054682537643
408.55	-28.420828701164986
408.6	-28.509969915157818
408.65000000000003	-28.598169477562692
408.7	-28.685942771117034
408.75	-28.77381790733007
408.8	-28.86167281308998
408.84999999999997	-28.94907046766417
408.9	-29.03633907424745
408.95	-29.124393930928377
409.0	-29.214123574036208
409.05	-29.306027842040244
409.1	-29.399608173507218
409.15000000000003	-29.49429092380924
409.2	-29.5900839974235
409.25	-29.68699672601639
409.3	-29.784945402626548
409.34999999999997	-29.88379723758721
409.4	-29.98348795898845
409.45	-30.08382267517171
409.5	-30.185024504687107
409.55	-30.288187651263662
409.6	-30.393822694929376
409.65000000000003	-30.5013318208258
409.7	-30.610064594346543
409.75	-30.71975736997615
409.8	-30.830849188248155
409.84999999999997	-30.943475905812257
409.9	-31.05693929775107
409.95	-31.170799084633842
410.0	-31.2852105757832
410.05	-31.400446618316597
410.1	-31.515801403192086
410.15000000000003	-31.630139427929407
410.2	-31.743026710956848
410.25	-31.854743498809384
410.3	-31.96587079162523
410.34999999999997	-32.076780118151866
410.4	-32.187119677709006
410.45	-32.29655758492297
410.5	-32.4045055105225
410.55	-32.51054101157511
410.6	-32.61505777326947
410.65000000000003	-32.71772093293522
410.7	-32.81823781466312
410.75	-32.91648064067818
410.8	-33.01226774138049
410.84999999999997	-33.10618539599473
410.9	-33.198896125761514
410.95	-33.29049736838569
411.0	-33.38109892299582
411.05	-33.47068879485766
411.1	-33.559076814917866
411.15000000000003	-33.6457912603189
411.2	-33.73087454046228
411.25	-33.8145419332056
411.3	-33.89685487283317
411.34999999999997	-33.97776765121222
411.4	-34.05659615876971
411.45	-34.13285289594306
411.5	-34.20721032499706
411.55	-34.2806659162884
411.6	-34.35376495314683
411.65000000000003	-34.42702936406843
411.7	-34.50071625009487
411.75	-34.57503146175712
411.8	-34.65062384418288
411.84999999999997	-34.72840414318683
411.9	-34.80911795662503
411.95	-34.89328873753634
412.0	-34.98103720249739
412.05	-35.07205145811639
412.1	-35.16610606032934
412.15000000000003	-35.263101292683686
412.2	-35.36272408203413
412.25	-35.46504926866896
412.3	-35.57062017953949
412.35	-35.67948764316034
412.4	-35.79107649392815
412.45	-35.904187567560164
412.5	-36.01755578282768
412.54999999999995	-36.13042308403574
412.6	-36.24232249008445
412.65000000000003	-36.35311253955862
412.7	-36.46252057216108
412.75	-36.5706340388445
412.8	-36.67798192556295
412.85	-36.78411741431342
412.9	-36.888110109110514
412.95	-36.9901667138636
413.0	-37.09099850638706
413.04999999999995	-37.19081239376776
413.1	-37.288782997720155
413.15000000000003	-37.38395905615967
413.2	-37.47681642706367
413.25	-37.568426623524026
413.3	-37.659399845685456
413.35	-37.749641041738855
413.4	-37.8387562979516
413.45	-37.92689415279597
413.5	-38.0144285132708
413.54999999999995	-38.10162361275714
413.6	-38.188993601638806
413.65000000000003	-38.27679249961682
413.7	-38.36456451188866
413.75	-38.451482160300785
413.8	-38.53744559120361
413.85	-38.62261264645703
413.9	-38.707038871737154
413.95	-38.79094770647951
414.0	-38.87471537767473
414.04999999999995	-38.958594383262195
414.1	-39.0431016280217
414.15000000000003	-39.128428335208866
414.2	-39.2143411538796
414.25	-39.300998887462775
414.3	-39.38910638159149
414.35	-39.47945838580354
414.4	-39.57211608553887
414.45	-39.66726745236264
414.5	-39.765982507756725
414.54999999999995	-39.868844614179
414.6	-39.97477514060492
414.65000000000003	-40.08176409837364
414.7	-40.18832172346549
414.75	-40.29395261107017
414.8	-40.39778247376065
414.85	-40.49913625952941
414.9	-40.59810097932609
414.95	-40.69475160226998
415.0	-40.78942512390755
415.04999999999995	-40.88233898165406
415.1	-40.973181111310055
415.15000000000003	-41.061931838010665
415.2	-41.14889781609189
415.25	-41.23397080561767
415.3	-41.316895023303914
415.35	-41.397586285054764
415.4	-41.476424341618156
415.45	-41.55350885135387
415.5	-41.62889882394401
415.54999999999995	-41.702971346411594
415.6	-41.77589089870371
415.65000000000003	-41.84721451553556
415.7	-41.916228607354824
415.75	-41.98288890486542
415.8	-42.04786699094309
415.85	-42.1118620227322
415.9	-42.17522128313684
415.95	-42.23814953588172
416.0	-42.30067543875667
416.04999999999995	-42.36287570438785
416.1	-42.424816775550994
416.15000000000003	-42.48686430606594
416.2	-42.54991346746253
416.25	-42.61489542333096
416.3	-42.68225900020348
416.35	-42.751933310161874
416.4	-42.82383285194527
416.45	-42.898199902782736
416.5	-42.97541682757373
416.54999999999995	-43.0555498072536
416.6	-43.13866709970381
416.65000000000003	-43.224491905990334
416.7	-43.31243757050127
416.75	-43.40194642961722
416.8	-43.49288809172963
416.85	-43.58546774855627
416.9	-43.679313166432664
416.95	-43.77336794603509
417.0	-43.86713338814788
417.04999999999995	-43.960770419635836
417.1	-44.054433084811826
417.15000000000003	-44.147651715782814
417.2	-44.23989485346336
417.25	-44.331573445805915
417.3	-44.4230658423016
417.35	-44.51419739678967
417.4	-44.60451953696953
417.45	-44.69390417089586
417.5	-44.782883436089655
417.54999999999995	-44.87169197811386
417.6	-44.960116937906704
417.65000000000003	-45.048133504726835
417.7	-45.135565906443375
417.75	-45.22234833960739
417.8	-45.30847721383152
417.85	-45.3941547328738
417.9	-45.479675155859155
417.95	-45.56502708190324
418.0	-45.65047485593378
418.04999999999995	-45.736006358958534
418.1	-45.821100163892744
418.15000000000003	-45.90541649530769
418.2	-45.98897298990825
418.25	-46.07209404873235
418.3	-46.155246678747645
418.35	-46.23862719062931
418.4	-46.322554337177905
418.45	-46.40716825101141
418.5	-46.49276891073606
418.54999999999995	-46.58014417824526
418.6	-46.66987751868682
418.65000000000003	-46.761592841066545
418.7	-46.85437738073241
418.75	-46.94766457827703
418.8	-47.04184997852924
418.85	-47.13761122199879
418.9	-47.235399177997394
418.95	-47.335701953226675
419.0	-47.438594032096205
419.04999999999995	-47.54332822314434
419.09999999999997	-47.64835210485988
419.15000000000003	-47.75254540939953
419.20000000000005	-47.8556174331508
419.25	-47.95740245397984
419.3	-48.057744013317475
419.35	-48.156649951744484
419.4	-48.253796869427006
419.45	-48.34881683694529
419.5	-48.44192299854919
419.54999999999995	-48.534076336552886
419.59999999999997	-48.62639249339385
419.65000000000003	-48.719092014543584
419.70000000000005	-48.811470221286925
419.75	-48.90266778448732
419.8	-48.99257541224038
419.85	-49.08171032425692
419.9	-49.1702307339492
419.95	-49.258098228166965
420.0	-49.3458125757917
420.04999999999995	-49.43337360273843
420.09999999999997	-49.519859822281646
420.15000000000003	-49.60441483481611
420.20000000000005	-49.68706342699511
420.25	-49.76821652846144
420.3	-49.847878837950844
420.35	-49.925566087173415
420.4	-50.00052958521874
420.45	-50.07232886488072
420.5	-50.14109936450231
420.54999999999995	-50.20726619195581
420.59999999999997	-50.271334408189674
420.65000000000003	-50.33396937827145
420.70000000000005	-50.395774903568174
420.75	-50.457124518542905
420.8	-50.51799163230534
420.85	-50.578366713247775
420.9	-50.63862965826875
420.95	-50.698907403856055
421.0	-50.75895603692438
421.04999999999995	-50.81852737111109
421.09999999999997	-50.87718839071936
421.15000000000003	-50.934773207271945
421.20000000000005	-50.991382711413564
421.25	-51.04704657538433
421.3	-51.10175671308038
421.35	-51.155369702032836
421.4	-51.20777917848709
421.45	-51.2590083051916
421.5	-51.30928420678024
421.54999999999995	-51.35885293678544
421.59999999999997	-51.40773957837369
421.65000000000003	-51.45562198874439
421.70000000000005	-51.50237511532933
421.75	-51.54852888903163
421.8	-51.59466013335457
421.85	-51.641004517811716
421.9	-51.68761258341913
421.95	-51.73457748054706
422.0	-51.782008589685006
422.04999999999995	-51.82992875430477
422.09999999999997	-51.87805818659952
422.15000000000003	-51.92615645093544
422.20000000000005	-51.974173150196606
422.25	-52.022005189589336
422.3	-52.06961354966795
422.35	-52.117202894612234
422.4	-52.16499232960754
422.45	-52.21319587908995
422.5	-52.26181655876197
422.54999999999995	-52.310656813057136
422.59999999999997	-52.359706953580094
422.65000000000003	-52.4090326227074
422.70000000000005	-52.45878171443459
422.75	-52.508976323516464
422.8	-52.55961082985054
422.85	-52.61085055806658
422.9	-52.663015720065076
422.95	-52.716278239813015
423.0	-52.77060158624884
423.04999999999995	-52.8258541444342
423.09999999999997	-52.88232678210043
423.15000000000003	-52.94037299747559
423.20000000000005	-53.00024660405796
423.25	-53.06225504213407
423.3	-53.126358823132065
423.35	-53.19248225934504
423.4	-53.2606868088767
423.45	-53.33106493799484
423.5	-53.40415231218308
423.54999999999995	-53.48049520480266
423.59999999999997	-53.55999390201009
423.65000000000003	-53.641954189550695
423.70000000000005	-53.7248539403998
423.75	-53.80721755549668
423.8	-53.888401592081166
423.85	-53.96840180024485
423.9	-54.047014419034866
423.95	-54.1237902686719
424.0	-54.19821401562929
424.04999999999995	-54.26965604450906
424.09999999999997	-54.33790762907589
424.15000000000003	-54.403213437297595
424.20000000000005	-54.46561099063629
424.25	-54.524892330449205
424.3	-54.58117588907319
424.35	-54.63484468483934
424.4	-54.68608986110041
424.45	-54.73486368540804
424.5	-54.78141320216639
424.54999999999995	-54.82611027563709
424.59999999999997	-54.8690387103851
424.65000000000003	-54.910138951470074
424.70000000000005	-54.94936516727225
424.75	-54.98674670674234
424.8	-55.02241175131408
424.85	-55.05648939223885
424.9	-55.089148846388454
424.95	-55.120612945263275
425.0	-55.15116512395535
425.05	-55.1811162694419
425.09999999999997	-55.21064551850219
425.15	-55.239905140414606
425.20000000000005	-55.269152023639194
425.25	-55.2986371132518
425.3	-55.32853990009872
425.35	-55.358989151818996
425.4	-55.39006344005218
425.45	-55.42195147894047
425.5	-55.45489847002581
425.55	-55.489105363863786
425.59999999999997	-55.52472577794033
425.65	-55.56189086230112
425.70000000000005	-55.60066976152172
425.75	-55.64092867200398
425.8	-55.68252760029962
425.85	-55.725560396289666
425.9	-55.770076050674724
425.95	-55.81588301361365
426.0	-55.862705532093834
426.05	-55.910392615478266
426.09999999999997	-55.95894572713868
426.15	-56.00831994510403
426.20000000000005	-56.05854908860088
426.25	-56.109769402811324
426.3	-56.161861835615284
426.35	-56.214270175731855
426.4	-56.266313721513896
426.45	-56.31747586344133
426.5	-56.367489001219795
426.55	-56.416348157915586
426.59999999999997	-56.46414271811886
426.65	-56.51102669741302
426.70000000000005	-56.55705305722978
426.75	-56.602250721032675
426.8	-56.64672324996245
426.85	-56.690767810395315
426.9	-56.73474401759421
426.95	-56.77890454427231
427.0	-56.82345645307572
427.05	-56.868434836607264
427.09999999999997	-56.91372659605662
427.15	-56.959304837129594
427.20000000000005	-57.00526049195723
427.25	-57.05163789836968
427.3	-57.09864404786461
427.35	-57.146587795081814
427.4	-57.19576297348003
427.45	-57.24619287181777
427.5	-57.29776235841174
427.55	-57.35060502229568
427.59999999999997	-57.40485651281698
427.65	-57.460473202250064
427.70000000000005	-57.51743642451311
427.75	-57.57592248491393
427.8	-57.636171631899686
427.85	-57.69831177454033
427.9	-57.762297299813014
427.95	-57.82808458639653
428.0	-57.89574035718317
428.05	-57.96560148313775
428.09999999999997	-58.03784534438799
428.15	-58.112488837644456
428.20000000000005	-58.18954468673753
428.25	-58.268388981973814
428.3	-58.34800998569738
428.35	-58.42730383264647
428.4	-58.50558082527223
428.45	-58.582662933309905
428.5	-58.658533527903074
428.55	-58.733248554396724
428.59999999999997	-58.8069309182771
428.65	-58.87951649875417
428.70000000000005	-58.950851729766015
428.75	-59.020554558664514
428.8	-59.08828122137487
428.85	-59.15406969876715
428.9	-59.21796788579848
428.95	-59.27976954372287
429.0	-59.33891861384916
429.05	-59.394936710647386
429.09999999999997	-59.44775602467611
429.15	-59.49764125486517
429.20000000000005	-59.544956403399766
429.25	-59.58990053126777
429.3	-59.63249076684032
429.35	-59.672699784277285
429.4	-59.71052269027612
429.45	-59.7461357357417
429.5	-59.77983874423754
429.55	-59.8119081330508
429.59999999999997	-59.842674703763166
429.65	-59.872502486864136
429.70000000000005	-59.9016646356391
429.75	-59.93045610036273
429.8	-59.95910594158026
429.85	-59.987698458846324
429.9	-60.01632954388303
429.95	-60.045042082621464
430.0	-60.07394901207137
430.05	-60.10317493803073
430.09999999999997	-60.132834844837205
430.15	-60.163095002945866
430.20000000000005	-60.19407914543824
430.25	-60.225796748384994
430.3	-60.25805491481638
430.35	-60.290592960282666
430.4	-60.32331873084527
430.45	-60.35616867417218
430.5	-60.38898564795024
430.55	-60.421651448387635
430.59999999999997	-60.45398486313459
430.65	-60.48583683611204
430.70000000000005	-60.517119950019236
430.75	-60.5478155080791
430.8	-60.577915438059044
430.85	-60.607443117251165
430.9	-60.63646596295729
430.95	-60.665036621277615
431.0	-60.69314653493563
431.05	-60.72085112136183
431.09999999999997	-60.74821969574549
431.15	-60.77527376946981
431.20000000000005	-60.80204347862157
431.25	-60.82857601205066
431.3	-60.85502585788847
431.35	-60.88146296771909
431.4	-60.90788818259031
431.45	-60.93434616415283
431.5	-60.96088231249293
431.55	-60.98765220142223
431.59999999999997	-61.01480504160044
431.65	-61.042327931403065
431.7	-61.070210165384076
431.75	-61.09847337755647
431.8	-61.12721696476672
431.85	-61.15658356885935
431.90000000000003	-61.18671918169024
431.95	-61.217708232147864
432.0	-61.2494733860496
432.05	-61.282005836608036
432.09999999999997	-61.31552883989491
432.15	-61.35040625409426
432.2	-61.38692929627768
432.25	-61.425066376273
432.3	-61.464777011159896
432.35	-61.50647564087018
432.40000000000003	-61.550499196269485
432.45	-61.59683361481419
432.5	-61.64552259222154
432.55	-61.696631672754336
432.59999999999997	-61.7501370878267
432.65	-61.80596938051107
432.7	-61.863836410690546
432.75	-61.92329551462275
432.8	-61.98366296743374
432.85	-62.04399336291527
432.90000000000003	-62.10356920733419
432.95	-62.16174638162581
433.0	-62.218159513815095
433.05	-62.272645739949915
433.09999999999997	-62.32485909975
433.15	-62.37432116878402
433.2	-62.4206952494377
433.25	-62.46364359647821
433.3	-62.50276548452798
433.35	-62.53776525466415
433.40000000000003	-62.56846849432864
433.45	-62.594794204911445
433.5	-62.61682441815873
433.55	-62.63480500086767
433.59999999999997	-62.64908832448569
433.65	-62.66012538551422
433.7	-62.66832910748491
433.75	-62.67402487374592
433.8	-62.67755751509311
433.85	-62.6792517949008
433.90000000000003	-62.679422022231236
433.95	-62.678367047368994
434.0	-62.676466203941274
434.05	-62.67418475953913
434.09999999999997	-62.67199335985249
434.15	-62.67031963136073
434.2	-62.669528140075485
434.25	-62.66989967518237
434.3	-62.6716557114312
434.35	-62.675038434090155
434.40000000000003	-62.68026455016718
434.45	-62.68752215127853
434.5	-62.69692215549587
434.55	-62.70851658603431
434.59999999999997	-62.72231085834328
434.65	-62.73825174836591
434.7	-62.75626937068357
434.75	-62.776233142971286
434.8	-62.797972218352896
434.85	-62.82137733722833
434.90000000000003	-62.84637492829017
434.95	-62.87282020847236
435.0	-62.90046766787682
435.05	-62.92913303208928
435.09999999999997	-62.95874896850397
435.15	-62.98919540967434
435.2	-63.020235969931015
435.25	-63.051686401446034
435.3	-63.08339277691331
435.35	-63.115314443208305
435.40000000000003	-63.14743759261567
435.45	-63.17974546477305
435.5	-63.21225825913571
435.55	-63.24488603612434
435.59999999999997	-63.27751251685334
435.65	-63.31006540653196
435.7	-63.34248275512755
435.75	-63.37472864972163
435.8	-63.406798539020926
435.85	-63.43869612884609
435.90000000000003	-63.47049382907494
435.95	-63.502219782720005
436.0	-63.533927039599014
436.05	-63.565632135334326
436.09999999999997	-63.5973172430876
436.15	-63.629048822680325
436.2	-63.660946530447845
436.25	-63.69314691051488
436.3	-63.72569717911472
436.35	-63.75861346839712
436.40000000000003	-63.792087891094226
436.45	-63.82628814003682
436.5	-63.86120454878488
436.55	-63.89687213183949
436.59999999999997	-63.93341892217613
436.65	-63.970969023843104
436.7	-64.00933130255693
436.75	-64.04807145104112
436.8	-64.0869420470516
436.85	-64.12594849200961
436.90000000000003	-64.16510324961729
436.95	-64.20427023907372
437.0	-64.24328055177796
437.05	-64.28204348046053
437.09999999999997	-64.32026822231606
437.15	-64.35763293959101
437.2	-64.39407135582192
437.25	-64.4294736249646
437.3	-64.46359940328583
437.35	-64.49612316583249
437.40000000000003	-64.52672299809996
437.45	-64.55516010867174
437.5	-64.58123872179826
437.55	-64.6048668174027
437.59999999999997	-64.62593106247357
437.65	-64.64439293068637
437.7	-64.66038928272084
437.75	-64.67405597415858
437.8	-64.68538898147739
437.85	-64.6943949824442
437.90000000000003	-64.7010955620809
437.95	-64.70563880028155
438.0	-64.70808284780728
438.05	-64.70862370703186
438.09999999999997	-64.70728167822891
438.15	-64.70419466846845
438.2	-64.69944227401078
438.25	-64.69315420644914
438.3	-64.68547796809867
438.35	-64.67666277834302
438.40000000000003	-64.66698225759475
438.45	-64.6566598951868
438.5	-64.64584663533242
438.55	-64.63466193924377
438.59999999999997	-64.62323887675718
438.65	-64.611717007995
438.7	-64.60025063298242
438.75	-64.58902189295571
438.8	-64.57817213716666
438.85	-64.56782834037328
438.90000000000003	-64.55809362403471
438.95	-64.54900252673889
439.0	-64.54061162412617
439.05	-64.53283340230456
439.09999999999997	-64.5257743643218
439.15	-64.5192056318685
439.2	-64.51343682051166
439.25	-64.50794191110099
439.3	-64.50325753739386
439.35	-64.49857499104192
439.40000000000003	-64.49462436701587
439.45	-64.4906069715031
439.5	-64.48734323018911
439.55	-64.48393408989524
439.59999999999997	-64.48127889782643
439.65	-64.47850209085077
439.7	-64.4765303730827
439.75	-64.47446214713781
439.8	-64.47318360648997
439.85	-64.47195802353276
439.90000000000003	-64.47161983364731
439.95	-64.47152436880796
440.0	-64.47253698125222
440.05	-64.47411663286556
440.09999999999997	-64.47716743949198
440.15	-64.48104495906263
440.2	-64.48672653401718
440.25	-64.49347410019357
440.3	-64.5022252875865
440.35	-64.51248182822405
440.40000000000003	-64.52471515421772
440.45	-64.5389181662468
440.5	-64.55513399711504
440.55	-64.5733510377953
440.59999999999997	-64.59339083025606
440.65	-64.61512451152201
440.7	-64.63839922839333
440.75	-64.663021548815
440.8	-64.68866744697729
440.85	-64.71499748922284
440.90000000000003	-64.74165277131723
440.95	-64.76823563927155
441.0	-64.79447968355866
441.05	-64.8202927669289
441.09999999999997	-64.84560044082046
441.15	-64.8702772404896
441.2	-64.89434727700763
441.25	-64.91790046428689
441.3	-64.9410872062382
441.35	-64.96410803326651
441.40000000000003	-64.98708238035162
441.45	-65.01002941195125
441.5	-65.03291111723802
441.55	-65.05566882007909
441.59999999999997	-65.07839344306387
441.65	-65.10123074431152
441.7	-65.12425712767377
441.75	-65.1474665273964
441.8	-65.17057411089402
441.85	-65.19317079548678
441.90000000000003	-65.21498830111943
441.95	-65.23590874343608
442.0	-65.2557750677914
442.05	-65.27434871357781
442.09999999999997	-65.29141375001096
442.15	-65.30686411576102
442.2	-65.32062954916798
442.25	-65.33266041860344
442.3	-65.34288884845786
442.35	-65.35128944103013
442.40000000000003	-65.35778833688715
442.45	-65.3624055238846
442.5	-65.36508032526879
442.55	-65.36591365979824
442.59999999999997	-65.36484689583986
442.65	-65.36202199570984
442.7	-65.3574217070154
442.75	-65.35117666721041
442.8	-65.34336881725032
442.85	-65.33417328703163
442.90000000000003	-65.32380218812438
442.95	-65.31244837686546
443.0	-65.30027248504872
443.05	-65.28750647607224
443.09999999999997	-65.27443143518988
443.15	-65.26132573102086
443.2	-65.24845697140286
443.25	-65.2361188355176
443.3	-65.22460061468365
443.35	-65.21416206902924
443.40000000000003	-65.20500930431622
443.45	-65.1972517844644
443.5	-65.19089854591026
443.55	-65.18597535841039
443.6	-65.18243693223297
443.65	-65.18031501912536
443.7	-65.17951795061347
443.75	-65.18007761209456
443.79999999999995	-65.1819245371095
443.85	-65.18498729649153
443.90000000000003	-65.18914838943141
443.95	-65.1943222092014
444.0	-65.20040280295783
444.05	-65.2072641449631
444.1	-65.21477126492877
444.15	-65.22281884855667
444.2	-65.23132179318607
444.25	-65.24014288597007
444.29999999999995	-65.249083035582
444.35	-65.25796222948756
444.40000000000003	-65.26667936546588
444.45	-65.27516286484627
444.5	-65.28337626697942
444.55	-65.29131509929447
444.6	-65.29894535337453
444.65	-65.30633249289176
444.7	-65.31341168758718
444.75	-65.32033728956868
444.79999999999995	-65.32694352235873
444.85	-65.33352692712032
444.90000000000003	-65.33966029547203
444.95	-65.34610492677423
445.0	-65.35216235129636
445.05	-65.35897047150196
445.1	-65.36561611500821
445.15	-65.37317500260684
445.2	-65.38067927238302
445.25	-65.38921998240248
445.29999999999995	-65.3978627918491
445.35	-65.40754729276338
445.40000000000003	-65.41753834876761
445.45	-65.42860800375541
445.5	-65.44031306082289
445.55	-65.45306852973204
445.6	-65.46660417336612
445.65	-65.48136853157305
445.7	-65.49718620905138
445.75	-65.51423692105323
445.79999999999995	-65.53244491211379
445.85	-65.5518733335835
445.90000000000003	-65.57253531380854
445.95	-65.59457712121436
446.0	-65.61802584869531
446.05	-65.64281210799699
446.1	-65.66882934763206
446.15	-65.69598344309154
446.2	-65.72416742083803
446.25	-65.75322173777654
446.29999999999995	-65.78292784508028
446.35	-65.8129340131564
446.40000000000003	-65.84286285008204
446.45	-65.8724254621016
446.5	-65.90125072534445
446.55	-65.92897822288548
446.6	-65.95532097847592
446.65	-65.98007720675487
446.7	-66.0032648142595
446.75	-66.02498449657413
446.79999999999995	-66.0452567358089
446.85	-66.06398930496127
446.90000000000003	-66.08103913647759
446.95	-66.09637314675354
447.0	-66.11003616818748
447.05	-66.12208208165096
447.1	-66.13252477079826
447.15	-66.14133021882228
447.2	-66.1484548186709
447.25	-66.15391686845734
447.29999999999995	-66.15776014982951
447.35	-66.160135812423
447.40000000000003	-66.16110507542248
447.45	-66.16084779180292
447.5	-66.1593938247186
447.55	-66.1568777511807
447.6	-66.1533836692848
447.65	-66.14906921310056
447.7	-66.14407818471904
447.75	-66.13858290794508
447.79999999999995	-66.13274839206795
447.85	-66.12673661377818
447.90000000000003	-66.12049992816227
447.95	-66.11459760082116
448.0	-66.10840732911099
448.05	-66.10311890508694
448.1	-66.09745905003612
448.15	-66.09315034117667
448.2	-66.08827433275977
448.25	-66.08493947379338
448.29999999999995	-66.08098081511037
448.35	-66.07866320730648
448.40000000000003	-66.07558228353588
448.45	-66.07419419506341
448.5	-66.0721508117239
448.55	-66.0715820015557
448.6	-66.07016840990386
448.65	-66.07018019477611
448.7	-66.06979548967654
448.75	-66.07070592861152
448.79999999999995	-66.07116681990374
448.85	-66.07239839658425
448.90000000000003	-66.0730853162677
448.95	-66.07423656922225
449.0	-66.07490427653927
449.05	-66.07586236507548
449.1	-66.07642555837262
449.15	-66.07717841669326
449.2	-66.07760977843327
449.25	-66.0782305341192
449.29999999999995	-66.07854394361799
449.35	-66.07904451704275
449.40000000000003	-66.07915156505945
449.45	-66.07959259590025
449.5	-66.07967797705791
449.55	-66.08038023178932
449.6	-66.08071413029703
449.65	-66.08187040273157
449.7	-66.08255132780822
449.75	-66.08428121787858
449.79999999999995	-66.08532750580204
449.85	-66.0873159231014
449.90000000000003	-66.08823726710173
449.95	-66.09049569762418
450.0	-66.09214476687099
450.05	-66.09567526566775
450.1	-66.09889704410573
450.15	-66.10401432010279
450.2	-66.10872626950514
450.25	-66.11514500686381
450.29999999999995	-66.12120289480357
450.34999999999997	-66.12897659346307
450.40000000000003	-66.13675364217696
450.45000000000005	-66.14616920326137
450.5	-66.15585788177586
450.55	-66.16685928147335
450.6	-66.1783264025338
450.65	-66.19099401419538
450.7	-66.20454008305558
450.75	-66.2192126202793
450.79999999999995	-66.23490139288575
450.84999999999997	-66.2514259235227
450.90000000000003	-66.2685977110757
450.95000000000005	-66.28614945756328
451.0	-66.30386484102358
451.05	-66.32149733538094
451.1	-66.33876599855822
451.15	-66.35538958757164
451.2	-66.37111872521882
451.25	-66.38576548377219
451.29999999999995	-66.39915489012347
451.34999999999997	-66.41112420114305
451.40000000000003	-66.42155879003766
451.45000000000005	-66.4303542133132
451.5	-66.43742624507414
451.55	-66.44272162789503
451.6	-66.44625495475415
451.65	-66.44803326044905
451.7	-66.44812598084106
451.75	-66.44653587091355
451.79999999999995	-66.44331564083237
451.84999999999997	-66.43851230679411
451.90000000000003	-66.43225365894406
451.95000000000005	-66.42468763724233
452.0	-66.41598251635722
452.05	-66.40632597859229
452.1	-66.3959185442163
452.15	-66.3849932074653
452.2	-66.37379022810491
452.25	-66.36254968296485
452.29999999999995	-66.35150923971744
452.34999999999997	-66.34088923309672
452.40000000000003	-66.33090380023324
452.45000000000005	-66.32178128242315
452.5	-66.31370698686565
452.55	-66.30684977009484
452.6	-66.30127871942136
452.65	-66.29714836644357
452.7	-66.29438113791358
452.75	-66.29322081384919
452.79999999999995	-66.29340757289643
452.84999999999997	-66.29520709561916
452.90000000000003	-66.2983583292839
452.95000000000005	-66.30306313974268
453.0	-66.30915201895974
453.05	-66.31665750839274
453.1	-66.32541838234104
453.15	-66.33533219781575
453.2	-66.34628939250717
453.25	-66.35822084210056
453.29999999999995	-66.37098910517035
453.34999999999997	-66.38445168350657
453.40000000000003	-66.39841910030314
453.45000000000005	-66.41261557040863
453.5	-66.42670541621435
453.55	-66.44046386270486
453.6	-66.45380162262265
453.65	-66.46660597059748
453.7	-66.47870723665378
453.75	-66.4899779917192
453.79999999999995	-66.50029524917862
453.84999999999997	-66.50959589122742
453.90000000000003	-66.517802078308
453.95000000000005	-66.52495590351978
454.0	-66.53097009701396
454.05	-66.53590131042036
454.1	-66.53961980748336
454.15	-66.54228911089783
454.2	-66.54372607370959
454.25	-66.54425257821282
454.29999999999995	-66.54364210169817
454.34999999999997	-66.54223208216416
454.40000000000003	-66.53990445337999
454.45000000000005	-66.53691798087038
454.5	-66.53330472874634
454.55	-66.52927016682065
454.6	-66.52488141571374
454.65	-66.52034387616268
454.7	-66.51576047289063
454.75	-66.51129947686132
454.79999999999995	-66.50706727525991
454.84999999999997	-66.50323019338722
454.90000000000003	-66.49993074334228
454.95000000000005	-66.49730263971728
455.0	-66.49542829478267
455.05	-66.494402470945
455.1	-66.49423367873729
455.15	-66.49498996355574
455.2	-66.49664462857548
455.25	-66.4992595825099
455.29999999999995	-66.50280681570294
455.34999999999997	-66.50725482116366
455.40000000000003	-66.51252194194103
455.45000000000005	-66.51846840259952
455.5	-66.52491643586353
455.55	-66.53172551132438
455.6	-66.5387644382954
455.65	-66.54588819302882
455.7	-66.55293987465393
455.75	-66.55973545436267
455.79999999999995	-66.5660925389094
455.84999999999997	-66.5718316547584
455.90000000000003	-66.57679937455976
455.95000000000005	-66.58084367969883
456.0	-66.58381780483413
456.05	-66.58555092456803
