456.1	-66.58590728091092
456.15	-66.58476730162366
456.2	-66.58206432942328
456.25	-66.5776732694367
456.3	-66.57153817045358
456.34999999999997	-66.56353824552349
456.4	-66.55358753085225
456.45000000000005	-66.5416053484924
456.5	-66.52752794093341
456.55	-66.51127453356487
456.6	-66.49282786962146
456.65	-66.47227482854149
456.7	-66.44976967581816
456.75	-66.42545169419444
456.8	-66.39950714706089
456.84999999999997	-66.37230195360395
456.9	-66.3443156857326
456.95000000000005	-66.31593995011661
457.0	-66.28745295212865
457.05	-66.25894097749088
457.1	-66.23046536249001
457.15	-66.20209542615049
457.2	-66.17405035113933
457.25	-66.14661856480689
457.3	-66.11992133169568
457.34999999999997	-66.09400487768278
457.4	-66.06892541053229
457.45000000000005	-66.04468973725707
457.5	-66.02140610932534
457.55	-65.99924150536202
457.6	-65.97821344336384
457.65	-65.958342050467
457.7	-65.93968973961849
457.75	-65.92236362045618
457.8	-65.90634394915011
457.84999999999997	-65.89146334278176
457.9	-65.87765974152143
457.95000000000005	-65.86490568134747
458.0	-65.85317456362726
458.05	-65.842390127751
458.1	-65.83243942407043
458.15	-65.82326112473383
458.2	-65.81465991400957
458.25	-65.8066951549896
458.3	-65.79905369555576
458.34999999999997	-65.79201174529908
458.4	-65.7849237624764
458.45000000000005	-65.7783005058595
458.5	-65.77131807843654
458.55	-65.76464239248978
458.6	-65.75750762755864
458.65	-65.7505906701056
458.7	-65.74318272996992
458.75	-65.73592518796907
458.8	-65.72830031389046
458.84999999999997	-65.72088416504303
458.9	-65.71328199753147
458.95000000000005	-65.70611595442247
459.0	-65.69892491359145
459.05	-65.6925735855699
459.1	-65.68632781644025
459.15	-65.681112814164
459.2	-65.67599241224853
459.25	-65.67213029626562
459.3	-65.66877860446989
459.34999999999997	-65.66719903615204
459.4	-65.66639373328712
459.45000000000005	-65.667792421059
459.5	-65.67029066426466
459.55	-65.67498779839745
459.6	-65.68084207991313
459.65	-65.68847044052688
459.7	-65.69740951927702
459.75	-65.7078080056785
459.8	-65.71953435419434
459.84999999999997	-65.73239412137255
459.9	-65.7461223844103
459.95000000000005	-65.76030857640183
460.0	-65.77459167470133
460.05	-65.78859346591715
460.1	-65.80195054135326
460.15	-65.81434756539653
460.2	-65.8255212961958
460.25	-65.83519053147245
460.3	-65.84308114057748
460.34999999999997	-65.8489979560612
460.4	-65.85285414220569
460.45000000000005	-65.85460840750406
460.5	-65.85428335759758
460.55	-65.85180096949684
460.6	-65.84715303786871
460.65	-65.84032709083283
460.7	-65.83135020321457
460.75	-65.8203029339742
460.8	-65.80730921229417
460.84999999999997	-65.79249980013911
460.9	-65.77610925989902
460.95000000000005	-65.75847828959195
461.0	-65.73996981732076
461.05	-65.7208946903513
461.1	-65.7014170527469
461.15	-65.6816712515178
461.2	-65.66184977593835
461.25	-65.64213801126631
461.3	-65.62281860877948
461.34999999999997	-65.60422182825519
461.4	-65.58664352145048
461.45000000000005	-65.57031819505646
461.5	-65.55539725106945
461.55	-65.54199566050772
461.6	-65.53017209333379
461.65	-65.51990387565188
461.7	-65.51122642263864
461.75	-65.50396295114949
461.8	-65.49823432664178
461.84999999999997	-65.49369282403798
461.9	-65.49061505061954
461.95000000000005	-65.48843574242125
462.0	-65.48745835556294
462.05	-65.48712103142576
462.1	-65.48758635061286
462.15	-65.48838337576333
462.2	-65.48954354651492
462.25	-65.4907481750114
462.3	-65.49191920519239
462.34999999999997	-65.4928158755326
462.4	-65.49337574264794
462.45000000000005	-65.49337780519303
462.5	-65.4928106540485
462.55	-65.49145200656446
462.6	-65.48933401229776
462.65	-65.48628695541528
462.7	-65.48232386115983
462.75	-65.47739106118516
462.8	-65.47152361422178
462.84999999999997	-65.46476997004395
462.9	-65.45717646850984
462.95	-65.44881323330105
463.0	-65.43980677202245
463.05	-65.43028779077196
463.1	-65.42039128206048
463.15000000000003	-65.4102388294861
463.2	-65.39993050238304
463.25	-65.38959655951516
463.3	-65.3793704263834
463.34999999999997	-65.3694097528186
463.4	-65.35978886892609
463.45	-65.35063627069516
463.5	-65.34202041109862
463.55	-65.33409561334818
463.6	-65.32683762436497
463.65000000000003	-65.32049649957723
463.7	-65.31468760024167
463.75	-65.31023038426902
463.8	-65.30618504259333
463.84999999999997	-65.30391040463616
463.9	-65.30202909179839
463.95	-65.30207763629393
464.0	-65.302223960123
464.05	-65.30408144669406
464.1	-65.30591941870512
464.15000000000003	-65.30933576973354
464.2	-65.31275018497544
464.25	-65.3173808147371
464.3	-65.32188749216328
464.34999999999997	-65.32739994554221
464.4	-65.33298942801373
464.45	-65.33926763074618
464.5	-65.34567320894998
464.55	-65.35240273867527
464.6	-65.35924254676748
464.65000000000003	-65.36618946872164
464.7	-65.37305221330598
464.75	-65.37979724536795
464.8	-65.38627789166324
464.84999999999997	-65.3925328123577
464.9	-65.39836868976764
464.95	-65.4037664431361
465.0	-65.40849694375532
465.05	-65.4127745850788
465.1	-65.41599523316808
465.15000000000003	-65.41871440720101
465.2	-65.41999245150444
465.25	-65.42079655741149
465.3	-65.41993444206386
465.34999999999997	-65.41851013835885
465.4	-65.41521306446597
465.45	-65.41120701831701
465.5	-65.40545396323128
465.55	-65.39894772332427
465.6	-65.39090873938659
465.65000000000003	-65.38192623381983
465.7	-65.37147496034176
465.75	-65.35974935620885
465.8	-65.34664620832265
465.84999999999997	-65.33226950007534
465.9	-65.3166853568269
465.95	-65.29997916786175
466.0	-65.28229882899836
466.05	-65.263793231535
466.1	-65.24464758593813
466.15000000000003	-65.22496844896268
466.2	-65.20485451239085
466.25	-65.18449236780083
466.3	-65.16407186837213
466.34999999999997	-65.14372488620737
466.4	-65.12343582782637
466.45	-65.10316813898831
466.5	-65.08303452809866
466.55	-65.0632698745423
466.6	-65.04406347085619
466.65000000000003	-65.02550211824206
466.7	-65.00765419388102
466.75	-64.99073273630246
466.8	-64.97495218761851
466.84999999999997	-64.96046350400685
466.9	-64.947341136524
466.95	-64.93562604977338
467.0	-64.92533413438025
467.05	-64.91642142341439
467.1	-64.90904343168523
467.15000000000003	-64.9027673893761
467.2	-64.89820741378087
467.25	-64.89437924515444
467.3	-64.89233170921625
467.34999999999997	-64.89082176419316
467.4	-64.89108420125827
467.45	-64.89152892474212
467.5	-64.89349660801057
467.55	-64.89547511735519
467.6	-64.89911444388314
467.65000000000003	-64.90253886981586
467.7	-64.90708494032764
467.75	-64.91078097583667
467.8	-64.91571780901988
467.84999999999997	-64.91991716768986
467.9	-64.92518117733503
467.95	-64.92932446890445
468.0	-64.93459614877932
468.05	-64.93891843007766
468.1	-64.94438445949712
468.15000000000003	-64.94858627535116
468.2	-64.95356960551503
468.25	-64.95727481835925
468.3	-64.96202399560914
468.34999999999997	-64.96581267824581
468.4	-64.97070984268223
468.45	-64.97484254006717
468.5	-64.9802126847588
468.55	-64.98532040062756
468.6	-64.99179117002531
468.65000000000003	-64.99833378756898
468.7	-65.00591269085305
468.75	-65.01376142198642
468.8	-65.0225199394853
468.84999999999997	-65.03191178214138
468.9	-65.04215122025654
468.95	-65.05320749575333
469.0	-65.0649830721226
469.05	-65.0773874760825
469.1	-65.09026650582867
469.15000000000003	-65.10342848057805
469.2	-65.11673315710604
469.25	-65.13019540625947
469.3	-65.14384381286614
469.34999999999997	-65.15763149245018
469.4	-65.17144223140076
469.45	-65.18521523321206
469.5	-65.19893419702693
469.55	-65.21261365044552
469.6	-65.22616261024464
469.65000000000003	-65.23959721912249
469.7	-65.25283958608665
469.75	-65.26588667489325
469.8	-65.27859893322386
469.84999999999997	-65.29098067267762
469.9	-65.30304022040968
469.95	-65.31480695875871
470.0	-65.32619069409259
470.05	-65.33710150870482
470.1	-65.34733621849209
470.15000000000003	-65.35663720231973
470.2	-65.36479273086175
470.25	-65.37161258524321
470.3	-65.376983091939
470.34999999999997	-65.38114957398193
470.4	-65.38359554168326
470.45	-65.38491021299926
470.5	-65.38432468570677
470.55	-65.3826082594559
470.6	-65.37903989922764
470.65000000000003	-65.37425314164624
470.7	-65.3676939449418
470.75	-65.35968153043827
470.8	-65.34999589104238
470.84999999999997	-65.33877703391062
470.9	-65.32598590019953
470.95	-65.31169207122646
471.0	-65.29596243317775
471.05	-65.27892747183989
471.1	-65.26065039361904
471.15000000000003	-65.24117975471216
471.2	-65.22063611846396
471.25	-65.19914230854054
471.3	-65.17675453099655
471.34999999999997	-65.15352144919306
471.4	-65.12962455556624
471.45	-65.10522864082456
471.5	-65.080383609644
471.55	-65.05518020583884
471.6	-65.02975518893325
471.65000000000003	-65.00431331692059
471.7	-64.97910158389384
471.75	-64.95421128535136
471.8	-64.9296194338421
471.84999999999997	-64.90539044389156
471.9	-64.88168446420367
471.95	-64.85865697911004
472.0	-64.83649574050192
472.05	-64.81527278228377
472.1	-64.79491008883379
472.15000000000003	-64.77534322047727
472.2	-64.75662515458296
472.25	-64.73887865852228
472.3	-64.72227131083528
472.34999999999997	-64.70695612983768
472.4	-64.69298648249168
472.45	-64.68038772266522
472.5	-64.66931870614533
472.55	-64.6599614340631
472.6	-64.65241575312507
472.65000000000003	-64.64670589170211
472.7	-64.64285969059182
472.75	-64.64083815504381
472.8	-64.64068684251401
472.84999999999997	-64.64231710948818
472.9	-64.64581280512479
472.95	-64.65109871820336
473.0	-64.65820582512094
473.05	-64.6670672533674
473.1	-64.67759592757776
473.15000000000003	-64.68962312655664
473.2	-64.7029819048848
473.25	-64.71752628511899
473.3	-64.73308461927905
473.34999999999997	-64.74938400264857
473.4	-64.76606431416052
473.45	-64.78275385026255
473.5	-64.79914623143077
473.55	-64.81499894993985
473.6	-64.83001971243048
473.65000000000003	-64.84389943325692
473.7	-64.8563943361612
473.75	-64.86729046865456
473.8	-64.87641067861202
473.84999999999997	-64.88365560304811
473.9	-64.88892256090946
473.95	-64.89228252062145
474.0	-64.89358363713573
474.05	-64.8929184130046
474.1	-64.89010953215245
474.15000000000003	-64.88520346276395
474.2	-64.87806088838012
474.25	-64.86870602596659
474.3	-64.85716985914193
474.34999999999997	-64.84355592557385
474.4	-64.827891939093
474.45	-64.81021275225322
474.5	-64.790554401086
474.55	-64.7690152202932
474.6	-64.74586040686714
474.65000000000003	-64.72127839127435
474.7	-64.69521586429723
474.75	-64.66767276076057
474.8	-64.6389478336183
474.85	-64.60961617011569
474.9	-64.57996664362427
474.95	-64.5500859388819
475.0	-64.52032010872703
475.04999999999995	-64.49115466941254
475.1	-64.46293454970792
475.15000000000003	-64.43574236153698
475.2	-64.40949793012427
475.25	-64.38430438372808
475.3	-64.36030616013583
475.35	-64.33743468845694
475.4	-64.31557770941268
475.45	-64.29461920112067
475.5	-64.27452509972318
475.54999999999995	-64.2553360867513
475.6	-64.23708871008954
475.65000000000003	-64.21968005062273
475.7	-64.2029470721605
475.75	-64.18679550302588
475.8	-64.17115798514081
475.85	-64.1559142369892
475.9	-64.14101515564495
475.95	-64.12638952854232
476.0	-64.11194285985619
476.04999999999995	-64.09759423174654
476.1	-64.08333380721186
476.15000000000003	-64.06905314246742
476.2	-64.05462519648032
476.25	-64.03990975618827
476.3	-64.02489946503043
476.35	-64.00972438915827
476.4	-63.99451358543361
476.45	-63.97931868465571
476.5	-63.96419274522575
476.54999999999995	-63.94925039637691
476.6	-63.934577510007756
476.65000000000003	-63.9202017606348
476.7	-63.90618807284572
476.75	-63.8926403248862
476.8	-63.87968418372652
476.85	-63.867403277521575
476.9	-63.855822765682205
476.95	-63.84500599668643
477.0	-63.835069897965184
477.04999999999995	-63.826145663682794
477.1	-63.8183353535034
477.15000000000003	-63.81164876220092
477.2	-63.80610548756083
477.25	-63.80175965809853
477.3	-63.79868208660277
477.35	-63.79688726667137
477.4	-63.79640275430138
477.45	-63.79717543358204
477.5	-63.79923591730399
477.54999999999995	-63.802514650477804
477.6	-63.80705069084084
477.65000000000003	-63.81276674712685
477.7	-63.819575819794615
477.75	-63.82733935851974
477.8	-63.83594901653156
477.85	-63.84529702887901
477.9	-63.8552428189341
477.95	-63.86558653869162
478.0	-63.876109557928274
478.04999999999995	-63.88653841026514
478.1	-63.896533200134215
478.15000000000003	-63.905714644902375
478.2	-63.913784600688714
478.25	-63.92056102375827
478.3	-63.925907139956
478.35	-63.9297201836519
478.4	-63.931872780299805
478.45	-63.932332184412545
478.5	-63.930958082480785
478.54999999999995	-63.92772358422617
478.6	-63.922512420200874
478.65000000000003	-63.91528831021809
478.7	-63.905966269218695
478.75	-63.89456511214534
478.8	-63.88113877440769
478.85	-63.865757210152765
478.9	-63.848504052258136
478.95	-63.82943973154757
479.0	-63.80865100602847
479.04999999999995	-63.786338969099845
479.1	-63.76267298758353
479.15000000000003	-63.737792249050486
479.2	-63.7117538655108
479.25	-63.68462786371153
479.3	-63.656696655918594
479.35	-63.62822812071161
479.4	-63.599336694301904
479.45	-63.57009442801454
479.5	-63.540740757799966
479.54999999999995	-63.51179715297516
479.6	-63.483779001373456
479.65000000000003	-63.45690029387001
479.7	-63.431177643259176
479.75	-63.406486142321164
479.8	-63.382718964417094
479.85	-63.35981869647915
479.9	-63.33777798358974
479.95	-63.31659983391995
480.0	-63.29624875361377
480.04999999999995	-63.276699422910866
480.1	-63.25789915906047
480.15000000000003	-63.23975569057951
480.2	-63.222169081178606
480.25	-63.20501447731068
480.3	-63.18821501579167
480.35	-63.171778745603774
480.4	-63.15565527162778
480.45	-63.139723311222056
480.5	-63.12385734725012
480.54999999999995	-63.10801896506922
480.6	-63.09226819682986
480.65000000000003	-63.07669017369693
480.7	-63.061269209036176
480.75	-63.04588528656765
480.8	-63.03037673253015
480.85	-63.01468002315555
480.9	-62.99882536052297
480.95	-62.982882549734526
481.0	-62.966919731649625
481.04999999999995	-62.95097835458811
481.1	-62.93510900588684
481.15000000000003	-62.91933131311605
481.2	-62.90369096583379
481.25	-62.888246276201414
481.3	-62.87302350033658
481.35	-62.858104664881694
481.4	-62.843566161020505
481.45	-62.82943851003423
481.5	-62.81579931551941
481.54999999999995	-62.8027855810727
481.59999999999997	-62.790447054820255
481.65000000000003	-62.77890110228711
481.70000000000005	-62.76797966068858
481.75	-62.75786845014575
481.8	-62.74828205241222
481.85	-62.739528622631475
481.9	-62.731283616353615
481.95	-62.72401098640566
482.0	-62.717095131821445
482.04999999999995	-62.71137313843491
482.09999999999997	-62.70596816204959
482.15000000000003	-62.702051885347345
482.20000000000005	-62.69845406925566
482.25	-62.69647190445339
482.3	-62.69460524275563
482.35	-62.69408733051053
482.4	-62.6935477457464
482.45	-62.69395916568929
482.5	-62.694126881228456
482.54999999999995	-62.69466476110937
482.59999999999997	-62.69482960073232
482.65000000000003	-62.694876352974426
482.70000000000005	-62.69439648154755
482.75	-62.69342863981533
482.8	-62.69191055915819
482.85	-62.68964658126225
482.9	-62.68675018280662
482.95	-62.68294120520326
483.0	-62.678387902732055
483.04999999999995	-62.67284694764327
483.09999999999997	-62.66649947155024
483.15000000000003	-62.659126148179155
483.20000000000005	-62.65087703375096
483.25	-62.641620660941015
483.3	-62.63145285989985
483.35	-62.6203309713522
483.4	-62.60829956436663
483.45	-62.595332307438554
483.5	-62.58145732304079
483.54999999999995	-62.56672420252157
483.59999999999997	-62.55124553808687
483.65000000000003	-62.53510831297251
483.70000000000005	-62.51835145751131
483.75	-62.500976598379
483.8	-62.48297776057729
483.85	-62.464347026603704
483.9	-62.44505935519149
483.95	-62.42507190841706
484.0	-62.40433740922653
484.04999999999995	-62.382797964584775
484.09999999999997	-62.360475804076884
484.15000000000003	-62.33741147513645
484.20000000000005	-62.31367235531623
484.25	-62.2893472489705
484.3	-62.26447224513879
484.35	-62.23894914833222
484.4	-62.212470686001865
484.45	-62.18480142915335
484.5	-62.15605435280242
484.54999999999995	-62.12653128860599
484.59999999999997	-62.09656893223055
484.65000000000003	-62.066538856154764
484.70000000000005	-62.03679141725499
484.75	-62.00763173011711
484.8	-61.97931256802663
484.85	-61.9522373191767
484.9	-61.92690022923961
484.95	-61.903667484666734
485.0	-61.88284637175995
485.04999999999995	-61.86473651847477
485.09999999999997	-61.84951644307506
485.15000000000003	-61.83724869822501
485.20000000000005	-61.82786079453051
485.25	-61.821139700566945
485.3	-61.81685361340743
485.35	-61.81486278052394
485.4	-61.81508137594169
485.45	-61.817489266989185
485.5	-61.821995029901764
485.54999999999995	-61.828438469090074
485.59999999999997	-61.83663535415018
485.65000000000003	-61.846411065804894
485.70000000000005	-61.85755160726335
485.75	-61.86978751695166
485.8	-61.88291704735164
485.85	-61.896805294327876
485.9	-61.911331366508385
485.95	-61.92638455136586
486.0	-61.94191626486574
486.04999999999995	-61.957932073375304
486.09999999999997	-61.97438195277164
486.15000000000003	-61.99126038611965
486.20000000000005	-62.00862748636035
486.25	-62.02648445988497
486.3	-62.04481223746173
486.35	-62.06362077711205
486.4	-62.08294294482283
486.45	-62.10287043386833
486.5	-62.12346315066168
486.54999999999995	-62.14472894391207
486.59999999999997	-62.16671153382744
486.65000000000003	-62.18943517645386
486.70000000000005	-62.21283423295753
486.75	-62.236639745301346
486.8	-62.26050705961589
486.85	-62.28426231932983
486.9	-62.30784577096039
486.95	-62.331224581904024
487.0	-62.35438303138167
487.04999999999995	-62.37717647962105
487.09999999999997	-62.39941312161622
487.15000000000003	-62.42086447539836
487.20000000000005	-62.44127747884803
487.25	-62.46037685752841
487.3	-62.477946642737514
487.35	-62.493838962883544
487.4	-62.507831230444665
487.45	-62.51970855159689
487.5	-62.5293649936347
487.55	-62.53674034327143
487.59999999999997	-62.541804365976965
487.65	-62.54448695297185
487.70000000000005	-62.54481925061833
487.75	-62.54270108706129
487.8	-62.538153792241715
487.85	-62.531045767714005
487.9	-62.52139896430688
487.95	-62.50924172018209
488.0	-62.49467690026046
488.05	-62.47776890593355
488.09999999999997	-62.458571363346294
488.15	-62.437163746758955
488.20000000000005	-62.413528331867326
488.25	-62.387632551639065
488.3	-62.35970266590732
488.35	-62.33023617674832
488.4	-62.2999270237986
488.45	-62.26925385294513
488.5	-62.238558308973225
488.55	-62.208238329182564
488.59999999999997	-62.17867577822254
488.65	-62.15027377538141
488.70000000000005	-62.123260259354424
488.75	-62.097611037966686
488.8	-62.073326341177825
488.85	-62.05040406899498
488.9	-62.02880332776448
488.95	-62.0084608001627
489.0	-61.98927508174164
489.05	-61.97122974978187
489.09999999999997	-61.954366664996826
489.15	-61.93864877092763
489.20000000000005	-61.92400099413079
489.25	-61.910245799012586
489.3	-61.897292163255415
489.35	-61.88490484485642
489.4	-61.873004406285446
489.45	-61.86141568676939
489.5	-61.85017867268446
489.55	-61.83924513462273
489.59999999999997	-61.82870021707356
489.65	-61.8183352630755
489.70000000000005	-61.80834172889226
489.75	-61.798279358130564
489.8	-61.788523073341906
489.85	-61.77860487221775
489.9	-61.76898345476651
489.95	-61.75923617954367
490.0	-61.74977648093091
490.05	-61.740392584818814
490.09999999999997	-61.73143614596313
490.15	-61.72274661558138
490.20000000000005	-61.71466874666846
490.25	-61.70696490624914
490.3	-61.70000796404423
490.35	-61.693525175367014
490.4	-61.68800829737963
490.45	-61.682938723388034
490.5	-61.67883975387457
490.55	-61.67522071308293
490.59999999999997	-61.672415699151244
490.65	-61.670196068438635
490.70000000000005	-61.66851165668447
490.75	-61.667573629961176
490.8	-61.66686905385352
490.85	-61.667069755463004
490.9	-61.667369241520404
490.95	-61.66878887815381
491.0	-61.67007104896958
491.05	-61.6724580688019
491.09999999999997	-61.674475398608024
491.15	-61.67763426124837
491.20000000000005	-61.680417855263485
491.25	-61.684304013435884
491.3	-61.68778669326751
491.35	-61.69233107749719
491.4	-61.696671433291115
491.45	-61.701923899718196
491.5	-61.707059905811704
491.55	-61.71281181475476
491.59999999999997	-61.71865679161593
491.65	-61.7247294385047
491.70000000000005	-61.730862504219914
491.75	-61.73689095652459
491.8	-61.742687190467024
491.85	-61.748180617875924
491.9	-61.75326827786042
491.95	-61.75783356097745
492.0	-61.76174996354733
492.05	-61.76488804532376
492.09999999999997	-61.76720426905005
492.15	-61.76857122997722
492.20000000000005	-61.769004892781695
492.25	-61.76835322862932
492.3	-61.766658258506
492.35	-61.76377010180462
492.4	-61.75971316817215
492.45	-61.75442238483934
492.5	-61.74793368499772
492.55	-61.74023045460749
492.59999999999997	-61.73133939066701
492.65	-61.72130232623239
492.70000000000005	-61.71021879476771
492.75	-61.6981672914861
492.8	-61.685190543685636
492.85	-61.671355173888955
492.9	-61.656738391192945
492.95	-61.64140198512658
493.0	-61.625410844587634
493.05	-61.60887710884692
493.09999999999997	-61.59194036098476
493.15	-61.5747543926444
493.20000000000005	-61.55748860628766
493.25	-61.54026328443786
493.3	-61.523155094959094
493.35	-61.506263821190515
493.4	-61.48964746447757
493.45	-61.473339165374114
493.5	-61.45738413757054
493.55	-61.44183540341952
493.59999999999997	-61.42667740578441
493.65	-61.41189991922836
493.70000000000005	-61.39743425591996
493.75	-61.38324552816424
493.8	-61.36931639205265
493.85	-61.35570102232631
493.9	-61.34243513912119
493.95	-61.32952852566306
494.0	-61.31698855755805
494.05	-61.304817095131455
494.09999999999997	-61.29295205182946
494.15	-61.281438146509814
494.2	-61.27024190644373
494.25	-61.259347176508854
494.3	-61.248553613628644
494.35	-61.237869077257514
494.40000000000003	-61.22722759419821
494.45	-61.21667280654498
494.5	-61.20610893571363
494.55	-61.195577770989445
494.59999999999997	-61.18501402499008
494.65	-61.17443609522411
494.7	-61.16374050348475
494.75	-61.152916557288464
494.8	-61.14197438192829
494.85	-61.131022465112125
494.90000000000003	-61.120122850419705
494.95	-61.10931650517476
495.0	-61.098523665102334
495.05	-61.08783049489972
495.09999999999997	-61.07727753358363
495.15	-61.0670436742639
495.2	-61.057076772960926
495.25	-61.04773973175072
495.3	-61.0383644029275
495.35	-61.02996315532124
495.40000000000003	-61.02133920846678
495.45	-61.014130984644325
495.5	-61.006667643302066
495.55	-61.000828269728245
495.59999999999997	-60.99467991280906
495.65	-60.990461055236054
495.7	-60.986198840298094
495.75	-60.984180680159426
495.8	-60.98210741454742
495.85	-60.9823021106457
495.90000000000003	-60.982827651999145
495.95	-60.985646809614984
496.0	-60.98889633024321
496.05	-60.993804168437535
496.09999999999997	-60.9991613342048
496.15	-61.00539901367562
496.2	-61.01218009869957
496.25	-61.0192347595472
496.3	-61.02638947252005
496.35	-61.03334224311595
496.40000000000003	-61.03985618506684
496.45	-61.04569300745061
496.5	-61.05065746271416
496.55	-61.05458379414203
496.59999999999997	-61.057281543274925
496.65	-61.05860389537024
496.7	-61.058387040978104
496.75	-61.05653683339366
496.8	-61.05286671336707
496.85	-61.04726961802244
496.90000000000003	-61.03960227393148
496.95	-61.02976888322122
497.0	-61.01771676785427
497.05	-61.00343439634639
497.09999999999997	-60.98685636931641
497.15	-60.9679831706419
497.2	-60.94690927506302
497.25	-60.92372147107946
497.3	-60.89841895498449
497.35	-60.870910127796165
497.40000000000003	-60.84119444745596
497.45	-60.80930216470702
497.5	-60.775263244910235
497.55	-60.73929140337217
497.59999999999997	-60.701683256306495
497.65	-60.662787580393925
497.7	-60.62289054580458
497.75	-60.58232203091772
497.8	-60.54152108741147
497.85	-60.50079652327233
497.90000000000003	-60.46036377441073
497.95	-60.420618151710016
498.0	-60.381950073022345
498.05	-60.34457844722675
498.09999999999997	-60.30847059222161
498.15	-60.273655455993314
498.2	-60.240283965124945
498.25	-60.208332733637555
498.3	-60.177692000768175
498.35	-60.148242684561836
498.40000000000003	-60.119871613548185
498.45	-60.092593422669054
498.5	-60.06638465145318
498.55	-60.04112636056335
498.59999999999997	-60.01674271183707
498.65	-59.99315335181067
498.7	-59.970302014601515
498.75	-59.94813793605083
498.8	-59.92655988227912
498.85	-59.90551639218367
498.90000000000003	-59.885025765179726
498.95	-59.86507708626752
499.0	-59.845660913666364
499.05	-59.82675682952109
499.09999999999997	-59.808402748245044
499.15	-59.79065042559125
499.2	-59.77350640208445
499.25	-59.75688569728781
499.3	-59.74064853693285
499.35	-59.72472150631435
499.40000000000003	-59.70909688452437
499.45	-59.69380239685836
499.5	-59.678904020080935
499.55	-59.66442132232795
499.59999999999997	-59.65037070572363
499.65	-59.63684128980783
499.7	-59.623904294696345
499.75	-59.61162916560666
499.8	-59.60009961760022
499.85	-59.58941166910384
499.90000000000003	-59.57967078756576
499.95	-59.570995485147904
500.0	-59.56336241635444
500.05	-59.556909120432366
500.09999999999997	-59.55140800196451
500.15	-59.54732535416644
500.2	-59.544162603853025
500.25	-59.54280532370254
500.29999999999995	-59.54218663178034
500.34999999999997	-59.54325934916806
500.4	-59.54496559445985
500.44999999999993	-59.548081263265985
500.49999999999994	-59.551651988641225
500.55000000000007	-59.556220139990856
500.6	-59.561247727690514
500.65000000000003	-59.56688918165402
500.70000000000005	-59.572907799979255
500.75	-59.579126963627715
500.8	-59.58533210667805
500.85	-59.59131565950696
500.90000000000003	-59.59689282637606
500.95	-59.601912433412025
501.0	-59.606227220949165
501.05	-59.609690479973224
501.09999999999997	-59.61222805993782
501.15	-59.613672198278785
501.2	-59.61400946788816
501.25	-59.613043044877834
501.29999999999995	-59.610801065926225
501.34999999999997	-59.607084391374585
501.4	-59.60191235780337
501.44999999999993	-59.59518943066488
501.49999999999994	-59.58693002677026
501.55000000000007	-59.57705457776615
501.6	-59.56553813739274
501.65000000000003	-59.55236822843392
501.70000000000005	-59.53763649567128
501.75000000000006	-59.521364785668936
501.8	-59.503514516202785
501.85	-59.484098303385395
501.90000000000003	-59.46318129887729
501.95	-59.44091112300593
502.0	-59.41744062154618
502.05	-59.39284169310797
502.09999999999997	-59.367293674767936
502.15	-59.34112437624679
502.2	-59.31467481738193
502.25	-59.28823431290513
502.29999999999995	-59.2619760615149
502.34999999999997	-59.2359618967804
502.4	-59.21018074339795
502.44999999999993	-59.184730732629426
502.49999999999994	-59.159857968820624
502.55000000000007	-59.13590024423037
502.6	-59.113158103556565
502.65000000000003	-59.0919456752245
502.70000000000005	-59.07268535316285
502.75000000000006	-59.055795016893654
502.8	-59.041397427571525
502.85	-59.02948112360353
502.90000000000003	-59.02009870869908
502.95	-59.01326443638247
503.0	-59.008884684343585
503.05	-59.0068102219598
503.09999999999997	-59.00690615071743
503.15	-59.009086708146526
503.2	-59.013282350321596
503.25	-59.01940555614711
503.29999999999995	-59.02730595735349
503.34999999999997	-59.03666858021977
503.4	-59.04701483997536
503.44999999999993	-59.05781909522619
503.49999999999994	-59.06859425070034
503.55000000000007	-59.079044510791135
503.6	-59.08890970003108
503.65000000000003	-59.09795505778085
503.70000000000005	-59.106068395213335
503.75000000000006	-59.112895663639506
503.8	-59.11878339654241
503.85	-59.122878296609684
503.90000000000003	-59.12607665002389
503.95	-59.12733935878637
504.0	-59.12773520265138
504.05	-59.126227591691176
504.09999999999997	-59.12382840132328
504.15	-59.11983338376236
504.2	-59.11504488772498
504.25	-59.10910732930009
504.29999999999995	-59.10240395884804
504.34999999999997	-59.09484482192029
504.4	-59.0866410805521
504.44999999999993	-59.077932884272016
504.49999999999994	-59.06896915228965
504.55000000000007	-59.059953296101156
504.6	-59.05108009797629
504.65000000000003	-59.042499983160084
504.70000000000005	-59.03437965332546
504.75000000000006	-59.02685805891507
504.8	-59.02005929153427
504.85	-59.01410646462933
504.90000000000003	-59.009100042087084
504.95	-59.005111829455046
505.0	-59.002203235562675
505.05	-59.00042126988666
505.09999999999997	-58.99976237852347
505.15	-59.00020464409281
505.2	-59.00170883783217
505.25	-59.004244941882334
505.29999999999995	-59.00772966611702
505.34999999999997	-59.01203163594002
505.4	-59.01697455828622
505.44999999999993	-59.02238099017265
505.49999999999994	-59.02808716787889
505.55000000000007	-59.033942659857985
505.6	-59.03975005567246
505.65000000000003	-59.04533450974161
505.70000000000005	-59.05047186147059
505.75000000000006	-59.055080673027675
505.8	-59.05887821710121
505.85	-59.06195347650396
505.90000000000003	-59.063746870640045
505.95	-59.06475330412201
506.0	-59.06420254758217
506.05	-59.06275657705103
506.1	-59.05953196928887
506.15	-59.05526962446507
506.2	-59.04921324884812
506.25	-59.04194883736065
506.29999999999995	-59.03294716653835
506.34999999999997	-59.02248812465416
506.4	-59.01045121063054
506.44999999999993	-58.99690937472901
506.49999999999994	-58.981851867543185
506.54999999999995	-58.965351628197695
506.6	-58.94754232044589
506.65000000000003	-58.928627343869394
506.70000000000005	-58.908833312820555
506.75000000000006	-58.88833024975045
506.8	-58.86733725646896
506.85	-58.846056713523396
506.90000000000003	-58.824689973395415
506.95	-58.80342840709787
507.0	-58.78237774973101
507.05	-58.76154940710986
507.1	-58.7408888180006
507.15	-58.72045768985117
507.2	-58.70046016933732
507.25	-58.681027137853974
507.29999999999995	-58.66216464559057
507.34999999999997	-58.64378855954744
507.4	-58.62584015428686
507.44999999999993	-58.6084086916087
507.49999999999994	-58.591610386372075
507.54999999999995	-58.57544230900769
507.6	-58.559906988989056
507.65000000000003	-58.54501494937216
507.70000000000005	-58.53079227475973
507.75000000000006	-58.517286328455285
507.8	-58.50454658892591
507.85	-58.492561067543036
507.90000000000003	-58.48133926577288
507.95	-58.470801205145925
508.0	-58.4610213948055
508.05	-58.45177054467772
508.1	-58.44317999225488
508.15	-58.434962856490756
508.2	-58.42729336122418
508.25	-58.41992306271629
508.29999999999995	-58.412969420265576
508.34999999999997	-58.40631502564915
508.4	-58.39998852600962
508.44999999999993	-58.393981996896564
508.49999999999994	-58.38823307171563
508.54999999999995	-58.382882267525964
508.6000000000001	-58.37763034334624
508.65000000000003	-58.37283017904666
508.70000000000005	-58.36799316962387
508.75000000000006	-58.363903259623726
508.8	-58.35990310284946
508.85	-58.3570595295418
508.90000000000003	-58.35415736951445
508.95	-58.352510121797366
509.0	-58.35081512175131
509.05	-58.35064358001637
509.1	-58.35049660700554
509.15	-58.3518391989779
509.2	-58.3532302689108
509.25	-58.35634371751462
509.29999999999995	-58.359916179627064
509.34999999999997	-58.36525559521699
509.4	-58.371212553648135
509.44999999999993	-58.378753539939254
509.49999999999994	-58.3872377564953
509.54999999999995	-58.3968722781596
509.6000000000001	-58.40751545570266
509.65000000000003	-58.419041448179755
509.70000000000005	-58.43130816477229
509.75000000000006	-58.444070901882554
509.8	-58.457125084667304
509.85	-58.47013086089264
509.90000000000003	-58.482754196383596
509.95	-58.49466697459145
510.0	-58.5057046137964
510.05	-58.51577535470684
510.1	-58.524723538807976
510.15	-58.53262097100135
510.2	-58.53886660212662
510.25	-58.54424193039321
510.29999999999995	-58.54749680445246
510.34999999999997	-58.54986870664828
510.4	-58.54985472790208
510.44999999999993	-58.54906532070504
510.49999999999994	-58.54611947532689
510.54999999999995	-58.54249129109604
510.6000000000001	-58.536867270642944
510.65000000000003	-58.53038483310139
510.70000000000005	-58.52223248914441
510.75000000000006	-58.51313119238972
510.8	-58.50264414176313
510.85	-58.4910539807869
510.90000000000003	-58.478206128009404
510.95	-58.46425557604782
511.0	-58.449324700219776
511.05	-58.43350240480644
511.1	-58.41687722143541
511.15	-58.39958019056003
511.2	-58.38181621182618
511.25	-58.363785528715546
511.29999999999995	-58.34570038190018
511.34999999999997	-58.32779124245121
511.4	-58.310205976412135
511.44999999999993	-58.29299521238083
511.49999999999994	-58.27615744428995
511.54999999999995	-58.25967140596029
511.6000000000001	-58.24353820493758
511.65000000000003	-58.22781503346808
511.70000000000005	-58.212558156119684
511.75000000000006	-58.19788123834718
511.8	-58.18379580116047
511.85	-58.17028035606557
511.90000000000003	-58.15721949121215
511.95	-58.14456118238524
512.0	-58.132311173863414
512.05	-58.12056263962459
512.1	-58.109278503778576
512.15	-58.09847500676473
512.2	-58.088178080662146
512.25	-58.078396706613006
512.3	-58.06907550432341
512.35	-58.060203763261356
512.4	-58.0517769715467
512.4499999999999	-58.04380963351103
512.5	-58.036241906967916
512.55	-58.02909378522608
512.5999999999999	-58.02229544108246
512.6500000000001	-58.01590389478443
512.7	-58.00976789337115
512.75	-58.003978917674694
512.8000000000001	-57.99837980276749
512.85	-57.99313402113577
512.9	-57.98793436323695
512.95	-57.9831118216444
513.0	-57.97818063781388
513.05	-57.973728545837716
513.1	-57.96902355053081
513.15	-57.96478112531382
513.2	-57.96008571119342
513.25	-57.955725407470624
513.3	-57.95093593559266
513.35	-57.9464975970332
513.4	-57.94163190810893
513.4499999999999	-57.93698308096218
513.5	-57.93207703912897
513.55	-57.92737619015275
513.5999999999999	-57.92259676090656
513.6500000000001	-57.91798579920592
513.7	-57.913516108692605
513.75	-57.90937496490629
513.8000000000001	-57.905436563346996
513.85	-57.90193008462251
513.9	-57.89866763721769
513.95	-57.895984930574315
514.0	-57.89358755865942
514.05	-57.891900921120865
514.1	-57.89049325895385
514.15	-57.889814016956464
514.2	-57.88935956639678
514.25	-57.889485233436226
514.3	-57.88970906628327
514.35	-57.890176269198975
514.4	-57.89055678665841
514.4499999999999	-57.8908056566936
514.5	-57.89076377913159
514.55	-57.890271123539634
514.5999999999999	-57.889281493409655
514.6500000000001	-57.88744145128024
514.7	-57.88484062879607
514.75	-57.88106721988242
514.8000000000001	-57.876273268565626
514.85	-57.87005015728625
514.9	-57.86247125121102
514.95	-57.85322190302462
515.0	-57.84231192551218
515.05	-57.82965570588765
515.1	-57.815251675919534
515.15	-57.79908113476356
515.2	-57.78115936142022
515.25	-57.76151245469891
515.3	-57.7401350128504
515.35	-57.71701689989696
515.4	-57.69221604628556
515.4499999999999	-57.665764369621584
515.5	-57.63775145841775
515.55	-57.60827699631022
515.5999999999999	-57.577259062613805
515.6500000000001	-57.54470365450588
515.7	-57.51098305812724
515.75	-57.47668927645767
515.8000000000001	-57.44238715212738
515.85	-57.40841151741999
515.9	-57.37495612699682
515.95	-57.34219544051164
516.0	-57.310468444650596
516.05	-57.28007794356907
516.1	-57.25105342607716
516.15	-57.223263256947604
516.2	-57.1965814760961
516.25	-57.17097409402438
516.3	-57.14653089845649
516.35	-57.12319000116294
516.4	-57.100745011650915
516.4499999999999	-57.07906374178296
516.5	-57.05804251224406
516.55	-57.03763049030075
516.5999999999999	-57.01775689800077
516.6500000000001	-56.99831656668101
516.7	-56.97927446745905
516.75	-56.96060866730779
516.8000000000001	-56.94226667385735
516.85	-56.924188056474286
516.9	-56.90629333844417
516.95	-56.88855462358539
517.0	-56.871027456387836
517.05	-56.85380578813455
517.1	-56.83688288741837
517.15	-56.820118912906835
517.2	-56.803413899240866
517.25	-56.78671805094044
517.3	-56.77001722524248
517.35	-56.75338002577761
517.4	-56.736901144167405
517.4499999999999	-56.720676427656755
517.5	-56.7047330079148
517.55	-56.6889986119924
517.5999999999999	-56.673467772130124
517.6500000000001	-56.65818006161683
517.7	-56.64321974110729
517.75	-56.628789397406635
517.8000000000001	-56.6150335707507
517.85	-56.601990454655684
517.9	-56.5896981890592
517.95	-56.57820883627018
518.0	-56.56761175011701
518.05	-56.55802806177728
518.1	-56.54950980399476
518.15	-56.54210720205609
518.2	-56.53582784057138
518.25	-56.53076191066852
518.3	-56.52689938225171
518.35	-56.52432128354705
518.4	-56.52287311186684
518.4499999999999	-56.522704396207956
518.5	-56.523581626467035
518.55	-56.52562753975009
518.5999999999999	-56.52862631818279
518.6500000000001	-56.532598023311614
518.7	-56.53738220356972
518.75	-56.54293573574907
518.8000000000001	-56.5490991784084
518.85	-56.55571711751647
518.9	-56.562581812277756
518.95	-56.56947198397554
519.0	-56.57617476430646
519.05	-56.5826615262295
519.1	-56.58869730381656
519.15	-56.59440545953777
519.2	-56.599432454836936
519.25	-56.60399097936127
519.3	-56.607623646912046
519.35	-56.61068036689292
519.4	-56.61264544544953
519.4499999999999	-56.613899818097416
519.5	-56.61394054286693
519.55	-56.61315516363053
519.5999999999999	-56.611096118748826
519.65	-56.60806799114261
519.7	-56.603786968492116
519.75	-56.59842272035672
519.8000000000001	-56.59188825396291
519.85	-56.58425083019473
519.9	-56.57543712144456
519.95	-56.56551776646455
520.0	-56.554510292401574
520.0500000000001	-56.54239796285327
520.1	-56.52916473848828
520.15	-56.51482252024965
520.2	-56.49941815649968
520.25	-56.4829893895087
520.3	-56.465654079327535
520.35	-56.44763166350843
520.4	-56.429072282610875
520.4499999999999	-56.41006245378499
520.5	-56.39068403823003
520.55	-56.37094625709777
520.5999999999999	-56.35082819424987
520.65	-56.33028337963955
520.7	-56.309264336205516
520.75	-56.28778798998857
520.8000000000001	-56.26584150791156
520.85	-56.24342595939674
520.9	-56.22052683457643
520.95	-56.19717017694131
521.0	-56.17346743233165
521.0500000000001	-56.14950463090747
521.1	-56.125337789739234
521.15	-56.10094164470503
521.2	-56.076256091511354
521.25	-56.051269765565614
521.3	-56.026067782454525
521.35	-56.000851054204524
521.4	-55.97585587771411
521.4499999999999	-55.95118965221403
521.5	-55.926866492777194
521.55	-55.902938955012644
521.5999999999999	-55.87964705146717
521.65	-55.85732519063295
521.7	-55.836240162621266
521.75	-55.81649890234444
521.8000000000001	-55.798034251982436
521.85	-55.78074328358482
521.9	-55.76472548483234
521.95	-55.75013429828263
522.0	-55.73701434803628
522.0500000000001	-55.725346211676055
522.1	-55.715001462389836
522.15	-55.706016933289604
522.2	-55.69800169929272
522.25	-55.69122876398845
522.3	-55.68521500321552
522.35	-55.680463493361934
522.4	-55.67618641066031
522.4499999999999	-55.67307148347332
522.5	-55.67023175958778
522.55	-55.66863681265714
522.5999999999999	-55.66714541247582
522.65	-55.66684675254915
522.7	-55.66641039902599
522.75	-55.66704241488546
522.8000000000001	-55.66736997568888
522.85	-55.66877397036136
522.9	-55.66990685763534
522.95	-55.67215614063774
523.0	-55.67431260116639
523.0500000000001	-55.67759261050768
523.1	-55.68086798774503
523.15	-55.684944284519815
523.2	-55.68901091733218
523.25	-55.693701205302766
523.3	-55.69848407793266
523.35	-55.70362700566001
523.4	-55.708897151869365
523.4499999999999	-55.71434113327507
523.5	-55.71979080053187
523.55	-55.72524737376179
523.5999999999999	-55.73052846140929
523.65	-55.73564787848611
523.7	-55.74038906035102
523.75	-55.74486757496695
523.8000000000001	-55.74867127635487
523.85	-55.75213092730836
523.9	-55.754462816476384
523.95	-55.75633328307471
524.0	-55.756806995429976
524.0500000000001	-55.75687295757996
524.1	-55.755369921804586
524.15	-55.753228069551724
524.2	-55.74933940803085
524.25	-55.74465272714516
524.3	-55.73844044875518
524.35	-55.73130780805816
524.4	-55.72282803722629
524.4499999999999	-55.713222868778765
524.5	-55.702401194825114
524.55	-55.690453344159394
524.5999999999999	-55.67738282419573
524.65	-55.66324753054517
524.7	-55.64818053693598
524.75	-55.63236468732389
524.8000000000001	-55.61601157905127
524.85	-55.599271190396266
524.9	-55.58217493899103
524.95	-55.56476588819103
525.0	-55.54716207109699
525.0500000000001	-55.52944521138645
525.1	-55.51155178256725
525.15	-55.49345661517562
525.2	-55.47518776919834
525.25	-55.45677760654998
525.3	-55.43832385965112
525.35	-55.41991067024183
525.4	-55.401503513974625
525.4499999999999	-55.38298808848015
525.5	-55.36431709332268
525.55	-55.34558154771928
525.5999999999999	-55.32680255578714
525.65	-55.30788854607189
525.6999999999999	-55.288798116534835
525.75	-55.26955643246172
525.8000000000001	-55.2502470106327
525.85	-55.23094877753324
525.9000000000001	-55.21170580529686
525.95	-55.19254544725264
526.0	-55.17358574790565
526.0500000000001	-55.15496251075279
526.1	-55.13658294788938
526.15	-55.11828897227018
526.2	-55.0999932905265
526.25	-55.08166760590146
526.3	-55.06342345018132
526.35	-55.04535763775871
526.4	-55.02742926331487
526.4499999999999	-55.00964270820502
526.5	-54.99207727249461
526.55	-54.97481425536037
526.5999999999999	-54.95790101967931
526.65	-54.94129264314254
526.6999999999999	-54.924957365612
526.75	-54.908976430314624
526.8000000000001	-54.89346569557273
526.85	-54.87853983092198
526.9000000000001	-54.864323461855236
526.95	-54.850991190144725
527.0	-54.83875222202394
527.0500000000001	-54.827739651598534
527.1	-54.81807047037432
527.15	-54.80982211403257
527.2	-54.803044869023346
527.25	-54.7977769782395
527.3	-54.794088924654545
527.35	-54.79190214262553
527.4	-54.79127727216025
527.4499999999999	-54.79205367250719
527.5	-54.79430537614415
527.55	-54.797906572746214
527.5999999999999	-54.80284297934929
527.65	-54.80897378531813
527.6999999999999	-54.81617696756574
527.75	-54.82429324459175
527.8000000000001	-54.833176898805604
527.85	-54.84264866447202
527.9000000000001	-54.852481569556566
527.95	-54.86237020072399
528.0	-54.87202743612077
528.0500000000001	-54.881240196196934
528.1	-54.889782588122316
528.15	-54.89745838690507
528.2	-54.90411842291217
528.25	-54.90961663538751
528.3	-54.913826936127585
528.35	-54.9166744759368
528.4	-54.918089597797035
528.4499999999999	-54.91803411927175
528.5	-54.916434217816374
528.55	-54.913264109683965
528.5999999999999	-54.908506708106806
528.65	-54.90214140778447
528.6999999999999	-54.89413768449541
528.75	-54.8845093783246
528.8000000000001	-54.87332329998203
528.85	-54.860632286570535
528.9000000000001	-54.84647862339378
528.95	-54.830905812612514
529.0	-54.813944428840195
529.0500000000001	-54.79567149870023
529.1	-54.776122151489645
529.15	-54.75529875594863
529.2	-54.73333709773975
529.25	-54.71044322413776
529.3	-54.68677613759569
529.35	-54.66247849096481
529.4	-54.63764331039784
529.4499999999999	-54.612489165482366
529.5	-54.5872522570492
529.55	-54.56198202614946
529.5999999999999	-54.5366705441838
529.65	-54.5112743687004
529.6999999999999	-54.48570677707605
529.75	-54.45989682373063
529.8000000000001	-54.433834605315006
529.85	-54.40748278048861
529.9000000000001	-54.3806727382174
529.95	-54.35325475911206
530.0	-54.32524362350887
530.0500000000001	-54.29665588980729
530.1	-54.2674704911755
530.15	-54.23767030440211
530.2	-54.20729616100129
530.25	-54.17640078030441
530.3	-54.14498092064966
530.35	-54.11311896016582
530.4	-54.080916109496854
530.4499999999999	-54.0484676625415
530.5	-54.01587890421627
530.55	-53.983185689991636
530.5999999999999	-53.95044308914825
530.65	-53.91773632917051
530.6999999999999	-53.885126275531334
530.75	-53.852763073483985
530.8000000000001	-53.8207568460125
530.85	-53.78918014491562
530.9000000000001	-53.758286641050034
530.95	-53.72828427642915
531.0	-53.69923914585052
531.0500000000001	-53.67111419289178
531.1	-53.64386018320597
531.15	-53.61746309154691
531.2	-53.59190190299604
531.25	-53.5671752671182
531.3	-53.543256348160085
531.35	-53.52003805063307
531.4	-53.49738699568937
531.4499999999999	-53.4751017605995
531.5	-53.45308096372197
531.55	-53.43138527963772
531.5999999999999	-53.410044094293355
531.65	-53.38900032528886
531.6999999999999	-53.36813919455024
531.75	-53.34740170600902
531.8000000000001	-53.32689931040527
531.85	-53.30681379287573
531.9000000000001	-53.28726208293363
531.95	-53.268265482609635
532.0	-53.24982362391917
532.0500000000001	-53.23206448464221
532.1	-53.21514020554314
532.15	-53.199080179977315
532.2	-53.183973593381126
532.25	-53.16987847601695
532.3	-53.15663134390488
532.35	-53.14444169767154
532.4	-53.13232663998265
532.4499999999999	-53.121119340384524
532.5	-53.109593803482596
532.55	-53.09900443243389
532.5999999999999	-53.087616907823374
532.65	-53.076857451038165
532.6999999999999	-53.06482550771439
532.75	-53.052914541327524
532.8000000000001	-53.03950250968562
532.85	-53.02567800485452
532.9000000000001	-53.01013771929027
532.95	-52.9934506577375
533.0	-52.974610579544645
533.0500000000001	-52.95378818580088
533.1	-52.930488277401956
533.15	-52.90451064155133
533.2	-52.8753819706419
533.25	-52.842843026222425
533.3	-52.80663798644602
533.35	-52.7664344752728
533.4	-52.72178917711889
533.4499999999999	-52.672325604562346
533.5	-52.61788361264227
533.55	-52.558294091781654
533.5999999999999	-52.49325883642384
533.65	-52.4224394130016
533.6999999999999	-52.34553866747392
533.75	-52.26240649657948
533.8000000000001	-52.17293228227062
533.85	-52.077594510410364
533.9000000000001	-51.97750590237338
533.95	-51.87369562644517
534.0	-51.76697418870059
534.0500000000001	-51.657326185086106
534.1	-51.544570907301534
534.15	-51.42893003853681
534.2	-51.3107226350844
534.25	-51.1900028227211
534.3	-51.06657874706224
534.35	-50.94006403500984
534.4	-50.81035607857844
534.4499999999999	-50.67686242276527
534.5	-50.53849277640249
534.55	-50.39546078378892
534.5999999999999	-50.24841470757439
534.65	-50.096275026491995
534.6999999999999	-49.936858838994056
534.75	-49.76846867619599
534.8000000000001	-49.591275908008484
534.85	-49.4063682051349
534.9000000000001	-49.2135849786531
534.95	-49.01146397765105
535.0	-48.798611483382984
535.0500000000001	-48.575184388024525
535.1	-48.34080513425471
535.15	-48.09456231497174
535.2	-47.83791295554031
535.25	-47.57323381795367
535.3	-47.2994776811436
535.35	-47.00894869176432
535.4	-46.6918045927243
535.4499999999999	-46.34450577749081
535.5	-45.967270646481815
535.55	-45.5593499464388
535.5999999999999	-45.120163007102235
535.65	-44.644505874604086
535.6999999999999	-44.12472675792728
535.75	-43.55660879180394
535.8000000000001	-42.94554121705778
535.85	-42.302496601114825
535.9000000000001	-41.62470046647771
535.95	-40.88030341647438
536.0	-40.04266399337273
536.0500000000001	-39.13035222545196
536.1	-38.21351499286729
536.15	-37.32376484058226
536.2	-36.42584487562356
536.25	-35.47992086675035
536.3	-34.439794753878815
536.35	-33.338775460456354
536.4	-32.185895096134864
536.4499999999999	-30.933208456437125
536.5	-29.600136076385933
536.55	-28.243932316995902
536.5999999999999	-26.895360779319372
536.65	-25.55641715377552
536.6999999999999	-24.17780683348345
536.75	-22.738785977857738
536.8000000000001	-21.263426357285
536.85	-19.77816299378057
536.9000000000001	-18.340157086436687
536.95	-16.93665131199356
537.0	-15.577828183313173
537.0500000000001	-14.273849246335784
537.1	-12.983407555712652
537.15	-11.746105610728636
537.2	-10.61464185918317
537.25	-9.557654371654504
537.3	-8.591331637071832
537.35	-7.696807223032655
537.4	-6.836256372927965
537.4499999999999	-6.0120552641623615
537.5	-5.235553895812255
537.55	-4.51102504700215
537.6	-3.824040926242766
537.65	-3.1732918630956157
537.6999999999999	-2.5734835740413153
537.75	-2.02820326077701
537.8	-1.5219855386153376
537.85	-1.0400190626541406
537.9000000000001	-0.5752978341183412
537.95	-0.13163825011278363
538.0	0.28818265179579194
538.0500000000001	0.6858297211588522
538.1	1.068409231547769
538.15	1.4475715324612861
538.2	1.8269356781657766
538.25	2.2079743177009084
538.3	2.586662513478932
538.35	2.952145877150385
538.4	3.298240954102954
538.4499999999999	3.6231470227928253
538.5	3.926326979783357
538.55	4.207341531910346
538.6	4.467360682913997
538.65	4.709803980874883
538.6999999999999	4.937362594124833
538.75	5.153035764209525
538.8	5.359709509295704
538.85	5.557578062378454
538.9000000000001	5.747006347315652
538.95	5.9291349855202835
539.0	6.105168751966148
539.0500000000001	6.275994478842749
539.1	6.4412618186959305
539.15	6.599621166415638
539.2	6.750444130826352
539.25	6.894018839786476
539.3	7.031028629638071
539.35	7.161331045260752
539.4	7.285860067717545
539.4499999999999	7.406613295382604
539.5	7.523466994657072
539.55	7.634898528618004
539.6	7.740222211797058
539.65	7.839959969096444
539.6999999999999	7.934881604434631
539.75	8.02525597931994
539.8	8.111357354598727
539.85	8.193807597978408
539.9000000000001	8.27289756723094
539.95	8.348821027259099
540.0	8.42153869103709
540.0500000000001	8.491072342291567
540.1	8.557476293036743
540.15	8.62071547395086
540.2	8.680860116531226
540.25	8.737910055593625
540.3	8.791835863417127
540.35	8.842764036591824
540.4	8.890617791180356
540.4499999999999	8.935351378857963
540.5	8.977012489667066
540.55	9.015534207911259
540.6	9.05094467882791
540.65	9.083241043216818
540.6999999999999	9.112464594050916
540.75	9.13868339662441
540.8	9.161871789968439
540.85	9.181889728912044
540.9000000000001	9.198704033946356
540.95	9.212423835923117
541.0	9.223198755384413
541.0500000000001	9.231111354159266
541.1	9.236287430634427
541.15	9.238829825005931
541.2	9.238885643904034
541.25	9.236486433875193
541.3	9.23172412889118
541.35	9.224672101252192
541.4	9.215455426728926
541.4499999999999	9.204198504021274
541.5	9.19107672703294
541.55	9.176326998204953
541.6	9.160253852892433
541.65	9.143200420863046
541.6999999999999	9.12545525812773
541.75	9.107324122967444
541.8	9.089085776922197
541.85	9.070924927008104
541.9000000000001	9.053047972949573
541.95	9.03568610041832
542.0	9.019039056339626
542.0500000000001	9.00326632242291
542.1	8.98851028229581
542.15	8.974993760579405
542.2	8.962920957724556
542.25	8.95239916753832
542.3	8.943438009006577
542.35	8.93605972790488
542.4	8.93016476948062
542.4499999999999	8.925799148698871
542.5	8.92275887130938
542.55	8.921110786575756
542.6	8.920549889944361
542.65	8.921115332778356
542.6999999999999	8.922507474684988
542.75	8.924615418678165
542.8	8.92719554466642
542.85	8.930011523010787
542.9000000000001	8.93277143029059
542.95	8.935181975113437
543.0	8.93696612964096
543.0500000000001	8.937871534997416
543.1	8.93768873000198
543.15	8.9362603755408
543.2	8.933386554027582
543.25	8.928916627665792
543.3	8.922670249551608
543.35	8.914520346031264
543.4	8.904317785195015
543.45	8.89198200143672
543.5	8.877492686302439
543.55	8.86083986586062
543.6	8.84203547998137
543.65	8.821148749364465
543.6999999999999	8.79844955392779
543.75	8.77429141522245
543.8	8.748856115981274
543.8499999999999	8.722257289225457
543.9000000000001	8.694694184811066
543.95	8.666399675559356
544.0	8.637618143280829
544.0500000000001	8.608558135313109
544.1	8.579455047022538
544.15	8.550394397468185
544.2	8.52138444169302
544.25	8.492552412161773
544.3	8.463982820711415
544.35	8.435776842554342
544.4	8.407942569217616
544.45	8.380323314860117
544.5	8.352809430922424
544.55	8.325372596954473
544.6	8.297864844810622
544.65	8.270110242123431
544.6999999999999	8.241947312592192
544.75	8.213281040526859
544.8	8.184078967747473
544.8499999999999	8.154214766745028
544.9000000000001	8.123434998540102
544.95	8.091450533191287
545.0	8.058123027191483
545.0500000000001	8.023398569193526
545.1	7.987120449377931
545.15	7.94901239581326
545.2	7.90874627236226
545.25	7.866071495426205
545.3	7.821055436486657
545.35	7.773699669384148
545.4	7.723787843100665
545.45	7.671238374183231
545.5	7.616219493117175
545.55	7.5589869125619025
545.6	7.49951295541881
545.65	7.437636146862545
545.6999999999999	7.373286258482263
545.75	7.306350227204187
545.8	7.23690208731937
545.8499999999999	7.165368663632683
545.9000000000001	7.091832203092851
545.95	7.015937071870727
546.0	6.937274838333163
546.0500000000001	6.856051613938089
546.1	6.772990065360602
546.15	6.6890714348364
546.2	6.605528482301997
546.25	6.523296705001753
546.3	6.44255935822057
546.35	6.36335630294394
546.4	6.285843243843473
546.45	6.209961747713882
546.5	6.135356423335528
546.55	6.061778066237407
546.6	5.989512674142302
546.65	5.918882759468099
546.6999999999999	5.850049107905988
546.75	5.782983027148449
546.8	5.7177578436081244
546.8499999999999	5.6546739964378
546.9000000000001	5.593911617703377
546.95	5.5354410828704355
547.0	5.479293742156015
547.0500000000001	5.425360715051579
547.1	5.37340404973944
547.15	5.323393896618162
547.2	5.275262073015546
547.25	5.228844958562661
547.3	5.183824347632467
547.35	5.1401975843414185
547.4	5.098140931117096
547.45	5.057458699643599
547.5	5.017596003909426
547.55	4.978053261705814
547.6	4.938533483203286
547.65	4.898794677426263
547.6999999999999	4.858619109067179
547.75	4.8178296216472125
547.8	4.776145872865163
547.8499999999999	4.733191973342635
547.9000000000001	4.688654660177403
547.95	4.642291919366061
548.0	4.5941566463919
548.0500000000001	4.54428624716482
548.1	4.492244772098077
548.15	4.437654795382924
548.2	4.380779357525384
548.25	4.32212236030537
548.3	4.261997320318024
548.35	4.2003985653013824
548.4	4.137396491177244
548.45	4.0731696092482945
548.5	4.007724322704583
548.55	3.9413543502384254
548.6	3.8745758097176024
548.65	3.8077985831053907
548.6999999999999	3.7412402100405986
548.75	3.674784089757443
548.8	3.608187618670076
548.8499999999999	3.5413426818767615
548.9000000000001	3.47423314703172
548.95	3.4069455912843933
549.0	3.3395688857170467
549.0500000000001	3.272270633411021
549.1	3.2051432012632075
549.15	3.138069433798939
549.2	3.070836109727116
549.25	3.003441857360504
549.3	2.9358935787378093
549.35	2.8678878516433777
549.4	2.7988767413061257
549.45	2.728812036057158
549.5	2.6580455085682324
549.55	2.586647009733879
549.6	2.5146233805227776
549.65	2.441956107874854
549.6999999999999	2.3687188130864616
549.75	2.29518623562063
549.8	2.2212805438550003
549.8499999999999	2.1463210679067215
549.9000000000001	2.0697985908043317
549.95	1.9917813065527334
550.0	1.912581383290117
550.0500000000001	1.832026730170576
550.1	1.749943178217519
550.15	1.6664648181301005
550.2	1.5817337020190143
550.25	1.495485005412136
550.3	1.4072628540012553
550.35	1.317030358068607
550.4	1.2247625019959019
550.45	1.1302510087765918
550.5	1.0336960081026303
550.55	0.9357555132548863
550.6	0.8374230427976268
550.65	0.7398902729846089
550.6999999999999	0.6435270670706256
550.75	0.5486373691155679
550.8	0.455449259212239
550.8499999999999	0.3635534144492655
550.9	0.27276088584940933
550.95	0.18324266656999214
551.0	0.09506268599753283
551.0500000000001	0.008357053445771052
551.1	-0.07680614749734285
551.15	-0.16056747076823052
551.2	-0.24320682962454648
551.25	-0.3246000576225623
551.3000000000001	-0.4042493085832003
551.35	-0.48194396483300705
551.4	-0.5578753478704085
551.45	-0.6325750481565753
551.5	-0.7063190911630092
551.55	-0.7787589131826181
551.6	-0.8498204745355933
551.65	-0.9197964945571718
551.6999999999999	-0.9885495185238395
551.75	-1.056188100118998
551.8	-1.1231058612736993
551.8499999999999	-1.1895646078748168
551.9	-1.2558233008647823
551.95	-1.3220344417846914
552.0	-1.3884751968504605
552.0500000000001	-1.45553846478309
552.1	-1.523742834325653
552.15	-1.5939470727061875
552.2	-1.6665665440071082
552.25	-1.7413704391837426
552.3000000000001	-1.818183459836014
552.35	-1.8971334979773125
552.4	-1.9787570821066733
552.45	-2.0633563170487643
552.5	-2.1507384278230757
552.55	-2.240765757376185
552.6	-2.333522162456806
552.65	-2.42857617608772
552.6999999999999	-2.5254667927920154
552.75	-2.623976498771891
552.8	-2.7238272936869343
552.8499999999999	-2.8247520188386988
552.9	-2.92695229286398
552.95	-3.0309887595032405
553.0	-3.1370659277872637
553.0500000000001	-3.2452430452665206
553.1	-3.3548651861195133
553.15	-3.46548542428659
553.2	-3.57724494861543
553.25	-3.690165446828116
553.3000000000001	-3.8043507760474924
553.35	-3.919278933478753
553.4	-4.032725020369359
553.45	-4.142624702162255
553.5	-4.248335971397237
553.55	-4.3506180571449935
553.6	-4.450887808630136
553.65	-4.5498100472379335
553.6999999999999	-4.647368449048118
553.75	-4.743139903639086
553.8	-4.836969498966795
553.8499999999999	-4.928972523298151
553.9	-5.01915219256305
553.95	-5.107115062989591
554.0	-5.192448328800182
554.0500000000001	-5.274971587921409
554.1	-5.354389422136554
554.15	-5.429819197122022
554.2	-5.500356301010136
554.25	-5.565734334448325
554.3000000000001	-5.625787097828241
554.35	-5.680368670947433
554.4	-5.72922666787558
554.45	-5.77245484027814
554.5	-5.810459817100446
554.55	-5.843425209461421
554.6	-5.871644551470064
554.65	-5.895371945987447
554.6999999999999	-5.915154820962776
554.75	-5.9317483261889565
554.8	-5.944954164244608
554.8499999999999	-5.95613828272541
554.9	-5.964245882410823
554.95	-5.971253524681927
555.0	-5.976428599919597
555.0500000000001	-5.9811329952331045
555.1	-5.984859359290903
555.15	-5.988150710819427
555.2	-5.990912038804842
555.25	-5.993375030756055
555.3000000000001	-5.995696359890339
555.35	-5.997975397130045
555.4	-6.000375730333381
555.45	-6.00292713737422
555.5	-6.005783939255484
555.55	-6.00879798698249
555.6	-6.012245685344572
555.65	-6.015731021061565
555.6999999999999	-6.019665012580525
555.75	-6.023317328037436
555.8	-6.027468990565941
555.8499999999999	-6.031064939938321
555.9	-6.035281227823253
555.95	-6.038832869752564
556.0	-6.043083028293203
556.0500000000001	-6.046364144440291
556.1	-6.050321043319858
556.15	-6.053276388471568
556.2	-6.057273726583203
556.25	-6.060507762832067
556.3000000000001	-6.064939610719476
556.35	-6.068828227279994
556.4	-6.074191780780062
556.45	-6.079430836177326
556.5	-6.086504133821967
556.55	-6.093930866701047
556.6	-6.103643155733003
556.65	-6.1145332140089375
556.6999999999999	-6.127740383712735
556.75	-6.142882399225899
556.8	-6.1601728785409025
556.8499999999999	-6.1797482036439435
556.9	-6.201849028254689
556.9499999999999	-6.2267007588331245
557.0	-6.254270184043822
557.0500000000001	-6.284437274672639
557.1	-6.3171708223701835
557.1500000000001	-6.3525007734074705
557.2	-6.390331387062567
557.25	-6.430443117604838
557.3000000000001	-6.472542728301281
557.35	-6.516625927938378
557.4	-6.562766550926061
557.45	-6.6108332424488925
557.5	-6.66065067415029
557.55	-6.71215786091455
557.6	-6.765320876307555
557.65	-6.819960752516924
557.6999999999999	-6.875776369867744
557.75	-6.932837598887371
557.8	-6.991241415716729
557.8499999999999	-7.0508813799153
557.9	-7.11184731153429
557.9499999999999	-7.174461753378922
558.0	-7.238812037737105
558.0500000000001	-7.304322492630974
558.1	-7.370424325124161
558.1500000000001	-7.437063177542929
558.2	-7.504387495563181
558.25	-7.572333112509515
558.3000000000001	-7.640817418604959
558.35	-7.709656354237286
558.4	-7.778792049565793
558.45	-7.848244574719075
558.5	-7.918115493366736
558.55	-7.988367627736562
558.6	-8.058928508300655
558.65	-8.129995854081777
558.6999999999999	-8.201701300538572
558.75	-8.274013425366139
558.8	-8.346964214797653
558.8499999999999	-8.420681543768126
558.9	-8.495310643729752
558.9499999999999	-8.571232623071861
559.0	-8.648484380758497
559.0500000000001	-8.726902392672248
559.1	-8.805824865886494
559.1500000000001	-8.88443583087406
559.2	-8.96286660596588
559.25	-9.041479106303164
559.3000000000001	-9.119811663037757
559.35	-9.197437835778686
559.4	-9.274681415952216
559.45	-9.352643828676808
559.5	-9.432175164262565
559.55	-9.513695620361924
559.6	-9.597423529228656
559.65	-9.683052227606447
559.6999999999999	-9.769627847955244
559.75	-9.85561162639755
559.8	-9.939886120915151
559.8499999999999	-10.022403558940255
559.9	-10.103337560160192
559.9499999999999	-10.182690188209554
560.0	-10.260571291903572
560.0500000000001	-10.336991610009555
560.1	-10.41188919280642
560.1500000000001	-10.484934776843287
560.2	-10.55574324707219
560.25	-10.624193886422715
560.3000000000001	-10.69008352553291
560.35	-10.753299064241364
560.4	-10.814004631753548
560.45	-10.872260765507495
560.5	-10.92821593189256
560.55	-10.982056908453018
560.6	-11.033973089039307
560.65	-11.084232218438071
560.6999999999999	-11.132932244573862
560.75	-11.180216478328358
560.8	-11.2261687522535
560.8499999999999	-11.270891983158842
560.9	-11.314786400847058
560.9499999999999	-11.358186131870132
561.0	-11.40131782439121
561.0500000000001	-11.4444272463655
561.1	-11.487757036103886
561.1500000000001	-11.531737102046304
561.2	-11.576697205624367
561.25	-11.622763549593214
561.3000000000001	-11.670007448013152
561.35	-11.718586365395558
561.4	-11.768674013659782
561.45	-11.820309844171144
561.5	-11.873532776891821
561.55	-11.928561919182105
561.6	-11.985583048171012
561.65	-12.044641706581688
561.6999999999999	-12.105740410362422
561.75	-12.168998281864434
561.8	-12.234583476879177
561.8499999999999	-12.301889075679187
561.9	-12.370201196715023
561.9499999999999	-12.439626464357843
562.0	-12.51022645851955
562.0500000000001	-12.581537814704197
562.1	-12.65309243365043
562.1500000000001	-12.724623046370848
562.2	-12.79609950452047
562.25	-12.86733606622446
562.3000000000001	-12.938195030930594
562.35	-13.009177941692053
562.4	-13.080732778701783
562.45	-13.152696021031034
562.5	-13.22472676833487
562.55	-13.296632192060112
562.6	-13.368367850347838
562.65	-13.439759122062918
562.6999999999999	-13.510772611038831
562.75	-13.581883390234538
562.8	-13.653404616279044
562.8499999999999	-13.725330877890535
562.9	-13.79738475893931
562.9499999999999	-13.869277135313244
563.0	-13.941090690630912
563.0500000000001	-14.012727006654945
563.1	-14.084137534932982
563.1500000000001	-14.155446059983838
563.2	-14.22711525867701
563.25	-14.299764705027595
563.3000000000001	-14.373594099576756
563.35	-14.448479778261074
563.4	-14.524394140632591
563.45	-14.601261489345063
563.5	-14.6790320991262
563.55	-14.757141036018208
563.6	-14.834912917987108
563.65	-14.9128587270407
563.6999999999999	-14.991729661559656
563.75	-15.071487123435228
563.8	-15.151447931245047
563.8499999999999	-15.23100932518173
563.9	-15.310385438987229
563.9499999999999	-15.39023346646957
564.0	-15.471047084066832
564.0500000000001	-15.55341005466196
564.1	-15.637386262535648
564.1500000000001	-15.722355122223927
564.2	-15.807209754169042
564.25	-15.891038590918441
564.3000000000001	-15.973590194643442
564.35	-16.0550678816913
564.4	-16.135719515615104
564.45	-16.215800504057242
564.5	-16.295514022363566
564.55	-16.37495102200715
564.6	-16.453770124013857
564.65	-16.531605181406107
564.6999999999999	-16.60852154231975
564.75	-16.684564000366347
564.8	-16.759749835416265
564.8499999999999	-16.8338598644511
564.9	-16.906571266100844
564.9499999999999	-16.977799381505243
565.0	-17.04771347001236
565.0500000000001	-17.116295639517087
565.1	-17.183183136826663
565.1500000000001	-17.24814422694981
565.2	-17.311483252498235
565.25	-17.37346080350406
565.3000000000001	-17.433827492391174
565.35	-17.492373769642484
565.4	-17.549185483943262
565.45	-17.6045889144833
565.5	-17.658918042990067
565.55	-17.712432832203376
565.6	-17.765485231053653
565.65	-17.81835563627562
565.6999999999999	-17.871060997825815
565.75	-17.92366338538881
565.8	-17.976402086140524
565.8499999999999	-18.02964786654064
565.9	-18.0835251615012
565.9499999999999	-18.13800222567595
566.0	-18.193318154752152
566.0500000000001	-18.2496762838421
566.1	-18.30713363756002
566.1500000000001	-18.36552253070955
566.2	-18.424688282073987
566.25	-18.48477472292162
566.3000000000001	-18.546029937431612
566.35	-18.608841442474418
566.4	-18.673474651419745
566.45	-18.73975754283685
566.5	-18.80728675883018
566.55	-18.875460674895322
566.6	-18.94368042816486
566.65	-19.011686901889586
566.6999999999999	-19.079618235088134
566.75	-19.14794181857891
566.8	-19.216620261767577
566.8499999999999	-19.285304661482932
566.9	-19.354178814514867
566.9499999999999	-19.4240736724189
567.0	-19.495928263708883
567.0500000000001	-19.570030148735906
567.1	-19.64603108579636
567.1500000000001	-19.723524315050128
567.2	-19.802025447702764
567.25	-19.881037778021753
567.3000000000001	-19.960660212747136
567.35	-20.041267431512743
567.4	-20.123284322750948
567.45	-20.20689813363023
567.5	-20.292292730783814
567.55	-20.379371777797807
567.6	-20.467176321657135
567.65	-20.555058456681746
567.6999999999999	-20.64287370220861
567.75	-20.730829636576114
567.8	-20.81975125220189
567.8499999999999	-20.910573364776035
567.9	-21.004371758953504
567.9499999999999	-21.101977413248626
568.0	-21.203119798915537
568.0500000000001	-21.306954307609416
568.1	-21.412698287439284
568.1500000000001	-21.52035854936835
568.2	-21.63046397425928
568.25	-21.7428779425721
568.3000000000001	-21.85676169495786
568.35	-21.97135030494932
568.4	-22.086419376965637
568.45	-22.202016520938827
568.5	-22.317165833362544
568.55	-22.430276292938693
568.6	-22.541006704727874
568.65	-22.64964955927931
568.6999999999999	-22.75652425358649
568.75	-22.861345654968847
568.8	-22.963592466113823
568.85	-23.06289744635687
568.9	-23.15891976074883
568.9499999999999	-23.25192798376141
569.0	-23.342227063827497
569.05	-23.430012797992326
569.1	-23.51567647546582
569.1500000000001	-23.59975226744171
569.2	-23.68258866640882
569.25	-23.764270711120872
569.3000000000001	-23.844514791726965
569.35	-23.923297415683322
569.4	-24.000908206260526
569.45	-24.07772221240654
569.5	-24.154236620050344
569.55	-24.230751403137155
569.6	-24.30734578006433
569.65	-24.3838770850912
569.6999999999999	-24.45999596588656
569.75	-24.53551819598325
569.8	-24.610708898365523
569.85	-24.685777585046846
569.9	-24.760786804818025
569.9499999999999	-24.835710087680184
570.0	-24.91049703312796
570.05	-24.984911320625635
570.1	-25.058715932413786
570.1500000000001	-25.131798709780927
570.2	-25.204202804187926
570.25	-25.27594432050963
570.3000000000001	-25.346709060196584
570.35	-25.416455685864232
570.4	-25.485634913405462
570.45	-25.554885895545972
570.5	-25.624766206205408
570.55	-25.695420685011058
570.6	-25.766565367930063
570.65	-25.837833243583994
570.6999999999999	-25.908803925628057
570.75	-25.979657553311526
570.8	-26.050923494342673
570.85	-26.122638946654945
570.9	-26.194497983772415
570.9499999999999	-26.266458139811007
571.0	-26.33882196581417
571.05	-26.411772613365766
571.1	-26.485370124654345
571.1500000000001	-26.55973982544743
571.2	-26.634965104005285
571.25	-26.710971930611695
571.3000000000001	-26.787807640697345
571.35	-26.86498717070563
571.4	-26.94150662783138
571.45	-27.016668507148154
571.5	-27.09048260520698
571.55	-27.16327189788657
571.6	-27.234808245102947
571.65	-27.305046940773003
571.6999999999999	-27.375045632636358
571.75	-27.445762627604935
571.8	-27.51740789333169
571.85	-27.5899829273951
571.9	-27.663241489904195
571.9499999999999	-27.736782861604894
572.0	-27.810225300897617
572.05	-27.883607955866346
572.1	-27.957317644511537
572.1500000000001	-28.031625615165375
572.2	-28.106507902068042
572.25	-28.181830336148973
572.3000000000001	-28.257565318508632
572.35	-28.3339070101824
572.4	-28.410975953004247
572.45	-28.48891551558902
572.5	-28.56817288007491
572.55	-28.64897376387686
572.6	-28.731398998856474
572.65	-28.815336407343313
572.6999999999999	-28.9008860614832
572.75	-28.988719034384847
572.8	-29.079118658459404
572.85	-29.171917086070373
572.9	-29.267040593347172
572.9499999999999	-29.36444785062023
573.0	-29.4645735565705
573.05	-29.567376670004414
573.1	-29.672252816309424
573.1500000000001	-29.77921933164926
573.2	-29.888166963343174
573.25	-29.998541337435135
573.3000000000001	-30.108797576315453
573.35	-30.217379833057905
573.4	-30.324062852509655
573.45	-30.428719542650967
573.5	-30.531204783057163
573.55	-30.632026324417765
573.6	-30.73150737929609
573.65	-30.829699051233554
573.6999999999999	-30.926586957537857
573.75	-31.022321960458136
573.8	-31.117234716129683
573.85	-31.21140553342113
573.9	-31.304541207635033
573.9499999999999	-31.39632334745974
574.0	-31.4867026556333
574.05	-31.575853636559266
574.1	-31.66391951526391
574.1500000000001	-31.751011316731933
574.2	-31.8374312612113
574.25	-31.923592448973114
574.3000000000001	-32.00967248042434
574.35	-32.094860577429955
574.4	-32.178605990838996
574.45	-32.2612013515705
574.5	-32.342694086827116
574.55	-32.422456951301555
574.6	-32.50009676068418
574.65	-32.57592988614249
574.7	-32.65104369857616
574.75	-32.72637045209926
574.8	-32.802119916122955
574.85	-32.87827746100804
574.9	-32.95471115172613
574.9499999999999	-33.031589040661935
575.0	-33.10923543133217
575.05	-33.18819975666223
575.0999999999999	-33.26892182570729
575.1500000000001	-33.35124449132297
575.2	-33.434878141255155
575.25	-33.51963483779231
575.3000000000001	-33.6052370619228
575.35	-33.69164010762346
575.4	-33.77883595035628
575.45	-33.866628707755645
575.5	-33.954973778649915
575.55	-34.043636720404905
575.6	-34.13245630202739
575.65	-34.22110370054908
575.7	-34.3091115106411
575.75	-34.396567496302765
575.8	-34.48374089458313
575.85	-34.570169680648426
575.9	-34.655066261053186
575.9499999999999	-34.73831304915545
576.0	-34.820797503389365
576.05	-34.90330527228582
576.0999999999999	-34.98616939321686
576.1500000000001	-35.07006670980046
576.2	-35.15612987462562
576.25	-35.24496779550789
576.3000000000001	-35.33602336466548
576.35	-35.428260405795854
576.4	-35.52103858691437
576.45	-35.61405736446736
576.5	-35.70694477189897
576.55	-35.79945905774799
576.6	-35.89133455999015
576.65	-35.98273442639139
576.7	-36.073849466877704
576.75	-36.16464923336467
576.8	-36.25542557364146
576.85	-36.34629695660733
576.9	-36.436843775866656
576.9499999999999	-36.52650953842289
577.0	-36.61562041243211
577.05	-36.70532511761682
577.0999999999999	-36.79598354681261
577.1500000000001	-36.8871324513716
577.2	-36.97873564467912
577.25	-37.070658190281094
577.3000000000001	-37.16304912452878
577.35	-37.256568486910965
577.4	-37.35191216130441
577.45	-37.4490847630036
577.5	-37.54742178084544
577.55	-37.64666220696554
577.6	-37.7468263608086
577.65	-37.84767842102124
577.7	-37.94959315449901
577.75	-38.052872385795126
577.8	-38.157348865290004
577.85	-38.26292678447352
577.9	-38.36907971628788
577.9499999999999	-38.475225334209355
578.0	-38.58064267361416
578.05	-38.68498235209154
578.0999999999999	-38.788816146131516
578.1500000000001	-38.892964219166736
578.2	-38.99772496629984
578.25	-39.10272787273077
578.3000000000001	-39.20750679296638
578.35	-39.31219215144891
578.4	-39.41660110310576
578.45	-39.520476913798376
578.5	-39.623769707927906
578.55	-39.726580219748456
578.6	-39.82880366071915
578.65	-39.92983373907122
578.7	-40.02922257662677
578.75	-40.12696373381969
578.8	-40.223054270472026
578.85	-40.317239283484255
578.9	-40.409457753049566
578.9499999999999	-40.499587585680686
579.0	-40.58769066640213
579.05	-40.67408105161835
579.0999999999999	-40.75898087972827
579.1500000000001	-40.84243438244502
579.2	-40.92495406935929
579.25	-41.00751221488621
579.3000000000001	-41.090324841140955
579.35	-41.17293153416138
579.4	-41.25506021087385
579.45	-41.33675532370721
579.5	-41.41812979297667
579.55	-41.49949504051425
579.6	-41.58067531211228
579.65	-41.66123859068142
579.7	-41.7410387767046
579.75	-41.82008148299416
579.8	-41.89830279323462
579.85	-41.97561947634553
579.9	-42.05225119446578
579.9499999999999	-42.12853848024205
580.0	-42.20470048230791
580.05	-42.28135177872498
580.0999999999999	-42.35898329057797
580.1500000000001	-42.43747711151308
580.2	-42.516831680522735
580.25	-42.59708636479285
580.3000000000001	-42.67804889420064
580.35	-42.75945787987876
580.4	-42.84110691578722
580.45	-42.92302327763421
580.5	-43.005161169552025
580.55	-43.08716117761073
580.6	-43.16874085982897
580.65	-43.24965786291877
580.7	-43.32996896027237
580.75	-43.40970261596987
580.8	-43.48890810366491
580.85	-43.56773206719248
580.9	-43.64598224322526
580.9499999999999	-43.723419894855034
581.0	-43.800115893522744
581.05	-43.87658316279277
581.0999999999999	-43.9531526195714
581.1500000000001	-44.029705311737025
581.2	-44.10627292966141
581.25	-44.183077676455895
581.3000000000001	-44.26025968445417
581.35	-44.338081314333856
581.4	-44.416739803047946
581.45	-44.496408801703005
581.5	-44.577485563987935
581.55	-44.66024530861361
581.6	-44.7445291385316
581.65	-44.8298914698062
581.7	-44.91631411716587
581.75	-45.004317926834446
581.8	-45.09392887471169
581.85	-45.184482004813
581.9	-45.2753869102193
581.9499999999999	-45.36632747532484
582.0	-45.45728159636324
582.05	-45.54842865030184
582.0999999999999	-45.64008911546952
582.15	-45.73269937463106
582.2	-45.82646135774169
582.25	-45.92136833977588
582.3000000000001	-46.01691404945884
582.35	-46.11220407066743
582.4	-46.20631957030206
582.45	-46.2984098609452
582.5	-46.38797827049097
582.5500000000001	-46.475232250332766
582.6	-46.56026641378602
582.65	-46.64300265165249
582.7	-46.72350690070621
582.75	-46.80199400466357
582.8	-46.878819917045206
582.85	-46.95444544732237
582.9	-47.02913346085657
582.9499999999999	-47.102601261699
583.0	-47.174957316081134
583.05	-47.247225935234255
583.0999999999999	-47.320051487566715
583.15	-47.393233813175854
583.2	-47.46645683356887
583.25	-47.53940764041448
583.3000000000001	-47.611948004092696
583.35	-47.683961277460725
583.4	-47.755353099964516
583.45	-47.82642599197169
583.5	-47.89763861944889
583.5500000000001	-47.9691389729994
583.6	-48.04052735151315
583.65	-48.11130073242633
583.7	-48.18160212851359
583.75	-48.251839083114845
583.8	-48.32219119980638
583.85	-48.392951908911115
583.9	-48.464122725132455
583.9499999999999	-48.535398261867726
584.0	-48.60651344387767
584.05	-48.67752117983384
584.0999999999999	-48.74872790218883
584.15	-48.82003364798024
584.2	-48.890816295845624
584.25	-48.96062654481889
584.3000000000001	-49.02947302549849
584.35	-49.0976873538712
584.4	-49.16526430979212
584.45	-49.23197830682011
584.5	-49.29785966988531
584.5500000000001	-49.36306353167098
584.6	-49.42773061628989
584.65	-49.49175636485412
584.7	-49.554938228683824
584.75	-49.61748975054621
584.8	-49.679895684992815
584.85	-49.742418185004226
584.9	-49.80536063736268
584.9499999999999	-49.868987251754405
585.0	-49.933785030083115
585.05	-50.000139931299614
585.0999999999999	-50.06791326485737
585.15	-50.13680420948085
585.2	-50.20674683416596
585.25	-50.277696049955296
585.3000000000001	-50.349525969828065
585.35	-50.422348831528645
585.4	-50.49650971262224
585.45	-50.57220137530118
585.5	-50.64958072623601
585.5500000000001	-50.72877823382385
585.6	-50.80937777322559
585.65	-50.89057568250101
585.7	-50.971807503497885
585.75	-51.05338905041309
585.8	-51.135718424191566
585.85	-51.21846597970723
585.9	-51.301336565125496
585.9499999999999	-51.384693434641015
586.0	-51.46901784223095
586.05	-51.55455153842001
586.0999999999999	-51.64113025576441
586.15	-51.72856466222756
586.2	-51.81698689550349
586.25	-51.90614522413541
586.3000000000001	-51.9955452861154
586.35	-52.0846316295603
586.4	-52.17264804787857
586.45	-52.259036185879005
586.5	-52.34394919038972
586.5500000000001	-52.42786652907221
586.6	-52.51128296861244
586.65	-52.59451448420194
586.7	-52.67755270962557
586.75	-52.76034276770852
586.8	-52.84316521101822
586.85	-52.926375905797066
586.9	-53.00957169622494
586.9499999999999	-53.09234055722513
587.0	-53.17507174246648
587.05	-53.25839670536841
587.0999999999999	-53.34316977121351
587.15	-53.43017389440706
587.2	-53.51956787441213
587.25	-53.61110810492128
587.3000000000001	-53.70444819157262
587.35	-53.79899442526947
587.4	-53.893149082514796
587.45	-53.98537950005548
587.5	-54.07525380171015
587.5500000000001	-54.16255861825496
587.6	-54.24675421482082
587.65	-54.32761918191251
587.7	-54.40536124432393
587.75	-54.4802761646087
587.8	-54.552335189599575
587.85	-54.62115331539676
587.9	-54.686131757167175
587.9499999999999	-54.746683737579275
588.0	-54.80274657298486
588.05	-54.8547057911681
588.0999999999999	-54.90295658128183
588.15	-54.947685651533675
588.1999999999999	-54.98914076602665
588.25	-55.02776715665996
588.3000000000001	-55.064240267742974
588.35	-55.09921076867714
588.4000000000001	-55.13305824577175
588.45	-55.165922556924485
588.5	-55.19796238297869
588.5500000000001	-55.22958779421192
588.6	-55.2611730454035
588.65	-55.29295721456742
588.7	-55.32503239543131
588.75	-55.357433859659295
588.8	-55.39029114543934
588.85	-55.42371195939225
588.9	-55.457754434994875
588.9499999999999	-55.49263416076038
589.0	-55.52863861471921
589.05	-55.565874967255
589.0999999999999	-55.60409452117172
589.15	-55.64309060826697
589.1999999999999	-55.68292753227753
589.25	-55.723664701933764
589.3000000000001	-55.76518685689638
589.35	-55.80713351628853
589.4000000000001	-55.8491388073363
589.45	-55.89121734812704
589.5	-55.93360966112316
589.5500000000001	-55.97658918477498
589.6	-56.02039277334313
589.65	-56.0649449817912
589.7	-56.109958044959036
589.75	-56.155077194048516
589.8	-56.20024712017937
589.85	-56.24568634420807
589.9	-56.291567123833005
589.9499999999999	-56.337783650849445
590.0	-56.384111135835916
590.05	-56.43036594341751
590.0999999999999	-56.476678480192206
590.15	-56.52319546666965
590.1999999999999	-56.56978353132586
590.25	-56.61643412331776
590.3000000000001	-56.66330424937506
590.35	-56.710644386243985
590.4000000000001	-56.758448017179276
590.45	-56.806482903115075
590.5	-56.8546540718962
590.5500000000001	-56.90281499864773
590.6	-56.95090472422601
590.65	-56.9991929419257
590.7	-57.04789468607185
590.75	-57.09728522978363
590.8	-57.14749710616121
590.85	-57.19846775971702
590.9	-57.25036141489337
590.9499999999999	-57.30351986710786
591.0	-57.35821511145642
591.05	-57.41435416719635
591.0999999999999	-57.47170402777937
591.15	-57.530262491612525
591.1999999999999	-57.59014380291091
591.25	-57.65168928009132
591.3000000000001	-57.71531753133752
591.35	-57.780882130780505
591.4000000000001	-57.847638957988885
591.45	-57.91453089210774
591.5	-57.98097550909121
591.5500000000001	-58.046889066574636
591.6	-58.11207837702195
591.65	-58.17602951171975
591.7	-58.23807476621117
591.75	-58.29802951882546
591.8	-58.35614273223361
591.85	-58.41258760174783
591.9	-58.467460194450325
591.9499999999999	-58.52083438512672
592.0	-58.57261123973606
592.05	-58.62272926994224
592.0999999999999	-58.671083400973636
592.15	-58.71773076728769
592.1999999999999	-58.76283419673248
592.25	-58.80644653753642
592.3000000000001	-58.8487414430514
592.35	-58.889859356287324
592.4000000000001	-58.92981971718561
592.45	-58.96873681100173
592.5	-59.00669278114262
592.5500000000001	-59.04374825348612
592.6	-59.080121180389504
592.65	-59.11600144069466
592.7	-59.151526320441334
592.75	-59.186778510085574
592.8	-59.22197029979644
592.85	-59.25743650592247
592.9	-59.29330020894558
592.9499999999999	-59.32958826113714
593.0	-59.36635956243343
593.05	-59.40358743210754
593.0999999999999	-59.44109534198235
593.15	-59.47866654646616
593.1999999999999	-59.516186913994375
593.25	-59.55355523454717
593.3000000000001	-59.59056220516237
593.35	-59.627157191102775
593.4000000000001	-59.66317840208133
593.45	-59.698265617957
593.5	-59.73235302454903
593.5500000000001	-59.76558416993306
593.6	-59.79797899509961
593.65	-59.82945882773164
593.7	-59.85997872790797
593.75	-59.889691996496765
593.8	-59.91887642026044
593.85	-59.94780602823924
593.9	-59.97667696906129
593.9499999999999	-60.005536157078225
594.0	-60.03449923861298
594.05	-60.06376562573813
594.0999999999999	-60.09354435576799
594.15	-60.12402319255648
594.1999999999999	-60.15522010882362
594.25	-60.18704314531042
594.3000000000001	-60.21941537224237
594.35	-60.25219314273595
594.4000000000001	-60.28541147053735
594.45	-60.3191894019928
594.5	-60.35366545581947
594.5500000000001	-60.38906791693244
594.6	-60.42548228756206
594.65	-60.462794328250695
594.7	-60.5006893619061
594.75	-60.538872214980316
594.8	-60.57743955582521
594.85	-60.61658861091234
594.9	-60.656201921323195
594.9499999999999	-60.696104492777856
595.0	-60.736264405810985
595.05	-60.77679444872514
595.0999999999999	-60.81772798349009
595.15	-60.8590999889925
595.1999999999999	-60.90100827326038
595.25	-60.94347276755404
595.3000000000001	-60.98645109340588
595.35	-61.02979748212395
595.4000000000001	-61.07342397100884
595.45	-61.11735554185849
595.5	-61.16180262572176
595.5500000000001	-61.207071196646204
595.6	-61.25325004188103
595.65	-61.300205761780674
595.7	-61.34797614522873
595.75	-61.39664590037739
595.8	-61.44616386107146
595.85	-61.49655751792778
595.9	-61.547708112410575
595.9499999999999	-61.599054963249486
596.0	-61.649934144132494
596.05	-61.699992843148365
596.0999999999999	-61.7491615602781
596.15	-61.79747151135332
596.1999999999999	-61.84473937686755
596.25	-61.890793630191084
596.3000000000001	-61.93591874548759
596.35	-61.980598578928536
596.4000000000001	-62.02498298412124
596.45	-62.06894419142674
596.5	-62.112315619507996
596.5500000000001	-62.15467443902646
596.6	-62.195615505969954
596.65	-62.23486959471703
596.7	-62.272113782434964
596.75	-62.307103141724
596.8	-62.33971486914703
596.85	-62.36991998135048
596.9	-62.397595715098774
596.9499999999999	-62.42230974095084
597.0	-62.44373770904011
597.05	-62.4618241069721
597.0999999999999	-62.47663070342999
597.15	-62.488326244824734
597.1999999999999	-62.49715219003059
597.25	-62.50338519938339
597.3000000000001	-62.50732033174812
597.35	-62.50921465225351
597.4000000000001	-62.509285153109175
597.45	-62.50769955866198
597.5	-62.50469436291339
597.5500000000001	-62.50058732015154
597.6	-62.4957349939881
597.65	-62.49051618773258
597.7	-62.48528442774786
597.75	-62.48037051224699
597.8	-62.4760817226803
597.85	-62.47267445604194
597.9	-62.47034842672602
597.9499999999999	-62.469250201928986
598.0	-62.46948660204255
598.05	-62.47117159068273
598.0999999999999	-62.47440989467352
598.15	-62.479293814260835
598.1999999999999	-62.485860423072495
598.25	-62.4940950410014
598.3000000000001	-62.50394663583806
598.35	-62.51530455269311
598.4000000000001	-62.528060849664016
598.45	-62.54214214560794
598.5	-62.55740913973081
598.5500000000001	-62.57370543328557
598.6	-62.590857191155685
598.65	-62.60867843202212
598.7	-62.62711062249758
598.75	-62.64613216318071
598.8	-62.66571831804873
598.85	-62.685878188576694
598.9	-62.706593945957664
598.9499999999999	-62.72788336346592
599.0	-62.74973328165221
599.05	-62.7721244188502
599.0999999999999	-62.79511939677914
599.15	-62.81876017203555
599.1999999999999	-62.84302115194855
599.25	-62.86786495606067
599.3000000000001	-62.89325313455568
599.35	-62.91926055964729
599.4000000000001	-62.945954302468394
599.45	-62.973271723081055
599.5	-63.00116587028826
599.5500000000001	-63.02968889321968
599.6	-63.05892380535731
599.65	-63.08885164795164
599.7	-63.11945531932649
599.75	-63.15087981636542
599.8	-63.1832488883757
599.85	-63.21646761860776
599.9	-63.250406546527394
599.9499999999999	-63.28487492364087
600.0	-63.31982355379279
600.05	-63.35546338885209
600.1	-63.39202250786231
600.15	-63.42962797755342
600.1999999999999	-63.46821080763907
600.25	-63.50752662799444
600.3	-63.54729614198551
600.35	-63.587303144957126
600.4000000000001	-63.6275335570649
600.45	-63.66771525744623
600.5	-63.70723363622358
600.5500000000001	-63.745657415322626
600.6	-63.78261605745053
600.65	-63.817823927641655
600.7	-63.85103103093874
600.75	-63.882007465145485
600.8	-63.91073433774524
600.85	-63.93729859396444
600.9	-63.96172098863035
600.9499999999999	-63.983956102328364
601.0	-64.00399670091272
601.05	-64.0219800620445
601.1	-64.03797325553103
601.15	-64.05203338639905
601.1999999999999	-64.06412130458915
601.25	-64.0743851136845
601.3	-64.08273607482074
601.35	-64.08956143601976
601.4000000000001	-64.09464536343876
601.45	-64.0985366567131
601.5	-64.10088252226338
601.5500000000001	-64.10233174097439
601.6	-64.1026096937974
601.65	-64.10226729299661
601.7	-64.10125886671572
601.75	-64.0998582999971
601.8	-64.09816806323833
601.85	-64.09632514057907
601.9	-64.09451903396014
601.9499999999999	-64.09277098233508
602.0	-64.09149296222402
602.05	-64.09043565967237
602.1	-64.09029429236114
602.15	-64.09052469201576
602.1999999999999	-64.09184043390809
602.25	-64.09355383719141
602.3	-64.096290587274
602.35	-64.09944956858045
602.4000000000001	-64.10350931970343
602.45	-64.10805937673982
602.5	-64.11342100157385
602.5500000000001	-64.11939655336792
602.6	-64.12619558704941
602.65	-64.13367481188251
602.7	-64.14190100441452
602.75	-64.15077254319156
602.8	-64.16044491205496
602.85	-64.1708441120307
602.9	-64.18211238899559
602.9499999999999	-64.19414942901537
603.0	-64.20709664182293
603.05	-64.22098270330841
603.1	-64.2359493667386
603.15	-64.25198678869985
603.1999999999999	-64.26909229791745
603.25	-64.28731475443288
603.3	-64.30671456593784
603.35	-64.32718737953263
603.4000000000001	-64.34853253205605
603.45	-64.37055947962125
603.5	-64.39310949452855
603.5500000000001	-64.41609238425801
603.6	-64.43940703077877
603.65	-64.46299187273067
603.7	-64.48674830852337
603.75	-64.51050710592722
603.8	-64.53406808487156
603.85	-64.55724022069441
603.9	-64.57989453798704
603.9499999999999	-64.60191777991085
604.0	-64.62327542163995
604.05	-64.64401497867375
604.1	-64.66416821843693
604.15	-64.68367972269388
604.1999999999999	-64.70246383617712
604.25	-64.72046745198112
604.3	-64.73783736508312
604.35	-64.7547421716285
604.4000000000001	-64.77129061077795
604.45	-64.78751096119814
604.5	-64.80351908329935
604.5500000000001	-64.81937113189247
604.6	-64.83512691154537
604.65	-64.85075901353086
604.7	-64.86635041472525
604.75	-64.8820016433344
604.8	-64.89781032039635
604.85	-64.9137405755619
604.9	-64.92971366716709
604.9499999999999	-64.94575877992905
605.0	-64.96194729240261
605.05	-64.97823279358967
605.1	-64.99447303321278
605.15	-65.01048508190009
605.1999999999999	-65.02611403344791
605.25	-65.0411856983644
605.3	-65.05553640923172
605.35	-65.06908925655074
605.4000000000001	-65.08183318129547
605.45	-65.09373904543845
605.5	-65.10478672558594
605.5500000000001	-65.11486736392403
605.6	-65.12396565148947
605.65	-65.13197707788483
605.7	-65.13896274128687
605.75	-65.14473369180342
605.8	-65.14956753871472
605.85	-65.15307752002936
605.9	-65.15584924562738
605.95	-65.15721902256924
606.0	-65.15794652787471
606.05	-65.15732878871893
606.1	-65.15616904099272
606.15	-65.15383362531763
606.1999999999999	-65.15108319095573
606.25	-65.14763226403016
606.3	-65.14390631499839
606.3499999999999	-65.13995600352047
606.4000000000001	-65.13601416477282
606.45	-65.13224280098342
606.5	-65.12885100179393
606.5500000000001	-65.12593097424251
606.6	-65.12368423036227
606.65	-65.12217642373678
606.7	-65.12161079271951
606.75	-65.12196127076449
606.8	-65.12345880479276
606.85	-65.12602049454657
606.9	-65.12985961329204
606.95	-65.134919364316
607.0	-65.14130466889728
607.05	-65.14900586154555
607.1	-65.15801266888732
607.15	-65.16823358258364
607.1999999999999	-65.17957779269625
607.25	-65.19196778131703
607.3	-65.20534146429212
607.3499999999999	-65.21956363022366
607.4000000000001	-65.23449005249364
607.45	-65.25005524917356
607.5	-65.26613652990113
607.5500000000001	-65.28250620464115
607.6	-65.29892518401644
607.65	-65.31522634893379
607.7	-65.33133783598726
607.75	-65.34721062670916
607.8	-65.36280607063347
607.85	-65.37814554494727
607.9	-65.39325244663945
607.95	-65.40811149425876
608.0	-65.42269059868678
608.05	-65.43701290703059
608.1	-65.45117173145367
608.15	-65.46523217774615
608.1999999999999	-65.47923707257047
608.25	-65.49316221599778
608.3	-65.50697243873151
608.3499999999999	-65.52076033536588
608.4000000000001	-65.53469962365689
608.45	-65.54889983365247
608.5	-65.56337621238146
608.5500000000001	-65.578147244728
608.6	-65.59329088683208
608.65	-65.6088854776269
608.7	-65.62499670649606
608.75	-65.64168439321462
608.8	-65.65900649308216
608.85	-65.67702248374634
608.9	-65.69579960824781
608.95	-65.7153770661111
609.0	-65.73568831017397
609.05	-65.75668444347568
609.1	-65.77845397406162
609.15	-65.80105865714566
609.1999999999999	-65.8244653805835
609.25	-65.84869271342569
609.3	-65.87386191557832
609.3499999999999	-65.90019184539425
609.4000000000001	-65.92784825165143
609.45	-65.95674509436068
609.5	-65.9864885636012
609.5500000000001	-66.01655261259768
609.6	-66.04635311532574
609.65	-66.07547823260929
609.7	-66.10367804917324
609.75	-66.13074864188849
609.8	-66.15651781509905
609.85	-66.18076409698652
609.9	-66.20329130262594
609.95	-66.2239765912
610.0	-66.24280237470677
610.05	-66.25986278845491
610.1	-66.27521465942155
610.15	-66.28883116883941
610.1999999999999	-66.3006893914209
610.25	-66.31075488328064
610.3	-66.31903309944676
610.3499999999999	-66.3255021755084
610.4000000000001	-66.33019333624304
610.45	-66.3331653681283
610.5	-66.3345380447428
610.5500000000001	-66.33435904431337
610.6	-66.33274491562086
610.65	-66.32974352993733
610.7	-66.32546253743749
610.75	-66.31996845153003
610.8	-66.31334791760551
610.85	-66.30571170537405
610.9	-66.29722430871092
610.95	-66.28810048924848
611.0	-66.27852774586825
611.05	-66.2686502963785
611.1	-66.25859766405189
611.15	-66.2484841010758
611.1999999999999	-66.23839981008692
611.25	-66.22839666579995
611.3	-66.21850702190304
611.3499999999999	-66.20881542406565
611.4000000000001	-66.19942446773933
611.45	-66.19040800829114
611.5	-66.18186800355984
611.5500000000001	-66.17388069266767
611.6	-66.16653846277109
611.65	-66.15988025622647
611.7	-66.15400467705089
611.75	-66.14891110491286
611.8	-66.14477580362295
611.85	-66.1413123909906
611.9	-66.13904586273948
611.95	-66.13732207017182
612.0	-66.13684520343915
612.05	-66.13679833177378
612.1	-66.13795696110353
612.15	-66.13957781517806
612.1999999999999	-66.14223602644502
612.25	-66.14523974104539
612.3	-66.14899073669648
612.3499999999999	-66.15301822652194
612.4000000000001	-66.15767846689701
612.45	-66.16267711805153
612.5	-66.16815775546806
612.5500000000001	-66.17395217923655
612.6	-66.18006631385666
612.65	-66.18642697312339
612.7	-66.19297202708145
612.75	-66.19967865642482
612.8	-66.20646293586586
612.85	-66.2132985275486
612.9	-66.22009942530693
612.95	-66.22687322831354
613.0	-66.23356297489823
613.05	-66.2401954294312
613.1	-66.24674557283409
613.15	-66.25319815649358
613.1999999999999	-66.25960178928281
613.25	-66.26585518843063
613.3	-66.27223855776046
613.3499999999999	-66.27837884326776
613.4	-66.28493024457873
613.45	-66.29118280615286
613.5	-66.29816689739322
613.5500000000001	-66.30501474278387
613.6	-66.31273345787226
613.65	-66.32047596493715
613.7	-66.32895564394818
613.75	-66.33764546936598
613.8000000000001	-66.3468579827583
613.85	-66.35631808998002
613.9	-66.36616085261224
613.95	-66.37625370246252
614.0	-66.38654284586568
614.05	-66.39685018908784
614.1	-66.40699410884596
614.15	-66.416760266441
614.1999999999999	-66.42598084057714
614.25	-66.43449926234268
614.3	-66.44221527549337
614.3499999999999	-66.44894470014907
614.4	-66.45466707939234
614.45	-66.45913945551517
614.5	-66.46243200245786
614.5500000000001	-66.46418398367454
