614.6	-66.46460803995681
614.65	-66.46312420295526
614.7	-66.46015011780517
614.75	-66.45520910789857
614.8000000000001	-66.44866625028799
614.85	-66.44014131123575
614.9	-66.42979714687263
614.95	-66.41753838665383
615.0	-66.40346322543976
615.05	-66.38767581552818
615.1	-66.37029729837263
615.15	-66.35145337331372
615.1999999999999	-66.33129183042345
615.25	-66.30999716695865
615.3	-66.28763749788394
615.3499999999999	-66.26435906958474
615.4	-66.24051626866074
615.45	-66.21654381004467
615.5	-66.19283925600453
615.5500000000001	-66.16966969624235
615.6	-66.14719548762551
615.65	-66.1255874503185
615.7	-66.10502219043899
615.75	-66.08565504394629
615.8000000000001	-66.06753293913559
615.85	-66.05056053816085
615.9	-66.03477311378947
615.95	-66.01993389680092
616.0	-66.0062035028718
616.05	-65.99315009377865
616.1	-65.98110180827513
616.15	-65.96951658975739
616.1999999999999	-65.95885433802262
616.25	-65.94845196315427
616.3	-65.93886577237105
616.3499999999999	-65.92939219350733
616.4	-65.9206942881882
616.45	-65.91201880507252
616.5	-65.9040576427478
616.5500000000001	-65.8960276902617
616.6	-65.88849974292026
616.65	-65.88092151401516
616.7	-65.873621091316
616.75	-65.86635437072071
616.8000000000001	-65.85926187146448
616.85	-65.85227390682658
616.9	-65.84546662502459
616.95	-65.83886776257593
617.0	-65.83249653913428
617.05	-65.82641618132351
617.1	-65.820599481247
617.15	-65.81514838928697
617.1999999999999	-65.80998007719927
617.25	-65.80521092051728
617.3	-65.80079027546167
617.3499999999999	-65.7968202948263
617.4	-65.79333354343716
617.45	-65.79026539297288
617.5	-65.78791632282503
617.5500000000001	-65.78579459930442
617.6	-65.78453404268032
617.65	-65.78329330426543
617.7	-65.78312337672301
617.75	-65.78293796152198
617.8000000000001	-65.78412196971158
617.85	-65.78509848941545
617.9	-65.7874542847045
617.95	-65.78947392265437
618.0	-65.79310574764509
618.05	-65.79662631127273
618.1	-65.80192744425781
618.15	-65.80735989908723
618.1999999999999	-65.81449292691092
618.25	-65.822022402529
618.3	-65.83085985636735
618.3499999999999	-65.84030457107481
618.4	-65.85075284922439
618.45	-65.86204338014497
618.5	-65.87412628589031
618.5500000000001	-65.88687522676395
618.6	-65.90007163746009
618.65	-65.91355608161174
618.7	-65.92715142577012
618.75	-65.94064329893087
618.8000000000001	-65.95385111834715
618.85	-65.96662012167327
618.9	-65.97879975298054
618.95	-65.99023209838758
619.0	-66.0008118154866
619.05	-66.010515378822
619.1	-66.01923766202799
619.15	-66.02690190266756
619.1999999999999	-66.03337452539525
619.25	-66.03873089742592
619.3	-66.04285744022434
619.3499999999999	-66.04593017899995
619.4	-66.04776475053572
619.4499999999999	-66.04864819192923
619.5	-66.04838635313024
619.5500000000001	-66.04728897263277
619.6	-66.04526580378305
619.6500000000001	-66.04251223181922
619.7	-66.03909287169287
619.75	-66.03517784709666
619.8000000000001	-66.03083586158934
619.85	-66.02618674054347
619.9	-66.02132685286458
619.95	-66.01640290210727
620.0	-66.01155177334532
620.05	-66.00680980966789
620.1	-66.00230463763258
620.15	-65.9978810497841
620.1999999999999	-65.99395025612668
620.25	-65.98994415027072
620.3	-65.98676739968343
620.3499999999999	-65.98345961128996
620.4	-65.981411585917
620.4499999999999	-65.97894770362085
620.5	-65.97779205040723
620.5500000000001	-65.97564183268524
620.6	-65.97456872286122
620.6500000000001	-65.97194059153315
620.7	-65.96994789089692
620.75	-65.96596842576746
620.8000000000001	-65.96259466450503
620.85	-65.95731101029241
620.9	-65.95241301310861
620.95	-65.94537379175883
621.0	-65.93841880087615
621.05	-65.92992676820236
621.1	-65.92146356885394
621.15	-65.91165828013527
621.1999999999999	-65.90135681925915
621.25	-65.89007339694828
621.3	-65.87799550868802
621.3499999999999	-65.86512580259793
621.4	-65.85157136996189
621.4499999999999	-65.83747036803443
621.5	-65.8229440912086
621.5500000000001	-65.8081135355351
621.6	-65.7931270412825
621.6500000000001	-65.77826473789293
621.7	-65.76375884030313
621.75	-65.7496606737939
621.8000000000001	-65.73594286258353
621.85	-65.72258396583833
621.9	-65.70967787474285
621.95	-65.69727176815107
622.0	-65.685448833237
622.05	-65.67418786629815
622.1	-65.66356902720867
622.15	-65.65354743087354
622.1999999999999	-65.64421592066036
622.25	-65.6354492968897
622.3	-65.62739311536266
622.3499999999999	-65.62000280287943
622.4	-65.61341760810913
622.4499999999999	-65.60756765566114
622.5	-65.6025996924732
622.5500000000001	-65.59844120454352
622.6	-65.59523856407226
622.6500000000001	-65.59288983458846
622.7	-65.59156503954854
622.75	-65.59111347689343
622.8000000000001	-65.59177747821923
622.85	-65.59330772867426
622.9	-65.5959570324699
622.95	-65.59949512981119
623.0	-65.60405645914878
623.05	-65.60951532479511
623.1	-65.6157952941891
623.15	-65.62275500752358
623.1999999999999	-65.63027152432923
623.25	-65.63815502851406
623.3	-65.64615609239489
623.3499999999999	-65.6540689882832
623.4	-65.66172300568928
623.4499999999999	-65.66892100138244
623.5	-65.6754514275327
623.5500000000001	-65.68109382067351
623.6	-65.68564928166191
623.6500000000001	-65.68895677007713
623.7	-65.69087992133458
623.75	-65.69129422187743
623.8000000000001	-65.69011488807921
623.85	-65.68722444272204
623.9	-65.6825277053489
623.95	-65.67592044732905
624.0	-65.66736942662808
624.05	-65.65683665284016
624.1	-65.64431400218632
624.15	-65.6298265721322
624.1999999999999	-65.61339839701382
624.25	-65.59508941655783
624.3	-65.5750111353488
624.3499999999999	-65.55328427936475
624.4	-65.5300534665753
624.4499999999999	-65.50548073077373
624.5	-65.47988419910112
624.5500000000001	-65.4536590707263
624.6	-65.42718510140838
624.6500000000001	-65.40082097066387
624.7	-65.3748806801067
624.75	-65.34963436618594
624.8000000000001	-65.32517964235235
624.85	-65.3014338664491
624.9	-65.27841899079581
624.95	-65.25629131899417
625.0	-65.2351635423336
625.05	-65.21513639352729
625.1	-65.19634148570698
625.15	-65.17890199786385
625.1999999999999	-65.1628530105473
625.25	-65.14809846189301
625.3	-65.13464193949746
625.3499999999999	-65.12241981987647
625.4	-65.1114490885151
625.4499999999999	-65.10160542358624
625.5	-65.09290818320223
625.5500000000001	-65.08530391410912
625.6	-65.07874143871186
625.6500000000001	-65.07325086538026
625.7	-65.0685218653824
625.75	-65.06488746528257
625.8000000000001	-65.06171272735236
625.85	-65.05962160048249
625.9	-65.05767001681588
625.95	-65.05698818820535
626.0	-65.05637737719144
626.05	-65.05726685890568
626.1	-65.05804590839128
626.15	-65.06009476328323
626.1999999999999	-65.06158486471975
626.25	-65.06442991298114
626.3	-65.06687659835109
626.3499999999999	-65.07086627804529
626.4	-65.07450290285558
626.4499999999999	-65.0794789791966
626.5	-65.0838511203253
626.5500000000001	-65.08937068882697
626.6	-65.09422132414328
626.6500000000001	-65.10017516424367
626.7	-65.10535395141528
626.75	-65.11166760464764
626.8000000000001	-65.11718961594732
626.85	-65.12377804985891
626.9	-65.1293171790997
626.95	-65.13578119357676
627.0	-65.14092394994515
627.05	-65.14714545833681
627.1	-65.15203993420087
627.15	-65.15795461180633
627.1999999999999	-65.16222804567055
627.25	-65.1674597949968
627.3	-65.1711735210751
627.3499999999999	-65.1759805715235
627.4	-65.17972048222693
627.4499999999999	-65.1847950964488
627.5	-65.18928465712067
627.5500000000001	-65.1946992448454
627.6	-65.19961442549678
627.6500000000001	-65.20499172542338
627.7	-65.21009737420746
627.75	-65.21531197942087
627.8000000000001	-65.22042268746264
627.85	-65.22547805479985
627.9	-65.23047177126598
627.95	-65.23525814604822
628.0	-65.24001495463833
628.05	-65.24439110704827
628.1	-65.24865013758804
628.15	-65.25221984075885
628.1999999999999	-65.25552577444218
628.25	-65.2577851530961
628.3	-65.25966085853335
628.3499999999999	-65.26023964208743
628.4	-65.26021283409789
628.4499999999999	-65.25863676922016
628.5	-65.25627705832323
628.5500000000001	-65.25224549263312
628.6	-65.24721182466979
628.6500000000001	-65.24058468011765
628.7	-65.2327730851459
628.75	-65.22351644518122
628.8000000000001	-65.21295117609185
628.85	-65.20096438794728
628.9	-65.18759308486658
628.95	-65.17295187213432
629.0	-65.15718914943447
629.05	-65.14052258871017
629.1	-65.12315291759157
629.15	-65.10528559732748
629.1999999999999	-65.08721432346641
629.25	-65.06919480049213
629.3	-65.05144870901796
629.3499999999999	-65.03418083895338
629.4	-65.01748412318517
629.4499999999999	-65.00138238174449
629.5	-64.985893182678
629.5500000000001	-64.97098887160757
629.6	-64.95678245867589
629.6500000000001	-64.94330417134218
629.7	-64.93062994532531
629.75	-64.91858212000261
629.8000000000001	-64.90728628311402
629.85	-64.89650948923718
629.9	-64.88651097858528
629.95	-64.87682381988567
630.0	-64.86785508830596
630.05	-64.85894040797602
630.1	-64.85061015091695
630.15	-64.84218377605488
630.1999999999999	-64.8341242005329
630.25	-64.82599069760934
630.3	-64.81812886243601
630.3499999999999	-64.81012084019697
630.4	-64.80224421255876
630.4499999999999	-64.79419005604264
630.5	-64.78619641719361
630.5500000000001	-64.77806068107635
630.6	-64.76990902724648
630.6500000000001	-64.7616032337361
630.7	-64.7532345374165
630.75	-64.744863276016
630.8000000000001	-64.73655192969304
630.85	-64.72836483621592
630.9	-64.72043113621757
630.95	-64.71286103673091
631.0	-64.70575344199682
631.05	-64.69928153372281
631.1	-64.69308848262062
631.15	-64.6882020570402
631.1999999999999	-64.68340581490357
631.25	-64.68050273821335
631.3	-64.67764669045626
631.35	-64.67704551008296
631.4	-64.67620729945567
631.4499999999999	-64.67756839447235
631.5	-64.67849285779718
631.55	-64.68175885566271
631.6	-64.68470938213889
631.6500000000001	-64.689650211231
631.7	-64.69419551509952
631.75	-64.70071220490739
631.8000000000001	-64.70725824328863
631.85	-64.7156245554302
631.9	-64.72433745294273
631.95	-64.73437053825324
632.0	-64.74520890009062
632.05	-64.75702095831328
632.1	-64.76971369061962
632.15	-64.78312146475237
632.1999999999999	-64.7971706722673
632.25	-64.81171926585873
632.3	-64.82660581019282
632.35	-64.84168975304276
632.4	-64.8568458364628
632.4499999999999	-64.87201504897882
632.5	-64.88711385381662
632.55	-64.90200493655863
632.6	-64.91657560961077
632.6500000000001	-64.93073138487179
632.7	-64.94434336388723
632.75	-64.95724448165535
632.8000000000001	-64.96920302251398
632.85	-64.98002735459727
632.9	-64.98955416075475
632.95	-64.99765357373761
633.0	-65.0041653313787
633.05	-65.00901631979713
633.1	-65.01205730618979
633.15	-65.01331102737231
633.1999999999999	-65.01250287739171
633.25	-65.00986264498547
633.3	-65.00496236269504
633.35	-64.99803052237957
633.4	-64.98879799140572
633.4499999999999	-64.97731418789985
633.5	-64.96355453085269
633.55	-64.94759154019368
633.6	-64.9296345487236
633.6500000000001	-64.9099580326353
633.7	-64.8888470594614
633.75	-64.8666272343617
633.8000000000001	-64.84355747899558
633.85	-64.8198116618635
633.9	-64.79565744076862
633.95	-64.77144889004379
634.0	-64.74753204868196
634.05	-64.72418770606373
634.1	-64.70155120433431
634.15	-64.67972891047454
634.1999999999999	-64.6588586310117
634.25	-64.6390897035721
634.3	-64.62052756137427
634.35	-64.6031873890287
634.4	-64.58707861507435
634.4499999999999	-64.57206060547682
634.5	-64.55819579136124
634.55	-64.54534410350762
634.6	-64.53378032378578
634.6500000000001	-64.52273366531786
634.7	-64.51306658905145
634.75	-64.50334737415335
634.8000000000001	-64.49519775431246
634.85	-64.48669107700354
634.9	-64.47995695081953
634.95	-64.47259173602029
635.0	-64.46742227866179
635.05	-64.46143388139687
635.1	-64.45742402380839
635.15	-64.45165805193287
635.1999999999999	-64.44730783675682
635.25	-64.4413742108099
635.3	-64.4371107886347
635.35	-64.43143101817444
635.4	-64.42705586967368
635.4499999999999	-64.42119322403545
635.5	-64.41641591541149
635.55	-64.41064358552715
635.6	-64.40607484804246
635.6500000000001	-64.40105736820102
635.7	-64.39713241040187
635.75	-64.39321799874489
635.8000000000001	-64.39060201670702
635.85	-64.38855730564369
635.9	-64.38801673689622
635.95	-64.38823467691196
636.0	-64.3900625495657
636.05	-64.39292593842637
636.1	-64.3976831581709
636.15	-64.40382408035086
636.1999999999999	-64.41185549293154
636.25	-64.42158653676698
636.3	-64.43315608031509
636.35	-64.44648720923476
636.4	-64.46142573148136
636.4499999999999	-64.4779074899291
636.5	-64.49589463829577
636.55	-64.51526302564879
636.6	-64.5357352801401
636.6500000000001	-64.5569694521835
636.7	-64.57841857416648
636.75	-64.59941223353663
636.8000000000001	-64.6193842707856
636.85	-64.63798177823293
636.9	-64.65501184122108
636.95	-64.6702744283678
637.0	-64.68351662962874
637.05	-64.69452721165308
637.1	-64.70311464450047
637.15	-64.70922898246678
637.2	-64.71265758306485
637.25	-64.71357544584566
637.3	-64.71163608939953
637.35	-64.70704706690411
637.4	-64.69948828893952
637.4499999999999	-64.6890080903855
637.5	-64.67546114658201
637.55	-64.65892193439684
637.5999999999999	-64.63940247359078
637.6500000000001	-64.61685491833043
637.7	-64.59131895110421
637.75	-64.56289029244228
637.8000000000001	-64.53161534905945
637.85	-64.49747551318985
637.9	-64.46065918645655
637.95	-64.4216125874121
638.0	-64.38062481002925
638.05	-64.33786386239565
638.1	-64.29353066828267
638.15	-64.247820394509
638.2	-64.20103589654076
638.25	-64.15358529269199
638.3	-64.10597395858291
638.35	-64.05848902399691
638.4	-64.01087062537547
638.4499999999999	-63.962849034409366
638.5	-63.91440913070029
638.55	-63.86575954911803
638.5999999999999	-63.81719329645496
638.6500000000001	-63.76910141284013
638.7	-63.7220380946426
638.75	-63.67629975921017
638.8000000000001	-63.63214657230789
638.85	-63.59007421299976
638.9	-63.55047166972078
638.95	-63.513549953867425
639.0	-63.47956262631641
639.05	-63.44878381259849
639.1	-63.42135750249217
639.15	-63.39731479438163
639.2	-63.376422577932914
639.25	-63.358459734830326
639.3	-63.343331554138125
639.35	-63.330165555628824
639.4	-63.31953682693714
639.4499999999999	-63.3102432557951
639.5	-63.303186420122856
639.55	-63.297157554996886
639.5999999999999	-63.293002705475445
639.6500000000001	-63.28947122046133
639.7	-63.287263044411446
639.75	-63.2853785115572
639.8000000000001	-63.2845035571786
639.85	-63.283705475377005
639.9	-63.28358195794321
639.95	-63.283308512160644
640.0	-63.28346264627292
640.05	-63.2833115827422
640.1	-63.28352042187069
640.15	-63.2834342212343
640.2	-63.283748773543124
640.25	-63.28381564851483
640.3	-63.284398738425025
640.35	-63.284852227431244
640.4	-63.28602980302777
640.4499999999999	-63.28726332103591
640.5	-63.28945007410194
640.55	-63.291908197102856
640.5999999999999	-63.29555926451647
640.6500000000001	-63.29970675562883
640.7	-63.30504700524584
640.75	-63.31100151616927
640.8000000000001	-63.31816755089562
640.85	-63.32620147477297
640.9	-63.33542935671832
640.95	-63.34568733001241
641.0	-63.35703917328538
641.05	-63.36943693579675
641.1	-63.38286137507947
641.15	-63.39720120273314
641.2	-63.41234098424876
641.25	-63.42810370741482
641.3	-63.444227418403614
641.35	-63.460434490016496
641.4	-63.476467927179556
641.4499999999999	-63.492222791012
641.5	-63.507594310925704
641.55	-63.522395232794146
641.5999999999999	-63.53648083579346
641.6500000000001	-63.54965070463834
641.7	-63.56163443726697
641.75	-63.57221938634399
641.8000000000001	-63.58119940156611
641.85	-63.58851654284973
641.9	-63.59397760699356
641.95	-63.59773305238107
642.0	-63.5993027324362
642.05	-63.599136819617065
642.1	-63.59653729932923
642.15	-63.5920851282291
642.2	-63.58527228094985
642.25	-63.576384126289284
642.3	-63.56527087623152
642.35	-63.55204991829986
642.4	-63.53674690591184
642.4499999999999	-63.519438099468836
642.5	-63.50023327990934
642.55	-63.47923641042034
642.5999999999999	-63.45665616760701
642.6500000000001	-63.432775980969765
642.7	-63.407870606774864
642.75	-63.38215588551015
642.8000000000001	-63.35578319084222
642.85	-63.32896856214517
642.9	-63.30197844894705
642.95	-63.27503985279779
643.0	-63.248358171539934
643.05	-63.22202243226201
643.1	-63.19605269649557
643.15	-63.17058304096888
643.2	-63.14577035821221
643.25	-63.121762329689666
643.3	-63.098789749191354
643.35	-63.0770540853474
643.4	-63.05663869088512
643.4499999999999	-63.037503829693776
643.5	-63.019592153389326
643.55	-63.00294513394754
643.5999999999999	-62.98756638236276
643.6500000000001	-62.973356204908775
643.7	-62.960325218218145
643.75	-62.948178324288904
643.8000000000001	-62.93702534862483
643.85	-62.926358134819324
643.9	-62.91650092680817
643.95	-62.90685522591731
644.0	-62.89778459461513
644.05	-62.888782395560284
644.1	-62.880082060309014
644.15	-62.87134921779852
644.2	-62.86270619365208
644.25	-62.85411432785812
644.3	-62.84557778425949
644.35	-62.83710571403378
644.4	-62.82875076788673
644.4499999999999	-62.820595343384895
644.5	-62.812680692198256
644.55	-62.805127975799785
644.5999999999999	-62.798004400101576
644.65	-62.79154924666096
644.7	-62.785401434344664
644.75	-62.780509739058594
644.8000000000001	-62.775915078737185
644.85	-62.77314801604422
644.9	-62.77064218255879
644.95	-62.770388268157504
645.0	-62.770721353694476
645.0500000000001	-62.77375322714022
645.1	-62.77745725383505
645.15	-62.78343192805788
645.2	-62.790108488523614
645.25	-62.79883118134839
645.3	-62.80876319602066
645.35	-62.820258800554754
645.4	-62.83312362413194
645.4499999999999	-62.84730146250256
645.5	-62.86273965998831
645.55	-62.87934985557612
645.5999999999999	-62.89692347409954
645.65	-62.91533760354636
645.7	-62.934552470197374
645.75	-62.95439900879768
645.8000000000001	-62.97448535877743
645.85	-62.994446903533756
645.9	-63.014062574472305
645.95	-63.033130685381295
646.0	-63.051485099231414
646.0500000000001	-63.06899481575409
646.1	-63.08548446355036
646.15	-63.10077612153614
646.2	-63.114690790223165
646.25	-63.12709332528755
646.3	-63.13786080113241
646.35	-63.14684419064912
646.4	-63.15390094231916
646.4499999999999	-63.158943586276926
646.5	-63.16188269121045
646.55	-63.162745682970716
646.5999999999999	-63.161450595173434
646.65	-63.15806692930523
646.7	-63.15246103876467
646.75	-63.14465577899631
646.8000000000001	-63.13463279317416
646.85	-63.12244352983375
646.9	-63.10813947196718
646.95	-63.09182942008562
647.0	-63.07365640290526
647.0500000000001	-63.05379711189886
647.1	-63.03240188719265
647.15	-63.00966225168338
647.2	-62.985921208590256
647.25	-62.96151583188809
647.3	-62.93673096539982
647.35	-62.91180881524523
647.4	-62.88687129335642
647.4499999999999	-62.862073563482525
647.5	-62.83757994467837
647.55	-62.813519291091396
647.5999999999999	-62.79006763352585
647.65	-62.76735612053906
647.7	-62.74547415074104
647.75	-62.72447827695189
647.8000000000001	-62.704333056331855
647.85	-62.68507857794535
647.9	-62.66675096387459
647.95	-62.649299334505585
648.0	-62.63266773130569
648.0500000000001	-62.616843811147604
648.1	-62.6017397992879
648.15	-62.58722639808322
648.2	-62.57317177800264
648.25	-62.55956096409325
648.3	-62.546400206002154
648.35	-62.53374241114565
648.4	-62.521517479160224
648.4499999999999	-62.50964081548676
648.5	-62.49802457259061
648.55	-62.486627521389586
648.5999999999999	-62.4753874138206
648.65	-62.46432350704228
648.7	-62.4534546722049
648.75	-62.442812022266494
648.8000000000001	-62.4324025678342
648.85	-62.42227447063701
648.9	-62.41248281824272
648.95	-62.40309832396634
649.0	-62.39417618711281
649.0500000000001	-62.38580650709096
649.1	-62.37807178440441
649.15	-62.37109182645937
649.2	-62.364875989143776
649.25	-62.359531865423
649.3	-62.35505822448082
649.35	-62.35163226407518
649.4	-62.34912841278073
649.4499999999999	-62.34781793347217
649.5	-62.34743532377152
649.55	-62.348409713732096
649.5999999999999	-62.350379616528635
649.65	-62.35368161605177
649.7	-62.35800695366164
649.75	-62.363515671336536
649.8000000000001	-62.370035474823446
649.85	-62.377528459285514
649.9	-62.38586824240752
649.95	-62.3949854282898
650.0	-62.404732691432166
650.0500000000001	-62.41494424063678
650.1	-62.42543901431073
650.15	-62.436021911908284
650.2	-62.44652574669022
650.25	-62.45680661112838
650.3	-62.46670769025935
650.35	-62.47606518687013
650.4	-62.48474342439711
650.4499999999999	-62.49249273523267
650.5	-62.49958537605748
650.55	-62.504852297226776
650.5999999999999	-62.509574806844626
650.65	-62.511997720771916
650.6999999999999	-62.51418914334394
650.75	-62.51414494276481
650.8000000000001	-62.51400242604936
650.85	-62.51140091717616
650.9000000000001	-62.50843066561581
650.95	-62.50302271654046
651.0	-62.49718074924617
651.0500000000001	-62.48916821875011
651.1	-62.4805693190756
651.15	-62.46978052739418
651.2	-62.457776775337834
651.25	-62.4439210812004
651.3	-62.4285228652487
651.35	-62.41149925016327
651.4	-62.392921259450674
651.4499999999999	-62.37282250565464
651.5	-62.351231412016446
651.55	-62.328217114864344
651.5999999999999	-62.30398410052402
651.65	-62.279019291199276
651.6999999999999	-62.25366607143215
651.75	-62.2280978104787
651.8000000000001	-62.20261458167255
651.85	-62.177622657763344
651.9000000000001	-62.15359012111772
651.95	-62.13080419605167
652.0	-62.10936420046585
652.0500000000001	-62.089443916720754
652.1	-62.07120471828664
652.15	-62.05469075434575
652.2	-62.03980182679288
652.25	-62.02649671624694
652.3	-62.01475348358659
652.35	-62.004676616397134
652.4	-61.99623864921067
652.4499999999999	-61.9895514871875
652.5	-61.9844580695012
652.55	-61.981082171172375
652.5999999999999	-61.979203359143995
652.65	-61.97902664984882
652.6999999999999	-61.98018745642525
652.75	-61.9828973870734
652.8000000000001	-61.98686759352255
652.85	-61.99214534262195
652.9000000000001	-61.99852552672378
652.95	-62.005936019192006
653.0	-62.01417978024721
653.0500000000001	-62.023137151033325
653.1	-62.032654274302004
653.15	-62.04261593266432
653.2	-62.05289412767869
653.25	-62.06332281119127
653.3	-62.07368519512552
653.35	-62.083767725873784
653.4	-62.093345023413605
653.4499999999999	-62.10223138321077
653.5	-62.11030123835044
653.55	-62.117492704247184
653.5999999999999	-62.12368368709174
653.65	-62.12892782827291
653.6999999999999	-62.1330386672426
653.75	-62.13624613207188
653.8000000000001	-62.13825461620563
653.85	-62.13938970778613
653.9000000000001	-62.13934660698287
653.95	-62.13843710857534
654.0	-62.13651787813026
654.0500000000001	-62.133783018755004
654.1	-62.130183616488154
654.15	-62.125849353610874
654.2	-62.120797742592316
654.25	-62.1151262137332
654.3	-62.1088092768689
654.35	-62.101891320621476
654.4	-62.094411632663615
654.4499999999999	-62.086457093453916
654.5	-62.07811768310455
654.55	-62.069450659108654
654.5999999999999	-62.06044427684359
654.65	-62.051097452837226
654.6999999999999	-62.0414247409409
654.75	-62.031463842899115
654.8000000000001	-62.021220093945644
654.85	-62.01064515755664
654.9000000000001	-61.99960027916979
654.95	-61.98801238655484
655.0	-61.975885302866
655.0500000000001	-61.963245627274645
655.1	-61.95008936906216
655.15	-61.93639522318014
655.2	-61.92214882898274
655.25	-61.90733313942752
655.3	-61.891965339907216
655.35	-61.87604214058303
655.4	-61.859488047608096
655.4499999999999	-61.842210890526886
655.5	-61.82411946464711
655.55	-61.80518015553828
655.5999999999999	-61.78539517157497
655.65	-61.76474790774094
655.6999999999999	-61.743202526393475
655.75	-61.720728967597566
655.8000000000001	-61.69731584620487
655.85	-61.67294850544701
655.9000000000001	-61.64762132818257
655.95	-61.621353717167054
656.0	-61.59405671928033
656.0500000000001	-61.56565886355972
656.1	-61.536349331655714
656.15	-61.50648219829242
656.2	-61.476340687439574
656.25	-61.44611915433242
656.3	-61.41603979955016
656.35	-61.38638674767259
656.4	-61.35739288909866
656.4499999999999	-61.32919418468174
656.5	-61.301914873301925
656.55	-61.27557495418333
656.5999999999999	-61.25015697036151
656.65	-61.2255664533685
656.6999999999999	-61.2017196436807
656.75	-61.178648780123794
656.8000000000001	-61.156398155485135
656.85	-61.13497179251028
656.9000000000001	-61.11428775842409
656.95	-61.0942159972211
657.0	-61.07475633372519
657.0500000000001	-61.05592462131881
657.1	-61.03771092057326
657.15	-61.01994258239235
657.2	-61.0024768644045
657.25	-60.985117084899485
657.3	-60.96776444732899
657.35	-60.95030576594681
657.4	-60.932784769403284
657.4499999999999	-60.91513696620238
657.5	-60.89726610572394
657.55	-60.87898074345037
657.5999999999999	-60.86020907518476
657.65	-60.84097947692926
657.6999999999999	-60.821349143708
657.75	-60.80130455105471
657.8000000000001	-60.780881580621056
657.85	-60.76015792922874
657.9000000000001	-60.73926735416414
657.95	-60.71830387284875
658.0	-60.69735467071204
658.0500000000001	-60.676658885066196
658.1	-60.656499103497836
658.15	-60.637042423684775
658.2	-60.61839557902422
658.25	-60.60065772802153
658.3	-60.584020609807006
658.35	-60.568686710304476
658.4	-60.55482779636762
658.4499999999999	-60.5426260993398
658.5	-60.53226234412054
658.55	-60.523878022620735
658.5999999999999	-60.51758248581865
658.65	-60.51348951218566
658.6999999999999	-60.5116730258807
658.75	-60.51211467895595
658.8000000000001	-60.51476102628244
658.85	-60.51960401515133
658.9000000000001	-60.52662516098308
658.95	-60.53577673759934
659.0	-60.54693054773928
659.0500000000001	-60.5599371674935
659.1	-60.574631068721885
659.15	-60.59070350555247
659.2	-60.60769856509067
659.25	-60.62508453280586
659.3	-60.642368653752115
659.35	-60.65900277689154
659.4	-60.67434780633393
659.4499999999999	-60.687873363911635
659.5	-60.69924300732539
659.55	-60.708272209052154
659.5999999999999	-60.71496173906454
659.65	-60.7193602030589
659.6999999999999	-60.7214807686683
659.75	-60.72128502528502
659.8000000000001	-60.718687717248436
659.85	-60.71364015556097
659.9000000000001	-60.706163972465745
659.95	-60.69630735941212
660.0	-60.68415594422055
660.0500000000001	-60.66986287455947
660.1	-60.6536552116858
660.15	-60.63577453877025
660.2	-60.61639186362994
660.25	-60.595660297120986
660.3	-60.573634418263964
660.35	-60.55037719135133
660.4	-60.52614797875239
660.4499999999999	-60.50128321643994
660.5	-60.47601808889278
660.55	-60.45045571925043
660.5999999999999	-60.42461938796822
660.65	-60.39867069330114
660.6999999999999	-60.372882196984456
660.75	-60.3475316489567
660.8000000000001	-60.32293105536199
660.85	-60.29932355185779
660.9000000000001	-60.27674955798092
660.95	-60.25511201921998
661.0	-60.23436581117324
661.0500000000001	-60.214499042348706
661.1	-60.19543374061111
661.15	-60.177111852151434
661.2	-60.159500763087706
661.25	-60.14252232327979
661.3	-60.12612625645997
661.35	-60.11028713278923
661.4	-60.09498596785774
661.4499999999999	-60.08028361053503
661.5	-60.066251557197305
661.55	-60.05295150991829
661.5999999999999	-60.0404109820287
661.65	-60.02870307479229
661.6999999999999	-60.01798139248763
661.75	-60.00834681846992
661.8000000000001	-59.99982653339673
661.85	-59.99241837902534
661.9000000000001	-59.98611688652548
661.95	-59.98088837485595
662.0	-59.97673670137259
662.0500000000001	-59.97358947245115
662.1	-59.97145032113751
662.15	-59.970173755264526
662.2	-59.969754341239536
662.25	-59.970030364109725
662.3	-59.97094273813039
662.35	-59.97236637036394
662.4	-59.974195895164314
662.4499999999999	-59.97629565739744
662.5	-59.978532266138004
662.55	-59.98076052103167
662.6	-59.98286220103553
662.65	-59.98472356776078
662.6999999999999	-59.98627399696491
662.75	-59.98745382276172
662.8	-59.98824233667571
662.85	-59.98861058580446
662.9000000000001	-59.98855847863979
662.95	-59.98809660450979
663.0	-59.987257636950446
663.0500000000001	-59.98609737252909
663.1	-59.98467556685685
663.15	-59.983087248544834
663.2	-59.981404475255054
663.25	-59.97973243355661
663.3	-59.97814678766272
663.35	-59.97675927136056
663.4	-59.97562259206096
663.4499999999999	-59.97483100687066
663.5	-59.97436381791245
663.55	-59.974331960814986
663.6	-59.974621930573704
663.65	-59.97533927393272
663.6999999999999	-59.97632913044639
663.75	-59.977584487123806
663.8	-59.978964073138584
663.85	-59.980365072331026
663.9000000000001	-59.981628922677764
663.95	-59.982585864804236
664.0	-59.983072854699316
664.0500000000001	-59.98295523923079
664.1	-59.982115816917954
664.15	-59.98043953074918
664.2	-59.97778853400483
664.25	-59.97402807677994
664.3	-59.969061147577065
664.35	-59.96283016942317
664.4	-59.95532195029339
664.4499999999999	-59.94657092122908
664.5	-59.936613468443184
664.55	-59.92547960805851
664.6	-59.913193186293704
664.65	-59.899804289064534
664.6999999999999	-59.88544571070835
664.75	-59.87028347753392
664.8	-59.854441063742755
664.85	-59.83803169039016
664.9000000000001	-59.821197192291606
664.95	-59.804124329003294
665.0	-59.78691081309772
665.0500000000001	-59.769560958682746
665.1	-59.752091788953635
665.15	-59.73456706596658
665.2	-59.71708003840979
665.25	-59.69963008886517
665.3	-59.68219481563566
665.35	-59.66487496461722
665.4	-59.64780982875725
665.4499999999999	-59.63104525085121
665.5	-59.61454232531297
665.55	-59.59826710614173
665.6	-59.58226311852664
665.65	-59.56653364066839
665.6999999999999	-59.55107412581687
665.75	-59.53588374510778
665.8	-59.520902208748325
665.85	-59.50610102713075
665.9000000000001	-59.491514587575054
665.95	-59.477154963564814
666.0	-59.46305086446896
666.0500000000001	-59.449261627321945
666.1	-59.4358243302338
666.15	-59.4226815653374
666.2	-59.40979654585122
666.25	-59.39708370731831
666.3	-59.38450269498852
666.35	-59.37193668862824
666.4	-59.35945467679426
666.4499999999999	-59.347005740118405
666.5	-59.33458062990293
666.55	-59.32206320325571
666.6	-59.30944517861662
666.65	-59.296684942047264
666.6999999999999	-59.28386374091578
666.75	-59.27101585881138
666.8	-59.258147573197895
666.85	-59.24520390099881
666.9000000000001	-59.232230395800855
666.95	-59.219331917282545
667.0	-59.20664238478963
667.0500000000001	-59.19431615422627
667.1	-59.182494215120236
667.15	-59.17127884049754
667.2	-59.16079119056667
667.25	-59.15111922272922
667.3	-59.14240287606658
667.35	-59.13470311673815
667.4	-59.12821171347696
667.4499999999999	-59.12288115379945
667.5	-59.11902990575817
667.55	-59.116371974234895
667.6	-59.11554415444806
667.65	-59.115964000769125
667.6999999999999	-59.118375189716105
667.75	-59.122117310821395
667.8	-59.127772010902405
667.85	-59.134885009017125
667.9000000000001	-59.143808307712064
667.95	-59.15432445094346
668.0	-59.166581981538
668.0500000000001	-59.18050210226913
668.1	-59.196067708122726
668.15	-59.21315258346321
668.2	-59.23162642374908
668.25	-59.25128684531906
668.3	-59.27190868383853
668.35	-59.29336856248051
668.4	-59.315518914323555
668.45	-59.338108239711985
668.5	-59.36080670437335
668.55	-59.383334053388886
668.6	-59.405532282725105
668.65	-59.427135942115584
668.6999999999999	-59.447769850015824
668.75	-59.467221715009345
668.8	-59.48540248243685
668.8499999999999	-59.50218506358476
668.9000000000001	-59.517383833542404
668.95	-59.53092178000196
669.0	-59.542782407739374
669.0500000000001	-59.553090786644994
669.1	-59.561687852994396
669.15	-59.5685902085164
669.2	-59.57362254987711
669.25	-59.57704116534342
669.3	-59.57853195414399
669.35	-59.57856128950024
669.4	-59.57670400571838
669.45	-59.573475970420894
669.5	-59.568633668910095
669.55	-59.56247342975331
669.6	-59.55504637614098
669.65	-59.54655476191536
669.6999999999999	-59.5371602090316
669.75	-59.527023659834704
669.8	-59.51637535218711
669.8499999999999	-59.505560685825934
669.9000000000001	-59.49493986919569
669.95	-59.48474933251747
670.0	-59.47507096747286
670.0500000000001	-59.465963599941574
670.1	-59.457532323526
670.15	-59.449679954380585
670.2	-59.442613864388285
670.25	-59.435897856984056
670.3	-59.43001217676937
670.35	-59.42424724893441
670.4	-59.419313338606976
670.45	-59.414244182466604
670.5	-59.409840199327434
670.55	-59.40479849216932
670.6	-59.39985780901773
670.65	-59.39384436231157
670.6999999999999	-59.38744448497009
670.75	-59.37990910116474
670.8	-59.37162386680598
670.8499999999999	-59.36207740606879
670.9000000000001	-59.35130653656885
670.95	-59.33917473780963
671.0	-59.32560529977953
671.0500000000001	-59.31060000068497
671.1	-59.29422889282587
671.15	-59.27657193312052
671.2	-59.257674627243276
671.25	-59.23760993319128
671.3	-59.21659380690504
671.35	-59.1948573747128
671.4	-59.17242273967017
671.45	-59.149313169442166
671.5	-59.12568500766644
671.55	-59.101795618516384
671.6	-59.0779713599901
671.65	-59.054471186467254
671.6999999999999	-59.03145191752134
671.75	-59.009000959955294
671.8	-58.98715588641302
671.8499999999999	-58.966052229164646
671.9000000000001	-58.94588107237304
671.95	-58.92682082129324
672.0	-58.90904921413865
672.0500000000001	-58.892700742729176
672.1	-58.87789957477024
672.15	-58.864739746559096
672.2	-58.8532731081901
672.25	-58.84357152215462
672.3	-58.835696738451446
672.35	-58.829667150418054
672.4	-58.825442837488616
672.45	-58.82299978427223
672.5	-58.822238027673045
672.55	-58.82310704085083
672.6	-58.82547430737007
672.65	-58.82929018664417
672.6999999999999	-58.83441768095268
672.75	-58.840703544229555
672.8	-58.84793846000147
672.8499999999999	-58.855886660796564
672.9000000000001	-58.864268941012185
672.95	-58.87274696857129
673.0	-58.88093730078251
673.0500000000001	-58.88850092634104
673.1	-58.89515121937501
673.15	-58.90065426531109
673.2	-58.90481013880154
673.25	-58.907451171398705
673.3	-58.908445277201224
673.35	-58.90767866638713
673.4	-58.905042589794604
673.45	-58.90041054669277
673.5	-58.89365014668533
673.55	-58.8846752266006
673.6	-58.87348358243124
673.65	-58.860131213444646
673.6999999999999	-58.8447195445481
673.75	-58.82734987174143
673.8	-58.80811179237783
673.8499999999999	-58.78708936875229
673.9000000000001	-58.764427651543606
673.95	-58.74035659874471
674.0	-58.71512427293544
674.0500000000001	-58.688924519181114
674.1	-58.66183449028068
674.15	-58.633905484612136
674.2	-58.60526512696925
674.25	-58.57607022346581
674.3	-58.546464644682686
674.35	-58.516705531324774
674.4	-58.48712449918453
674.45	-58.4581267381689
674.5	-58.42996424531911
674.55	-58.40281539423596
674.6	-58.376952015297924
674.65	-58.35257182826747
674.6999999999999	-58.32973572584986
674.75	-58.30837701605866
674.8	-58.28835555068282
674.8499999999999	-58.26962898112755
674.9000000000001	-58.25219677645738
674.95	-58.23602615251316
675.0	-58.221070402789415
675.0500000000001	-58.20725368318658
675.1	-58.19453292670165
675.15	-58.18282479866555
675.2	-58.17207950988707
675.25	-58.16204778196122
675.3	-58.15283008889466
675.35	-58.143937457724675
675.4	-58.13571036564066
675.45	-58.12741284486792
675.5	-58.119599291423185
675.55	-58.11143399579895
675.6	-58.10349463664128
675.65	-58.09512008296899
675.6999999999999	-58.08672908242331
675.75	-58.07790626672029
675.8	-58.06883479254881
675.8499999999999	-58.059312568504694
675.9	-58.04949388614945
675.95	-58.03944318088648
676.0	-58.02920189285225
676.0500000000001	-58.018808330316666
676.1	-58.00838197901146
676.15	-57.998063393322354
676.2	-57.987994822408545
676.25	-57.978162459302425
676.3000000000001	-57.968566562418495
676.35	-57.959192899001906
676.4	-57.95007750021852
676.45	-57.94124628719487
676.5	-57.93276768321192
676.55	-57.92476375951208
676.6	-57.91728402274745
676.65	-57.91040324305051
676.6999999999999	-57.90403036486587
676.75	-57.8983047146344
676.8	-57.89292571312303
676.8499999999999	-57.88848330382723
676.9	-57.884179605910134
676.95	-57.88115284689982
677.0	-57.8780998925858
677.0500000000001	-57.87636292184964
677.1	-57.87406254840445
677.15	-57.87280932232457
677.2	-57.870809262593454
677.25	-57.86993336787727
677.3000000000001	-57.86808562009968
677.35	-57.867017394752565
677.4	-57.86472015748769
677.45	-57.86305817813009
677.5	-57.86013373335933
677.55	-57.85744599862629
677.6	-57.85336520219806
677.65	-57.849154722124204
677.6999999999999	-57.8438360760552
677.75	-57.838246892595734
677.8	-57.831948667069426
677.8499999999999	-57.82513292350467
677.9	-57.81769519267193
677.95	-57.80967973660221
678.0	-57.801076751170925
678.0500000000001	-57.79189257717462
678.1	-57.78212058315337
678.15	-57.77171913300116
678.2	-57.76077237843067
678.25	-57.74928889302869
678.3000000000001	-57.737344299670184
678.35	-57.72473146456883
678.4	-57.711511763355496
678.45	-57.69754465509416
678.5	-57.682959203689194
678.55	-57.66769328003211
678.6	-57.651770872563425
678.65	-57.635151180464206
678.6999999999999	-57.61785177746764
678.75	-57.59988715107556
678.8	-57.58130999992714
678.8499999999999	-57.56219506749488
678.9	-57.54273795629488
678.95	-57.523235698843465
679.0	-57.50397672452297
679.0500000000001	-57.48509759549364
679.1	-57.46661600979162
679.15	-57.44860215312692
679.2	-57.43116122591455
679.25	-57.41434587302348
679.3000000000001	-57.398211997608
679.35	-57.382765922317574
679.4	-57.368011423963836
679.45	-57.353837105564864
679.5	-57.34028495437756
679.55	-57.32726559624553
679.6	-57.314862068161844
679.65	-57.30291699075477
679.6999999999999	-57.291613189255514
679.75	-57.28049813978642
679.8	-57.26995477126096
679.8499999999999	-57.259258543974624
679.9	-57.24938009853233
679.95	-57.23895862116707
680.0	-57.22942838789429
680.0500000000001	-57.21903808951987
680.1	-57.20936046915309
680.15	-57.1986145408184
680.2	-57.188289136392285
680.25	-57.17708381540419
680.3000000000001	-57.16600239827118
680.35	-57.15427902149847
680.4	-57.142308344442476
680.45	-57.12989063818041
680.5	-57.117216971953205
680.55	-57.10423662514316
680.6	-57.091102756846745
680.65	-57.07784806199877
680.6999999999999	-57.064560664027184
680.75	-57.051323732009166
680.8	-57.03826938581457
680.8499999999999	-57.025549855789805
680.9	-57.013389710582544
680.95	-57.00203238828881
681.0	-56.99167025179391
681.0500000000001	-56.982446051213856
681.1	-56.97448955171757
681.15	-56.96788952319481
681.2	-56.96270457066376
681.25	-56.95898382879907
681.3000000000001	-56.956748116006295
681.35	-56.95599047551822
681.4	-56.95669457863582
681.45	-56.95884401959371
681.5	-56.96240281883215
681.55	-56.96730180394471
681.6	-56.97344950815967
681.65	-56.98073193124587
681.6999999999999	-56.988993821429844
681.75	-56.99807284481761
681.8	-57.0077528765665
681.8499999999999	-57.01773631979469
681.9	-57.027763534466324
681.9499999999999	-57.03760321837177
682.0	-57.04698337598728
682.0500000000001	-57.05557622720258
682.1	-57.063065786507366
682.1500000000001	-57.069202136117035
682.2	-57.07376919013933
682.25	-57.07658046321099
682.3000000000001	-57.077520863756774
682.35	-57.07647806125128
682.4	-57.073381307649356
682.45	-57.06808192150875
682.5	-57.060487662871935
682.55	-57.0505228948073
682.6	-57.03814325943581
682.65	-57.023285865550875
682.6999999999999	-57.00594469673213
682.75	-56.98618788206965
682.8	-56.96410888749455
682.8499999999999	-56.93984474674626
682.9	-56.913651338779886
682.9499999999999	-56.88584769889243
683.0	-56.85677521098849
683.0500000000001	-56.82682611861584
683.1	-56.796209891749754
683.1500000000001	-56.765081218124735
683.2	-56.733687502451374
683.25	-56.70213502699279
683.3000000000001	-56.67049948887161
683.35	-56.638845437031364
683.4	-56.60733415844667
683.45	-56.57629071210916
683.5	-56.546013372940216
683.55	-56.51668422851901
683.6	-56.48835152185183
683.65	-56.460990065523674
683.6999999999999	-56.43464829834973
683.75	-56.40938185948104
683.8	-56.38515827070873
683.8499999999999	-56.36188847797266
683.9	-56.33951907635033
683.9499999999999	-56.3180448440065
684.0	-56.29734780611273
684.0500000000001	-56.27721438106356
684.1	-56.25755430177023
684.1500000000001	-56.23832818111984
684.2	-56.21942759367553
684.25	-56.200711458508124
684.3000000000001	-56.1819821516739
684.35	-56.16314509919844
684.4	-56.14433725124853
684.45	-56.125766678318485
684.5	-56.107566816495705
684.55	-56.08972359236223
684.6	-56.07218522975107
684.65	-56.05493323058331
684.6999999999999	-56.03794894895984
684.75	-56.02129319960698
684.8	-56.00503694568894
684.8499999999999	-55.98923734551151
684.9	-55.973954676501904
684.9499999999999	-55.95923217816199
685.0	-55.94507551518143
685.0500000000001	-55.93151778754785
685.1	-55.91853285429971
685.1500000000001	-55.90619066109632
685.2	-55.89454046395941
685.25	-55.88368947670372
685.3000000000001	-55.8736739283827
685.35	-55.864569899813475
685.4	-55.85644295470719
685.45	-55.849437409000714
685.5	-55.84364519622393
685.55	-55.83918260276469
685.6	-55.8360836692394
685.65	-55.83445350546124
685.6999999999999	-55.834319994057765
685.75	-55.83584021566287
685.8	-55.839035033532184
685.8499999999999	-55.844063417159546
685.9	-55.85095039658198
685.9499999999999	-55.85979013726228
686.0	-55.87061091015214
686.0500000000001	-55.883508542943346
686.1	-55.898498730421124
686.1500000000001	-55.91557931996652
686.2	-55.9347759783072
686.25	-55.956167697464146
686.3000000000001	-55.97985066130146
686.35	-56.00575499747005
686.4	-56.033722408787156
686.45	-56.063744597253674
686.5	-56.095757743173266
686.55	-56.12952444720322
686.6	-56.164607926864214
686.65	-56.20015239894995
686.6999999999999	-56.235253049303445
686.75	-56.26920192914854
686.8	-56.30161035082638
686.8499999999999	-56.332420881494144
686.9	-56.36153903926748
686.9499999999999	-56.38866542275376
687.0	-56.41349051909485
687.0500000000001	-56.43587226542859
687.1	-56.455784257481355
687.1500000000001	-56.47306942936794
687.2	-56.48747869370454
687.25	-56.4988805172723
687.3000000000001	-56.50721436083869
687.35	-56.51242832595817
687.4	-56.51451041089295
687.45	-56.51347739881439
687.5	-56.50934941190843
687.55	-56.50205821317276
687.6	-56.491546065671
687.65	-56.47781570502474
687.6999999999999	-56.46094329751599
687.75	-56.44097772633869
687.8	-56.417884839388265
687.8499999999999	-56.391723909051166
687.9	-56.36282220579944
687.9499999999999	-56.33172234859196
688.0	-56.299066046830724
688.0500000000001	-56.26536250893547
688.1	-56.23094962182272
688.1500000000001	-56.196108504928574
688.2	-56.16120864673176
688.25	-56.126711491286464
688.3000000000001	-56.093256679983554
688.35	-56.061378780002904
688.4	-56.031333667878926
688.45	-56.00312878294379
688.5	-55.976650138718995
688.55	-55.951891015522435
688.6	-55.928757868754715
688.65	-55.90699274239209
688.6999999999999	-55.88655802029132
688.75	-55.86710369196015
688.8	-55.8486619321391
688.8499999999999	-55.83090971031574
688.9	-55.813951134759535
688.9499999999999	-55.797403369479504
689.0	-55.781376851501605
689.0500000000001	-55.76540120457595
689.1	-55.74960771092258
689.1500000000001	-55.7336546915884
689.2	-55.71781158185368
689.25	-55.701613860334845
689.3000000000001	-55.68530949087017
689.35	-55.668166183892026
689.4	-55.65028120405381
689.45	-55.631279344301106
689.5	-55.61122534441644
689.55	-55.59018785714748
689.6	-55.56830049060221
689.65	-55.54567086387349
689.6999999999999	-55.52250977310838
689.75	-55.49906114760339
689.8	-55.475458337344335
689.8499999999999	-55.4518899401006
689.9	-55.4285516142544
689.9499999999999	-55.40568479076727
690.0	-55.38365789874162
690.0500000000001	-55.36289005369902
690.1	-55.343773041418
690.1500000000001	-55.326573132678696
690.2	-55.311458680755536
690.25	-55.29853227489264
690.3000000000001	-55.28778151524361
690.35	-55.27912648359706
690.4	-55.272556191645975
690.45	-55.267965556863146
690.5	-55.265378442501635
690.55	-55.264635857247136
690.6	-55.265738593939616
690.65	-55.26854478129684
690.6999999999999	-55.27294025555733
690.75	-55.278738265221286
690.8	-55.285766630922424
690.8499999999999	-55.293811379902166
690.9	-55.30266039978394
690.9499999999999	-55.312088731951604
691.0	-55.32186252755798
691.0500000000001	-55.331687947364884
691.1	-55.34117391144259
691.1500000000001	-55.34991575307622
691.2	-55.35759375050006
691.25	-55.36398006400425
691.3000000000001	-55.368904184436374
691.35	-55.37223761381243
691.4	-55.37385660326736
691.45	-55.37370820516057
691.5	-55.37166725188541
691.55	-55.367687385521805
691.6	-55.36165575331431
691.65	-55.353492504608035
691.6999999999999	-55.3431247461808
691.75	-55.330581374063414
691.8	-55.315984518601496
691.8499999999999	-55.29941582393018
691.9	-55.280951466125885
691.9499999999999	-55.260806421294006
692.0	-55.239167402293155
692.0500000000001	-55.21615859132973
692.1	-55.191855584888984
692.1500000000001	-55.16626638938966
692.2	-55.139408966725355
692.25	-55.11137002282623
692.3000000000001	-55.082223404622056
692.35	-55.05187149203037
692.4	-55.020162629170656
692.45	-54.98732370264855
692.5	-54.95386054832101
692.55	-54.92030862848786
692.6	-54.88707061457831
692.65	-54.85422419722306
692.6999999999999	-54.82180961591097
692.75	-54.79001750635416
692.8	-54.75901421755789
692.8499999999999	-54.72883521772431
692.9	-54.69942594709596
692.9499999999999	-54.6707999603022
693.0	-54.643090499884465
693.0500000000001	-54.61631986166924
693.1	-54.590336827917625
693.1500000000001	-54.56490760098795
693.2	-54.53992864645295
693.25	-54.51543646623308
693.3000000000001	-54.49146228430746
693.35	-54.46795621604414
693.4	-54.44484799234782
693.45	-54.42212128320322
693.5	-54.399775244055775
693.55	-54.37765449263087
693.6	-54.355527223384726
693.65	-54.33329589062281
693.6999999999999	-54.31094738524568
693.75	-54.28845350502115
693.8	-54.265769411249835
693.85	-54.24287522554076
693.9	-54.21984170950027
693.9499999999999	-54.19676462443134
694.0	-54.17370753461449
694.05	-54.15081719196415
694.1	-54.12823827454335
694.1500000000001	-54.10604316120073
694.2	-54.08427123693944
694.25	-54.06298787235144
694.3000000000001	-54.04226945452438
694.35	-54.022148471601696
694.4	-54.00263167530866
694.45	-53.983797090010015
694.5	-53.965742227445865
694.55	-53.94855855134152
694.6	-53.932353018049916
694.65	-53.9172285653559
694.6999999999999	-53.903316528172724
694.75	-53.89076096985944
694.8	-53.87967084472648
694.85	-53.87009559171465
694.9	-53.86206686563578
694.9499999999999	-53.85566448799224
695.0	-53.85091303056973
695.05	-53.847785832507014
695.1	-53.84613624942988
695.1500000000001	-53.84594639475588
695.2	-53.84706498537638
695.25	-53.84944659953889
695.3000000000001	-53.852946913515666
695.35	-53.85744304770891
695.4	-53.8627377153029
695.45	-53.86863162165868
695.5	-53.87488646034632
695.55	-53.88125295659145
695.6	-53.88747246059329
695.65	-53.893252973882355
695.6999999999999	-53.89829793768902
695.75	-53.90236434629807
695.8	-53.90518460208267
695.85	-53.90681990375106
695.9	-53.90670887652564
695.9499999999999	-53.90513007558805
696.0	-53.90148320516221
696.05	-53.8961051826182
696.1	-53.88852957413029
696.1500000000001	-53.87887178297975
696.2	-53.866896585799836
696.25	-53.85265236253595
696.3000000000001	-53.836044401383084
696.35	-53.81704679587176
696.4	-53.795609933968436
696.45	-53.77171896201227
696.5	-53.745353020606906
696.55	-53.71637840694453
696.6	-53.68463951410064
696.65	-53.650186544800384
696.6999999999999	-53.613066832878886
696.75	-53.573159607181864
696.8	-53.53033229403035
696.85	-53.4844669182841
696.9	-53.43570180012145
696.9499999999999	-53.38424322669936
697.0	-53.33026952473911
697.05	-53.2741763035583
697.1	-53.21643207775541
697.1500000000001	-53.15724648063339
697.2	-53.09658767069892
697.25	-53.03436445133097
697.3000000000001	-52.97055398440019
697.35	-52.905023130167685
697.4	-52.83767183187035
697.45	-52.76851041814776
697.5	-52.697491340939
697.55	-52.62491841742698
697.6	-52.551105123954116
697.65	-52.476137868284
697.6999999999999	-52.400036697831865
697.75	-52.322460295535485
697.8	-52.243007550678506
697.85	-52.16136805001099
697.9	-52.077317052405924
697.9499999999999	-51.991181043828064
698.0	-51.9035032088789
698.05	-51.81414870086613
698.1	-51.72245785344788
698.1500000000001	-51.627579899461324
698.2	-51.52912516735462
698.25	-51.426245792881296
698.3000000000001	-51.317726014556584
698.35	-51.20333094710552
698.4	-51.08332450145812
698.45	-50.957766718717664
698.5	-50.826809878227365
698.55	-50.69090412471837
698.6	-50.55056419907807
698.65	-50.40586824713667
698.6999999999999	-50.256036896628935
698.75	-50.10115979413728
698.8	-49.941929207374166
698.85	-49.77886988834322
698.9	-49.61113470400071
698.9499999999999	-49.43692277740418
699.0	-49.254771591146564
699.05	-49.063707560503396
699.1	-48.862793892821465
699.1500000000001	-48.65083759791134
699.2	-48.426597586102886
699.25	-48.190109670980775
699.3000000000001	-47.939693316921876
699.35	-47.67268315837997
699.4	-47.387787460959444
699.45	-47.08228912451395
699.5	-46.75742096169503
699.55	-46.41552630429695
699.6	-46.055953132625454
699.65	-45.67424891359235
699.7	-45.270659482508194
699.75	-44.8510597733697
699.8	-44.41026809972291
699.85	-43.93803168332475
699.9	-43.43738069071643
699.9499999999999	-42.9157093719053
700.0	-42.37723277352477
700.05	-41.823444130620544
700.0999999999999	-41.248728201812334
700.1500000000001	-40.644931088433864
700.2	-39.97974087745665
700.25	-39.2337325466577
700.3000000000001	-38.4359186665435
700.35	-37.60402635724884
700.4	-36.71115293978368
700.45	-35.72001195078485
700.5	-34.58731886588889
700.55	-33.36336848656242
700.6	-32.12375330379966
700.65	-30.830678592929296
700.7	-29.482453462208483
700.75	-28.06741484854387
700.8	-26.619669234430155
700.85	-25.16567562065426
700.9	-23.62384014157894
700.9499999999999	-22.009614740285507
701.0	-20.44116286340137
701.05	-18.962903391824746
701.0999999999999	-17.550689119376457
701.1500000000001	-16.11894287450201
701.2	-14.655548053968335
701.25	-13.224094568899769
701.3000000000001	-11.875601679961015
701.35	-10.652879489890012
701.4	-9.480903352067122
701.45	-8.34646044420612
701.5	-7.259626384510112
701.55	-6.2088907143728935
701.6	-5.234005862466281
701.65	-4.367104544356289
701.7	-3.597857013689307
701.75	-2.910348425869063
701.8	-2.276518983551391
701.85	-1.6816610206967781
701.9	-1.127394822932972
701.9499999999999	-0.6049464784729291
702.0	-0.11654360090985177
702.05	0.3390759989543861
702.0999999999999	0.7665924748432172
702.1500000000001	1.1732837501014024
702.2	1.5660942803468727
702.25	1.943284904065852
702.3000000000001	2.2981679209883428
702.35	2.6321589278455955
702.4	2.9523816039979263
702.45	3.2605173326885413
702.5	3.552410550594743
702.55	3.828808474411709
702.6	4.0936417988054625
702.65	4.348684440051471
702.7	4.593935030423333
702.75	4.826626525599722
702.8	5.046093686652895
702.85	5.25446163571248
702.9	5.454343909154267
702.9499999999999	5.646557986204652
703.0	5.828940282826331
703.05	5.999977295271837
703.0999999999999	6.160677229180978
703.1500000000001	6.311796277980318
703.2	6.453857766716935
703.25	6.5867261792921745
703.3000000000001	6.710245193989747
703.35	6.825749494411038
703.4	6.934693229196107
703.45	7.0376405379880795
703.5	7.13481136545375
703.55	7.226259559999832
703.6	7.311944888292638
703.65	7.392032113010151
703.7	7.466753963043773
703.75	7.536411992724394
703.8	7.601381015074745
703.85	7.662204449725431
703.9	7.719611144073878
703.9499999999999	7.773886565150656
704.0	7.825066335655311
704.05	7.87343667348782
704.0999999999999	7.919442605561905
704.1500000000001	7.963446408160571
704.2	8.005772761589695
704.25	8.046786924618495
704.3000000000001	8.086660142318443
704.35	8.125322024930623
704.4	8.162661712707893
704.45	8.198606898619055
704.5	8.233249646270494
704.55	8.266696128660149
704.6	8.298868906823241
704.65	8.329793212516947
704.7	8.359717106590022
704.75	8.388949979734598
704.8	8.417743329786983
704.85	8.446086544597275
704.9	8.473795791022702
704.9499999999999	8.500621395497939
705.0	8.526362608259507
705.05	8.550993006784758
705.0999999999999	8.574528079475236
705.1500000000001	8.597084788745573
705.2	8.618757518143603
705.25	8.63941173373361
705.3000000000001	8.658917380177066
705.35	8.677373527350873
705.4	8.694981419987265
705.45	8.711914535505064
705.5	8.728162035049952
705.55	8.743663132576707
705.6	8.758404967821601
705.65	8.772463040992513
705.7	8.785851561100369
705.75	8.798684364231452
705.8	8.811002598651436
705.85	8.822928696914895
705.9	8.83439890303745
705.9499999999999	8.845384016156785
706.0	8.855839320076845
706.05	8.8657123534167
706.0999999999999	8.874871399726615
706.1500000000001	8.883131614008933
706.2	8.890336156454516
706.25	8.896371609143177
706.3000000000001	8.901130572631633
706.35	8.904526582435508
706.4	8.906576861890219
706.45	8.907195038554288
706.5	8.906467306980367
706.55	8.904242524690366
706.6	8.900552511216311
706.65	8.895305231460517
706.7	8.888543475322937
706.75	8.880312827937377
706.8	8.87066306515404
706.85	8.859645292480371
706.9	8.8473839882319
706.9499999999999	8.834011092137676
707.0	8.81960510766054
707.05	8.80413100943522
707.0999999999999	8.7875403047362
707.15	8.769865815808735
707.2	8.7511919846802
707.25	8.7316148341977
707.3000000000001	8.711170098873794
707.35	8.689844682564942
707.4	8.667736293019999
707.45	8.64499847313483
707.5	8.621726478555804
707.5500000000001	8.597880128794731
707.6	8.573297162357346
707.65	8.547768486342196
707.7	8.521258864553324
707.75	8.493900528509883
707.8	8.465737766563052
707.85	8.436645653083517
707.9	8.40654802451381
707.9499999999999	8.375473502391916
708.0	8.343282663883402
708.05	8.309741490697458
708.0999999999999	8.274738578377011
708.15	8.238404250425834
708.2	8.200947497768663
708.25	8.162385643190362
708.3000000000001	8.12260629967013
708.35	8.081484285540483
708.4	8.038975088548012
708.45	7.9952688583079805
708.5	7.950446016560509
708.5500000000001	7.904423834375019
708.6	7.857171528672469
708.65	7.808709038132683
708.7	7.7590793674433005
708.75	7.708263818901248
708.8	7.656236769221973
708.85	7.602867582727622
708.9	7.5479374825903776
708.9499999999999	7.491234612921917
709.0	7.432629335795396
709.05	7.371855973392709
709.0999999999999	7.308914633943133
709.15	7.244285299211796
709.2	7.178714557754203
709.25	7.113093432299521
709.3000000000001	7.047986281938448
709.35	6.983545346681435
709.4	6.919956158014374
709.45	6.8575740563436085
709.5	6.796698042309131
709.5500000000001	6.737175537110758
709.6	6.678809219815678
709.65	6.621701563365532
709.7	6.566133766276275
709.75	6.512359043325727
709.8	6.460233747476161
709.85	6.409851630580306
709.9	6.361451011263668
709.9499999999999	6.314913239352526
710.0	6.270151638192365
710.05	6.227144836695524
710.0999999999999	6.185690526056768
710.15	6.145608707811428
710.2	6.106805157241164
710.25	6.069240982003594
710.3000000000001	6.032729954720438
710.35	5.996885500048214
710.4	5.961528225087932
710.45	5.926816782720145
710.5	5.892935495189658
710.5500000000001	5.859919874509678
710.6	5.827480155662844
710.65	5.795245495127972
710.7	5.763027560554187
710.75	5.730491705180063
710.8	5.697225350974518
710.85	5.663054923212362
710.9	5.628062488033532
710.9499999999999	5.592248573611759
711.0	5.555392560303574
711.05	5.517266218323924
711.0999999999999	5.477740388746767
711.15	5.436696872422223
711.2	5.394101088086569
711.25	5.349977417070173
711.3000000000001	5.304434343794508
711.35	5.257568098236315
711.4	5.209182171215352
711.45	5.159257097791416
711.5	5.107917404845642
711.5500000000001	5.0553603474288735
711.6	5.001862532350152
711.65	4.947513229706246
711.7	4.892200034938812
711.75	4.835935225460734
711.8	4.778667016737916
711.85	4.720320556103754
711.9	4.660705362450469
711.9499999999999	4.599745796082125
712.0	4.537519370734692
712.05	4.473892521377161
712.0999999999999	4.408803130280823
712.15	4.342178913760405
712.2	4.274323326804179
712.25	4.206109217097302
712.3000000000001	4.1379529971023175
712.35	4.0696206527228185
712.4	4.000729806458759
712.45	3.930791290168984
712.5	3.859711334463435
712.5500000000001	3.7876238204756456
712.6	3.714794929798824
712.65	3.6414300603630316
712.7	3.5673562669155783
712.75	3.4924719501441883
712.8	3.4166793393534833
712.85	3.33992518261333
712.9	3.2623093798476734
712.9499999999999	3.18391611556984
713.0	3.105006681531986
713.05	3.025871537525787
713.0999999999999	2.9467729996677305
713.15	2.86781069474287
713.1999999999999	2.788740119607801
713.25	2.709436548651122
713.3000000000001	2.6298968745309717
713.35	2.5501974041084825
713.4000000000001	2.4706399166545046
713.45	2.391641843934171
713.5	2.3135714702862265
713.5500000000001	2.2360497133910897
713.6	2.1579980129178296
713.65	2.078619418206522
713.7	1.9975964412497023
713.75	1.9150883256534978
713.8	1.8322845966916912
713.85	1.7506638470217064
713.9	1.6713088018173776
713.9499999999999	1.59445439310905
714.0	1.5195283843240137
714.05	1.445953710163153
714.0999999999999	1.3734518296318887
714.15	1.3020971435002324
714.1999999999999	1.2322545394080808
714.25	1.1639183426100699
714.3000000000001	1.0967851172442051
714.35	1.0305141362003054
714.4000000000001	0.9648533341651415
714.45	0.8999628323719737
714.5	0.8362456326934966
714.5500000000001	0.7740532342725226
714.6	0.7134831817639747
714.65	0.6543819954782287
714.7	0.5965981708524513
714.75	0.5401667854069545
714.8	0.4849557642829966
714.85	0.4308022906042416
714.9	0.37747246752317004
714.9499999999999	0.3249401061873948
715.0	0.2734294025135892
715.05	0.22282434886946267
715.0999999999999	0.1727040494046278
715.15	0.12263593458598228
715.1999999999999	0.0722365809079791
715.25	0.021274622327902115
715.3000000000001	-0.030358688488148218
715.35	-0.08261399412786018
715.4000000000001	-0.13519979427615925
715.45	-0.1879259899310468
715.5	-0.24072203852047377
715.5500000000001	-0.2936932652298746
715.6	-0.34702316225059826
715.65	-0.40096122994236827
715.7	-0.45565848382746155
715.75	-0.51103467409899
715.8	-0.5669183418438566
715.85	-0.6230651077740046
715.9	-0.6793962060031684
715.9499999999999	-0.7362274651563547
716.0	-0.7938103065293637
716.05	-0.8524028280577276
716.0999999999999	-0.9123144970862835
716.15	-0.9736002567306523
716.1999999999999	-1.0363239942903293
716.25	-1.1005107490466923
716.3000000000001	-1.1661186378759447
716.35	-1.233294267613455
716.4000000000001	-1.3022853825971468
716.45	-1.3731646406114228
716.5	-1.4454744685041263
716.5500000000001	-1.5185060242763815
716.6	-1.5924104713701956
716.65	-1.6677764931921675
716.7	-1.7448657102190233
716.75	-1.8236524283382716
716.8	-1.9037955413266363
716.85	-1.9850595563818763
716.9	-2.0670376498468546
716.9499999999999	-2.149083331725706
717.0	-2.230970135580602
717.05	-2.3127983291309997
717.0999999999999	-2.3943682365746275
717.15	-2.4754535122147714
717.1999999999999	-2.5559475049251783
717.25	-2.6359675926213937
717.3000000000001	-2.7158042157451607
717.35	-2.7958549927342755
717.4000000000001	-2.8766274512759558
717.45	-2.9581868062915193
717.5	-3.0405001108059606
717.5500000000001	-3.1237075881795136
717.6	-3.2079394993512507
717.65	-3.29324254622854
717.7	-3.379421117633341
717.75	-3.4656761451405202
717.8	-3.5511352328074146
717.85	-3.635575226421375
717.9	-3.7193464304376977
717.9499999999999	-3.802260956325671
718.0	-3.883284547706195
718.05	-3.9613135118332323
718.0999999999999	-4.035511856727189
718.15	-4.105485225543584
718.1999999999999	-4.170705136308146
718.25	-4.2305164042083945
718.3000000000001	-4.284670809412559
718.35	-4.333293340057845
718.4000000000001	-4.376711225872455
718.45	-4.415131639676396
718.5	-4.448869275823126
718.5500000000001	-4.478528171455218
718.6	-4.504645147241231
718.65	-4.527963439747216
718.7	-4.548210793409668
718.75	-4.5665224011227625
718.8	-4.5820277312574955
718.85	-4.596314435410064
718.9	-4.607942808075558
718.9499999999999	-4.61907311887216
719.0	-4.627894066151649
719.05	-4.636768604190286
719.0999999999999	-4.643856994854142
719.15	-4.651514566090217
719.1999999999999	-4.65784523432999
719.25	-4.665078779620374
719.3000000000001	-4.671442137624342
719.35	-4.67925881597337
719.4000000000001	-4.687025437221136
719.45	-4.696584724749398
719.5	-4.70659983108922
719.5500000000001	-4.718419013241984
719.6	-4.731076162824609
719.65	-4.7459020420823315
719.7	-4.762365415143421
719.75	-4.781122327223429
719.8	-4.802166665582268
719.85	-4.825902288795216
719.9	-4.8525988265542095
719.9499999999999	-4.882283477173743
720.0	-4.914987804553602
720.05	-4.950613729276076
720.0999999999999	-4.988975559683542
720.15	-5.029650722184449
720.1999999999999	-5.072119457108085
720.25	-5.115976633241617
720.3000000000001	-5.161109960743813
720.35	-5.207636818434928
720.4000000000001	-5.255508607239165
720.45	-5.304381275724715
720.5	-5.354008623201146
720.5500000000001	-5.404208566588004
720.6	-5.454818219698545
720.65	-5.505600094707747
720.7	-5.556229292838686
720.75	-5.606599141567411
720.8	-5.656632344453962
720.85	-5.7060738868038605
720.9	-5.7548657554647065
720.9499999999999	-5.8029452386717875
721.0	-5.8501415258066025
721.05	-5.896380409321742
721.0999999999999	-5.941448852933035
721.15	-5.985145855157944
721.1999999999999	-6.0274895493667735
721.25	-6.068704123407464
721.3000000000001	-6.109149526545595
721.35	-6.149234829887944
721.4000000000001	-6.189186701521773
721.45	-6.228815575985139
721.5	-6.267965725918832
721.5500000000001	-6.3069527363967826
721.6	-6.346369761563842
721.65	-6.386752904758814
721.7	-6.428422361532761
721.75	-6.47147541062618
721.8	-6.516015829899883
721.85	-6.562093105397537
721.9	-6.609888557649221
721.9499999999999	-6.659890867436939
722.0	-6.712459816381246
722.05	-6.767835962883904
722.0999999999999	-6.826081815112429
722.15	-6.887249443059748
722.1999999999999	-6.951588048709862
722.25	-7.019079796118071
722.3000000000001	-7.089383092638123
722.35	-7.162356381947722
722.4000000000001	-7.238118778618963
722.45	-7.31688179186391
722.5	-7.39810171399105
722.5500000000001	-7.480994357327901
722.6	-7.565489388536129
722.65	-7.651688916663655
722.7	-7.739507072186023
722.75	-7.828640789351933
722.8	-7.91808277554629
722.85	-8.007017312580624
722.9	-8.095329169122245
722.9499999999999	-8.18303351284168
723.0	-8.270195460003663
723.05	-8.356647267694168
723.0999999999999	-8.441990303629783
723.15	-8.52542698432109
723.1999999999999	-8.606571132170007
723.25	-8.6855584187283
723.3000000000001	-8.762722478236451
723.35	-8.838464679600834
723.4000000000001	-8.912951735030514
723.45	-8.985767532318663
723.5	-9.056623012976795
723.5500000000001	-9.125474918413142
723.6	-9.192252402868956
723.65	-9.2570139512291
723.7	-9.32012288420272
723.75	-9.382163064882665
723.8	-9.443670602717681
723.85	-9.505188941828298
723.9	-9.567289948191384
723.9499999999999	-9.63023474396497
724.0	-9.693772612012744
724.05	-9.757666286307485
724.0999999999999	-9.821912318127758
724.15	-9.886605941116366
724.1999999999999	-9.95170182129755
724.25	-10.01712340766256
724.3000000000001	-10.08286532493392
724.35	-10.149039567329378
724.4000000000001	-10.21594623219882
724.45	-10.283610522400139
724.5	-10.351353305194689
724.5500000000001	-10.418082948186347
724.6	-10.483246579258129
724.65	-10.546748192131076
724.7	-10.608160104900083
724.75	-10.66699128171382
724.8	-10.723492280055867
724.85	-10.778219575606723
724.9	-10.831459782198724
724.9499999999999	-10.88347769336401
725.0	-10.93437671684362
725.05	-10.984121944278325
725.1	-11.032476159293521
725.15	-11.079587394406103
725.1999999999999	-11.126224419075305
725.25	-11.172814420585201
725.3	-11.219266580204273
725.35	-11.265599647764782
725.4000000000001	-11.31212413316794
725.45	-11.359416950896952
725.5	-11.40799713361372
725.5500000000001	-11.458192487528919
725.6	-11.510226225631767
725.65	-11.564155791110501
725.7	-11.619896026356763
725.75	-11.67709343215435
725.8	-11.7355761629659
725.85	-11.795671468062608
725.9	-11.857774679040313
725.9499999999999	-11.922074200202754
726.0	-11.98866530158234
726.05	-12.05723639793984
726.1	-12.127492461918878
726.15	-12.199113121204482
726.1999999999999	-12.271916215446826
726.25	-12.345879104127151
726.3	-12.420659518399898
726.35	-12.496012278623677
726.4000000000001	-12.572059784966832
726.45	-12.64910536557517
726.5	-12.727429928065643
726.5500000000001	-12.807017152465786
726.6	-12.887822189930633
726.65	-12.969672644735219
726.7	-13.052081151354269
726.75	-13.13495344587512
726.8	-13.218253783147063
726.85	-13.302295225144489
726.9	-13.38795163327006
726.9499999999999	-13.475623200217356
727.0	-13.565189939656278
727.05	-13.656297105680114
727.1	-13.748630821972029
727.15	-13.842661510929275
727.1999999999999	-13.938787385563238
727.25	-14.037035987619568
727.3	-14.137689655283282
727.35	-14.240305088152013
727.4000000000001	-14.343853426639793
727.45	-14.447114728861237
727.5	-14.549219594408829
727.5500000000001	-14.649592313687062
727.6	-14.747717498996703
727.65	-14.843438269978556
727.7	-14.937158315285687
727.75	-15.029286645516569
727.8	-15.120087562147043
727.85	-15.21003377268427
727.9	-15.29918155563162
727.9499999999999	-15.38714699185456
728.0	-15.473419245250637
728.05	-15.557976990008967
728.1	-15.64081112795552
728.15	-15.721497697616403
728.1999999999999	-15.799720959558133
728.25	-15.875259755126976
728.3	-15.948002341747834
728.35	-16.01791369189788
728.4000000000001	-16.084992385101874
728.45	-16.149650671949104
728.5	-16.21209268937993
728.5500000000001	-16.272221495688186
728.6	-16.33028131479616
728.65	-16.386481192391678
728.7	-16.44101802080598
728.75	-16.49431191450671
728.8	-16.54685571828186
728.85	-16.599243410603695
728.9	-16.65214996091901
728.9499999999999	-16.70603007261331
729.0	-16.760933432404762
729.05	-16.81672748617165
729.1	-16.873629906425922
729.15	-16.931721993500375
729.1999999999999	-16.990685518898076
729.25	-17.050347628862713
729.3	-17.110885550811858
729.35	-17.172700999751793
729.4000000000001	-17.235699770183018
729.45	-17.299376666421576
729.5	-17.36348245967507
729.5500000000001	-17.427824701497734
729.6	-17.492101413166722
729.65	-17.556148374204216
729.7	-17.61984196188478
729.75	-17.683194077138655
729.8	-17.746085653400808
729.85	-17.808310949656374
729.9	-17.86986919567751
729.9499999999999	-17.93092870797353
730.0	-17.991660464468055
730.05	-18.05204552721293
730.1	-18.112079419108596
730.15	-18.17214653275007
730.1999999999999	-18.232886804612853
730.25	-18.29453649647846
730.3	-18.356846353544583
730.35	-18.41953922840905
730.4000000000001	-18.4827961027651
730.45	-18.546922008529087
730.5	-18.612005956766673
730.5500000000001	-18.678130170458058
730.6	-18.74525848282844
730.65	-18.813180649299042
730.7	-18.881560982239208
730.75	-18.95011649955332
730.8	-19.018899498895095
730.85	-19.08829741483668
730.9	-19.158848379564823
730.95	-19.2309347411185
731.0	-19.304576057584256
731.05	-19.37996373389243
731.1	-19.457245585218146
731.15	-19.53634687490745
731.1999999999999	-19.61735377417409
731.25	-19.700271746900448
731.3	-19.784498213837107
731.3499999999999	-19.86923289919082
731.4000000000001	-19.953835746886288
731.45	-20.037848136922698
731.5	-20.121013073649237
731.5500000000001	-20.20333210120884
731.6	-20.28513281297213
731.65	-20.367025376064095
731.7	-20.449618243365194
731.75	-20.532797437969492
731.8	-20.616391488224615
731.85	-20.70080595067934
731.9	-20.786180480228843
731.95	-20.872138528194185
732.0	-20.95848334397469
732.05	-21.04491470077808
732.1	-21.131144002336107
732.15	-21.216815636954113
732.1999999999999	-21.301837028994438
732.25	-21.386428026400445
732.3	-21.470397093190847
732.3499999999999	-21.553423263984612
732.4000000000001	-21.63548783652551
732.45	-21.716810537157645
732.5	-21.7976198465237
732.5500000000001	-21.87762580153008
732.6	-21.956483753091
732.65	-22.03419628681698
732.7	-22.110799352344362
732.75	-22.18653057907027
732.8	-22.261429138457448
732.85	-22.3352638986239
732.9	-22.408106905224827
732.95	-22.480356889838305
733.0	-22.552436718068492
733.05	-22.624242182876053
733.1	-22.69491569984637
733.15	-22.763747843577885
733.1999999999999	-22.830602879857285
733.25	-22.895687208208848
733.3	-22.95926888272256
733.3499999999999	-23.021601498706875
733.4000000000001	-23.083216606462805
733.45	-23.144661550641793
733.5	-23.20628881129531
733.5500000000001	-23.26833775146968
733.6	-23.3307679639127
733.65	-23.393646878924642
733.7	-23.45728472531733
733.75	-23.521846370937197
733.8	-23.58742685707134
733.85	-23.65390921121606
733.9	-23.72127680178607
733.95	-23.78981556873339
734.0	-23.85971127991972
734.05	-23.93120240352357
734.1	-24.00455380654189
734.15	-24.079742717873692
734.1999999999999	-24.156691734968028
734.25	-24.235007092075616
734.3	-24.31415234003058
734.3499999999999	-24.394004941985003
734.4000000000001	-24.474619409180065
734.45	-24.55605322721522
734.5	-24.63813897473343
734.5500000000001	-24.72052233284002
734.6	-24.80302673112144
734.65	-24.88565331963037
734.7	-24.968629229919934
734.75	-25.052195619951995
734.8	-25.136434130107368
734.85	-25.2213573223406
734.9	-25.30658998269916
734.95	-25.391847459913613
735.0	-25.477439042563574
735.05	-25.563234761387562
735.1	-25.649133683925797
735.15	-25.735431502632437
735.1999999999999	-25.82268279966681
735.25	-25.911581800350966
735.3	-26.002109953017914
735.3499999999999	-26.093216688842595
735.4000000000001	-26.183750411744384
735.45	-26.27420110516182
735.5	-26.36560970771132
735.5500000000001	-26.45771373824291
735.6	-26.549920996174503
735.65	-26.642130066675332
735.7	-26.734452406508744
735.75	-26.827367184224265
735.8	-26.921075553531796
735.85	-27.01562620860093
735.9	-27.111907050047556
735.95	-27.211030068472827
736.0	-27.313206740097925
736.05	-27.417885413877567
736.1	-27.52474926239826
736.15	-27.634245261286786
736.1999999999999	-27.74737333182494
736.25	-27.86471763820666
736.3	-27.986183433826575
736.3499999999999	-28.11161633573414
736.4000000000001	-28.240920165493478
736.45	-28.373339859187
736.5	-28.508417216174816
736.5500000000001	-28.645706385238068
736.6	-28.784029887663763
736.65	-28.921270094323845
736.7	-29.054666965623028
736.75	-29.18271015885552
736.8	-29.305466102981875
736.85	-29.423146097698194
736.9	-29.53584391019202
736.95	-29.643714188538254
737.0	-29.74713972796811
737.05	-29.846875499279214
737.1	-29.943050858273704
737.15	-30.03556524813382
737.1999999999999	-30.124779627335883
737.25	-30.211273937794157
737.3	-30.295235395033984
737.3499999999999	-30.37638538449162
737.4000000000001	-30.45464470509537
737.45	-30.530445851202135
737.5	-30.603838177060723
737.5500000000001	-30.674490646720834
737.6	-30.74241367702184
737.65	-30.8075681377761
737.7	-30.87027407798543
737.75	-30.93100883354463
737.8	-30.989933224954907
737.85	-31.047259654993695
737.9	-31.103507077107558
737.95	-31.159217369269548
738.0	-31.21448662255675
738.05	-31.269365383096353
738.1	-31.324256036760488
738.15	-31.379581592651235
738.1999999999999	-31.435582375253347
738.25	-31.49268686495037
738.3	-31.55129312697183
738.3499999999999	-31.611556186651384
738.4	-31.673336984369868
738.45	-31.73641553892892
738.5	-31.80071142027146
738.5500000000001	-31.86623437395788
738.6	-31.93288648393048
738.65	-32.00046235964096
738.7	-32.06869588905998
738.75	-32.137772815919426
738.8000000000001	-32.20787505038526
738.85	-32.2786160767498
738.9	-32.34978985358438
738.95	-32.42132233605013
739.0	-32.493183655098036
739.05	-32.565007080293675
739.1	-32.636213248172005
739.15	-32.706574240657744
739.1999999999999	-32.77651899081607
739.25	-32.846594304240156
739.3	-32.91704240439817
739.3499999999999	-32.987770499612736
739.4	-33.05875744466234
739.45	-33.13000583411193
739.5	-33.20143184978087
739.5500000000001	-33.273272090056096
739.6	-33.34588041980096
739.65	-33.41966062617258
739.7	-33.494910317808156
739.75	-33.57186022473364
739.8000000000001	-33.65070161424984
739.85	-33.731638920866445
739.9	-33.815115336316694
739.95	-33.90164390131844
740.0	-33.991759831113775
740.05	-34.08578754557062
740.1	-34.182484567632784
740.15	-34.28068483137692
740.1999999999999	-34.380530024977695
740.25	-34.481831076295244
740.3	-34.58400757180638
740.3499999999999	-34.68660144294172
740.4	-34.789263473801576
740.45	-34.89193129814667
740.5	-34.9946933417877
740.5500000000001	-35.09795584539772
740.6	-35.202053655400604
740.65	-35.307038109610666
740.7	-35.413548507037085
740.75	-35.52225567363722
740.8000000000001	-35.63389447570975
740.85	-35.748901850905845
740.9	-35.866868222835194
740.95	-35.98724400517779
741.0	-36.10905795164712
741.05	-36.23113323486025
741.1	-36.35253359559033
741.15	-36.472446460436075
741.1999999999999	-36.5914300107565
741.25	-36.710318169213835
741.3	-36.828297676092475
741.3499999999999	-36.9445530513719
741.4	-37.05830384244372
741.45	-37.16904113090784
741.5	-37.27706807334225
741.5500000000001	-37.382656544380566
741.6	-37.485824566940906
741.65	-37.58666478597473
741.7	-37.685550305052146
741.75	-37.78292548269491
741.8000000000001	-37.87901333175239
741.85	-37.973853317383025
741.9	-38.067587029503
741.95	-38.16030350434524
742.0	-38.2519407587905
742.05	-38.3420705876658
742.1	-38.430333358062924
742.15	-38.51676719198235
742.1999999999999	-38.60158342972339
742.25	-38.684805050381144
742.3	-38.76652597859439
742.3499999999999	-38.847232051087715
742.4	-38.927709661300824
742.45	-39.00821435913702
742.5	-39.08849277161676
742.5500000000001	-39.168164746272666
742.6	-39.24663282733394
742.65	-39.32374425948473
742.7	-39.39972350495271
742.75	-39.47491760235861
742.8000000000001	-39.54964761353645
742.85	-39.62432693803514
742.9	-39.699285988633825
742.95	-39.774610172175045
743.0	-39.850190555123405
743.05	-39.92610853978577
743.1	-40.00245064222719
743.15	-40.07946637599673
743.1999999999999	-40.15777677495122
743.25	-40.23763917355488
743.3	-40.318760601332784
743.3499999999999	-40.40043731267041
743.4	-40.48217647751548
743.45	-40.564242427390646
743.5	-40.647173321271545
743.5500000000001	-40.7309419466043
743.6	-40.81494913757624
743.65	-40.89843457693222
743.7	-40.98152916819362
743.75	-41.06473807890754
743.8000000000001	-41.14826905886389
743.85	-41.23244144725756
743.9	-41.31724769873561
743.95	-41.40192019601521
744.0	-41.48575030551107
744.05	-41.5686994670831
744.1	-41.651102573635356
744.15	-41.73322767484515
744.1999999999999	-41.81521894685774
744.25	-41.89710988508578
744.3	-41.97862200350715
744.3499999999999	-42.05998578862702
744.4	-42.14147503541644
744.4499999999999	-42.223257347684566
744.5	-42.30584370037389
744.5500000000001	-42.389602469287496
744.6	-42.47425126134654
744.6500000000001	-42.55937877130884
744.7	-42.64518736311314
744.75	-42.73221412383613
744.8000000000001	-42.820763137128495
744.85	-42.91077031181487
744.9	-43.002226095912775
744.95	-43.09519118717432
745.0	-43.19003221036883
745.05	-43.28693650907337
745.1	-43.38553883635677
745.15	-43.485943289152885
745.1999999999999	-43.58850654617483
745.25	-43.69320429248096
745.3	-43.799979349088986
745.3499999999999	-43.90837180897847
745.4	-44.01755674871212
745.4499999999999	-44.127054378907374
745.5	-44.23722720297503
745.5500000000001	-44.34832143078417
745.6	-44.45963646502646
745.6500000000001	-44.570103957568335
745.7	-44.67847803414381
745.75	-44.784317466151876
745.8000000000001	-44.88824369456278
745.85	-44.99059933159653
745.9	-45.09101014164172
745.95	-45.18915836402971
746.0	-45.285061226251955
746.05	-45.37920860100547
746.1	-45.472024092258394
746.15	-45.56369633835628
746.1999999999999	-45.65448870737172
746.25	-45.74431642904945
746.3	-45.832864645867645
746.3499999999999	-45.91982824801748
746.4	-46.0049449124885
746.4499999999999	-46.08823361900662
746.5	-46.169968241952674
746.5500000000001	-46.25019465321655
746.6	-46.32883850585493
746.6500000000001	-46.40556366054102
746.7	-46.480062458329954
746.75	-46.55201094057606
746.8000000000001	-46.62143888517761
746.85	-46.688817737555496
746.9	-46.7548538318983
746.95	-46.820386746835666
747.0	-46.885983924092244
747.05	-46.95170466585896
747.1	-47.0172931522608
747.15	-47.08245280796936
747.1999999999999	-47.14725251501548
747.25	-47.212003662518526
747.3	-47.27679354136451
747.3499999999999	-47.34141486814103
747.4	-47.40539097109951
747.4499999999999	-47.468589070647035
747.5	-47.53142167371817
747.5500000000001	-47.59431891130236
747.6	-47.65745338906818
747.6500000000001	-47.720837019712356
747.7	-47.784511448574264
747.75	-47.848865698485696
747.8000000000001	-47.91414455085871
747.85	-47.98033587724248
747.9	-48.0473496644468
747.95	-48.114898532638556
748.0	-48.18298775117166
748.05	-48.25137265910992
748.1	-48.31961340933557
748.15	-48.38757733300626
748.1999999999999	-48.45516571308839
748.25	-48.52217409830915
748.3	-48.58868259551064
748.3499999999999	-48.65483458079662
748.4	-48.720866199973344
748.4499999999999	-48.78697437612651
748.5	-48.85315926385377
748.5500000000001	-48.91938176597215
748.6	-48.98556908911194
748.6500000000001	-49.05155297344055
748.7	-49.11701821437123
748.75	-49.181967328377866
748.8000000000001	-49.2469866181588
748.85	-49.312517459715366
748.9	-49.37848523897935
748.95	-49.44483313374229
749.0	-49.511866957663
749.05	-49.580233043286135
749.1	-49.649974194712925
749.15	-49.72069175965231
749.1999999999999	-49.79220509367887
749.25	-49.86482655769112
749.3	-49.939016499220244
749.3499999999999	-50.01485983742084
749.4	-50.09214625549792
749.4499999999999	-50.170928336583444
749.5	-50.25154254103924
749.5500000000001	-50.33432019826867
749.6	-50.41910061395608
749.6500000000001	-50.50552228912946
749.7	-50.59321384133528
749.75	-50.681759865096836
749.8000000000001	-50.77137559350929
749.85	-50.862556649318414
749.9	-50.95520884402157
749.95	-51.04924119788835
750.0	-51.144719496487525
750.05	-51.24097556035743
750.1	-51.33680688356698
750.15	-51.430906545809066
750.1999999999999	-51.52249994865097
750.25	-51.61177419296578
750.3	-51.69919421299933
750.3499999999999	-51.78492602067736
750.4	-51.868470573397595
750.4499999999999	-51.949371684195725
750.5	-52.02778550353526
750.5500000000001	-52.10392004184153
750.6	-52.177496834694935
750.6500000000001	-52.24802409393119
750.7	-52.3153393053395
750.75	-52.37990282178435
750.8000000000001	-52.441957264399946
750.85	-52.50129511198172
750.9	-52.55802777926648
750.95	-52.612459532725595
751.0	-52.66478583379778
751.05	-52.71493335166502
751.1	-52.76277320260401
751.15	-52.80839237116035
751.1999999999999	-52.85198609349429
751.25	-52.89365589286426
751.3	-52.9336258900352
751.3499999999999	-52.97209489460652
751.4	-53.009204027187856
751.4499999999999	-53.045205617058045
751.5	-53.080444317582064
751.5500000000001	-53.11525118728018
751.6	-53.14974899638564
751.6500000000001	-53.184013242723225
751.7	-53.21806633523242
751.75	-53.25202055182649
751.8000000000001	-53.28625135257053
751.85	-53.32106958845276
751.9	-53.35658905777623
751.95	-53.39287522640691
752.0	-53.43001995816988
752.05	-53.46824794392573
752.1	-53.50776470407688
752.15	-53.54854542494532
752.1999999999999	-53.59050871892907
752.25	-53.63360057824853
752.3	-53.677939386399444
752.3499999999999	-53.72403429361349
752.4	-53.77263822445923
752.4499999999999	-53.824332320806256
752.5	-53.879400771838185
752.5500000000001	-53.93796022507879
752.6	-54.00010139410891
752.6500000000001	-54.065771436608856
752.7	-54.13493148267062
752.75	-54.20777667722093
752.8000000000001	-54.28423401605616
752.85	-54.36357430118167
752.9	-54.44464266746125
752.95	-54.52664196887774
753.0	-54.60900869356375
753.05	-54.69113153153344
753.1	-54.77278569032292
753.15	-54.85379937814493
753.1999999999999	-54.93355611926737
753.25	-55.01113699852521
753.3	-55.08564810815087
753.3499999999999	-55.15638016837256
753.4	-55.22328257008384
753.4499999999999	-55.28676185590467
753.5	-55.34727306093329
753.5500000000001	-55.40484433413758
753.6	-55.459649033143734
753.6500000000001	-55.51233387201864
753.7	-55.56341003668956
753.75	-55.61334077320896
753.8000000000001	-55.66254421240966
753.85	-55.711257705447174
753.9	-55.75957957776457
753.95	-55.80767650686457
754.0	-55.85587167880633
754.05	-55.904624574641126
754.1	-55.95419197040743
754.15	-56.00450088262231
754.1999999999999	-56.05552856563952
754.25	-56.10758009897507
754.3	-56.160867846748346
754.3499999999999	-56.21540158996294
754.4	-56.27119394010441
754.4499999999999	-56.328347770574894
754.5	-56.38657698942886
754.5500000000001	-56.44492881868078
754.6	-56.502562338914785
754.6500000000001	-56.55930905776836
754.7	-56.61508480644706
754.75	-56.66956548478675
754.8000000000001	-56.7224740200584
754.85	-56.77356194832866
754.9	-56.82292796624664
754.95	-56.87080428977451
755.0	-56.91736844947853
755.05	-56.96285784490527
755.1	-57.00737899945243
755.15	-57.05079550865841
755.1999999999999	-57.09289517065383
755.25	-57.133582460710244
755.3	-57.17289221744475
755.3499999999999	-57.21078414869938
755.4	-57.247068900444404
755.4499999999999	-57.28162844255121
755.5	-57.31428758370244
755.5500000000001	-57.345037868433316
755.6	-57.37395923815209
755.6500000000001	-57.401072056613174
755.7	-57.42638930871412
755.75	-57.449982459730016
755.8000000000001	-57.471903043671695
755.85	-57.49218913367862
755.9	-57.51096252244916
755.95	-57.528499908830355
756.0	-57.54499230903754
756.05	-57.56075412093611
756.1	-57.57594361399373
756.15	-57.59083369012523
756.1999999999999	-57.605472535039354
756.25	-57.62005280108157
756.3	-57.634673294996205
756.35	-57.649692741394546
756.4	-57.665259281557866
756.4499999999999	-57.68148767541212
756.5	-57.69841580745016
756.55	-57.716126896892746
756.6	-57.734724111358574
756.6500000000001	-57.75432213527802
756.7	-57.7749641819247
756.75	-57.79666240592179
756.8000000000001	-57.819433267712554
756.85	-57.843256398163035
756.9	-57.867958857170414
756.95	-57.89335691495896
757.0	-57.91938073696838
757.05	-57.94596283744295
757.1	-57.972907502878975
757.15	-57.99998826149587
757.1999999999999	-58.02714566727878
757.25	-58.05444972907215
757.3	-58.08184307239782
757.35	-58.109239432890675
757.4	-58.1367443063795
757.4499999999999	-58.16447170937515
757.5	-58.192444552348334
757.55	-58.22063062931016
757.6	-58.24905053665054
757.6500000000001	-58.2778705661304
757.7	-58.30729500054923
757.75	-58.3375034829749
757.8000000000001	-58.368588739670365
757.85	-58.40050200272479
757.9	-58.43321362473426
757.95	-58.466732701502565
758.0	-58.5011126472037
758.05	-58.53661275120645
758.1	-58.57353362204971
758.15	-58.612057662699804
758.1999999999999	-58.652229015282145
758.25	-58.69411256781167
758.3	-58.737778151423136
758.35	-58.78321029782863
758.4	-58.830289252657266
758.4499999999999	-58.878823454022665
758.5	-58.92862477787552
758.55	-58.979659981521664
758.6	-59.03176393696975
758.6500000000001	-59.08450770561353
758.7	-59.13760882363496
758.75	-59.19120156149285
758.8000000000001	-59.24562343271164
758.85	-59.30070938039176
758.9	-59.35599281296861
758.95	-59.41127651153323
759.0	-59.46658440143912
759.05	-59.522000833404704
759.1	-59.577277313777856
759.15	-59.63157554915618
759.1999999999999	-59.684448107990534
759.25	-59.736210169268915
759.3	-59.78725104154223
759.35	-59.83741047119302
759.4	-59.88620714132543
759.4499999999999	-59.933462299959146
759.5	-59.97909418639703
759.55	-60.02296948222015
759.6	-60.064946280066046
759.6500000000001	-60.104834019502576
759.7	-60.14242951758951
759.75	-60.17758070210317
759.8000000000001	-60.21015001467517
759.85	-60.240155060860836
759.9	-60.26762286706848
759.95	-60.29264659474717
760.0	-60.31544379176415
760.05	-60.33619525988847
760.1	-60.354977238808516
760.15	-60.371857139444515
760.1999999999999	-60.387000652958804
760.25	-60.40049688180383
760.3	-60.412957002959104
760.35	-60.424123905742206
760.4	-60.434831243227066
760.4499999999999	-60.44444858726972
760.5	-60.45420327005908
760.55	-60.463358683878184
760.6	-60.473090167820416
760.6500000000001	-60.482874182399286
760.7	-60.49335188005759
760.75	-60.504356080315524
760.8000000000001	-60.516163713041735
760.85	-60.52879239036188
760.9	-60.542427846810995
760.95	-60.55710362759236
761.0	-60.57292583384957
761.05	-60.58998069244368
761.1	-60.60824546698864
761.15	-60.62763533337367
761.1999999999999	-60.64807086425239
761.25	-60.66956564371708
761.3	-60.692210638328845
761.35	-60.71605433812084
761.4	-60.740999026318235
761.4499999999999	-60.7668953022585
761.5	-60.79371093715569
761.55	-60.821535130882374
761.6	-60.85046138490659
761.6500000000001	-60.88050586820586
761.7	-60.91155718632848
761.75	-60.943436573529425
761.8000000000001	-60.97608165023192
761.85	-61.00937098507572
761.9	-61.04311778408295
761.95	-61.07724030290842
762.0	-61.11173165724887
762.05	-61.14662367447031
762.1	-61.181925024644045
762.15	-61.217519867572804
762.2	-61.25341379688476
762.25	-61.28975178135574
762.3	-61.326586342412696
762.35	-61.36397337632897
762.4	-61.40185969892338
762.4499999999999	-61.4400907989415
762.5	-61.47863620252508
762.55	-61.517596749807055
762.5999999999999	-61.55694994095854
762.6500000000001	-61.59651547239926
762.7	-61.63604659251878
762.75	-61.675418134129174
762.8000000000001	-61.714533029702814
762.85	-61.75344312275841
762.9	-61.79235486590645
762.95	-61.83141600498496
763.0	-61.87082346226731
763.05	-61.91072808731847
763.1	-61.95109353625895
763.15	-61.99184153678823
763.2	-62.03312748457775
763.25	-62.07539029036884
763.3	-62.119004890229505
763.35	-62.16398629081936
763.4	-62.21007039778484
763.4499999999999	-62.25701019301762
763.5	-62.304930056028816
763.55	-62.35379973087399
763.5999999999999	-62.40320336451482
763.6500000000001	-62.45245070610292
763.7	-62.50061080781352
763.75	-62.54696950879869
763.8000000000001	-62.59095940966442
763.85	-62.63213207103307
763.9	-62.67032247977035
763.95	-62.70555251959736
764.0	-62.737912492003005
764.05	-62.76757822479138
764.1	-62.79469825249416
764.15	-62.81934013297551
764.2	-62.8414783437796
764.25	-62.86111183237382
764.3	-62.878317958362956
764.35	-62.89323891022231
764.4	-62.90593262201235
764.4499999999999	-62.916528406301055
764.5	-62.92507366035358
764.55	-62.931889915796916
764.5999999999999	-62.937006906016336
764.6500000000001	-62.940729935249834
764.7	-62.94307469530375
764.75	-62.94435491070371
764.8000000000001	-62.94463226600415
764.85	-62.944222427351185
764.9	-62.94327677427477
764.95	-62.94202329975767
765.0	-62.94068713210892
765.05	-62.93948920327033
765.1	-62.93865110457199
765.15	-62.93829334311555
765.2	-62.938771625848254
765.25	-62.9400284570916
765.3	-62.94251388660945
765.35	-62.94604440182197
765.4	-62.95098895236596
765.4499999999999	-62.95721721648765
765.5	-62.96492297290492
765.55	-62.97404668685271
765.5999999999999	-62.98473912613458
765.6500000000001	-62.996959194160425
765.7	-63.010652899780126
765.75	-63.02573340687472
765.8000000000001	-63.04211519643974
765.85	-63.059701534288074
765.9	-63.07833676873255
765.95	-63.09780560475167
766.0	-63.117939679255
766.05	-63.1386422937664
766.1	-63.15980724836828
766.15	-63.181183248620194
766.2	-63.202474760995756
766.25	-63.22352448029467
766.3	-63.2442885373774
766.35	-63.264734226655534
766.4	-63.28480267937694
766.4499999999999	-63.30436239548479
766.5	-63.32335017318216
766.55	-63.34164310592102
766.5999999999999	-63.35909541187006
766.6500000000001	-63.37574102629008
766.7	-63.39176252404266
766.75	-63.40717831296767
766.8000000000001	-63.42236650820162
766.85	-63.437271469749675
766.9	-63.45224535418946
766.95	-63.4672298034003
767.0	-63.4825287589415
767.05	-63.49818522439679
767.1	-63.51443438546963
767.15	-63.53131485007241
767.2	-63.548927530612374
767.25	-63.567347660682266
767.3	-63.586724359664316
767.35	-63.60715394229503
767.4	-63.628726526273574
767.4499999999999	-63.65148562089776
767.5	-63.675461459301474
767.55	-63.70074790915773
767.5999999999999	-63.727457264238964
767.6500000000001	-63.7556957662064
767.7	-63.78552082840086
767.75	-63.81678287414644
767.8000000000001	-63.84933494198444
767.85	-63.88313738107905
767.9	-63.91815201666931
767.95	-63.954336123868046
768.0	-63.991687981742004
768.05	-64.03021522232291
768.1	-64.06980001913692
768.15	-64.110033187574
768.2	-64.15040361445215
768.25	-64.1904452280375
768.3	-64.22986291607398
768.35	-64.26855226737278
768.4	-64.30636970807657
768.4499999999999	-64.34303871213743
768.5	-64.37824882806748
768.55	-64.41197079060463
768.5999999999999	-64.44434557427711
768.6500000000001	-64.4753849654883
768.7	-64.50497011672994
768.75	-64.53306136659063
768.8000000000001	-64.55968347319731
768.85	-64.58481204941515
768.9	-64.60832121147095
768.95	-64.63009007809784
769.0	-64.65018017431726
769.05	-64.66878705096875
769.1	-64.68611448911852
769.15	-64.70230956607605
769.2	-64.7174501709067
769.25	-64.7315835242611
769.3	-64.74484871730155
769.35	-64.75736689470098
769.4	-64.76935854493296
769.4499999999999	-64.780770914285
769.5	-64.79191981519611
769.55	-64.8025844894595
769.5999999999999	-64.81348724616862
769.65	-64.82429785103082
769.7	-64.83566199995252
769.75	-64.84740611167129
769.8000000000001	-64.85966521224428
769.85	-64.87238083374007
769.9	-64.88562621648902
769.95	-64.89938105918894
770.0	-64.9134758959385
770.0500000000001	-64.92777134792607
770.1	-64.94216898960134
770.15	-64.95661385320388
770.2	-64.97099947262089
770.25	-64.9851868194661
770.3	-64.99907290673026
770.35	-65.01257776433987
770.4	-65.02559657359873
770.4499999999999	-65.03800967032912
770.5	-65.04969991967428
770.55	-65.06062339478399
770.5999999999999	-65.07073445108549
770.65	-65.08002424073167
770.7	-65.08843749274749
770.75	-65.09600867517126
770.8000000000001	-65.10263064198512
770.85	-65.10843621732452
770.9	-65.11327287086968
770.95	-65.11738754268188
771.0	-65.12058076894462
771.0500000000001	-65.12311864094626
771.1	-65.1247912423595
771.15	-65.12585813753472
771.2	-65.12610459992958
771.25	-65.1258152533222
771.3	-65.12483226585675
771.35	-65.12344433755025
771.4	-65.12156093710529
771.4499999999999	-65.11941309972944
771.5	-65.11696785778143
771.55	-65.11442557746079
771.5999999999999	-65.11184336154723
771.65	-65.10944488489066
771.7	-65.10718316296754
771.75	-65.10534515158486
771.8000000000001	-65.1038443266749
771.85	-65.10313248178949
771.9	-65.10303590674303
771.95	-65.10420301903146
772.0	-65.10623070236008
772.0500000000001	-65.10986735372383
772.1	-65.11462991647856
772.15	-65.12106528718817
772.2	-65.12884641293844
772.25	-65.13825631651515
772.3	-65.14909610596865
772.35	-65.16163171767548
772.4	-65.17582649732543
772.4499999999999	-65.19176006103189
772.5	-65.20938678265955
772.55	-65.22863885821195
772.5999999999999	-65.24941742256485
772.65	-65.27151882890658
772.7	-65.2945771031992
772.75	-65.3181834819972
772.8000000000001	-65.34195990518579
772.85	-65.36560398670237
772.9	-65.38892042302471
772.95	-65.41168756662088
773.0	-65.43360071590072
773.0500000000001	-65.45432938512651
773.1	-65.47356764665744
773.15	-65.4911819659057
773.2	-65.50708941820153
773.25	-65.5211709670623
773.3	-65.53332472911652
773.35	-65.54346462109532
773.4	-65.5514990261289
773.4499999999999	-65.55737836274248
773.5	-65.56107271574214
773.55	-65.562651784391
773.5999999999999	-65.56213469447336
773.65	-65.55960416165244
773.7	-65.55505494548942
773.75	-65.54854311750378
773.8000000000001	-65.54009547795138
773.85	-65.52978723302815
773.9	-65.5177467177586
773.95	-65.50414260150106
774.0	-65.48915925164394
774.0500000000001	-65.47305391971622
774.1	-65.45612840302297
774.15	-65.43862525112681
774.2	-65.42078473203145
774.25	-65.40278340380809
774.3	-65.38475076269661
774.35	-65.36685389323793
774.4	-65.34916351061736
774.4499999999999	-65.33168772490744
774.5	-65.31445205991542
774.55	-65.29754751500462
774.5999999999999	-65.28108412747235
774.65	-65.26507743660946
774.7	-65.24951004192704
774.75	-65.23443277949703
774.8000000000001	-65.21986817130107
774.85	-65.20585108764624
774.9	-65.1924264971791
774.95	-65.17962784614164
775.0	-65.16748378760876
775.0500000000001	-65.15604103239436
775.1	-65.14531275132981
775.15	-65.13527821324452
775.2	-65.12589276281832
775.25	-65.11717408781149
775.3	-65.10915481880514
775.35	-65.10177891244112
775.4	-65.09511613658319
775.4499999999999	-65.0889740257166
775.5	-65.08353492281994
775.55	-65.078429395945
775.5999999999999	-65.07425287456445
775.65	-65.07019890725587
775.6999999999999	-65.0674467795672
775.75	-65.06460201669763
775.8000000000001	-65.06321306389229
775.85	-65.06139561194574
775.9000000000001	-65.0614101909917
775.95	-65.06104820635008
776.0	-65.06250630128751
776.0500000000001	-65.06316663185497
776.1	-65.06542225600583
776.15	-65.06664718442978
776.2	-65.06934486533788
776.25	-65.07072841567634
776.3	-65.0736417354558
776.35	-65.07582942079046
776.4	-65.0798211246952
776.4499999999999	-65.08318395176627
776.5	-65.08811133139281
776.55	-65.09264009742323
776.5999999999999	-65.09886581284007
776.65	-65.10516087705305
776.6999999999999	-65.11315089436683
776.75	-65.12166117413807
776.8000000000001	-65.13152478261145
776.85	-65.14219386259734
776.9000000000001	-65.15403218120657
776.95	-65.16690779650196
777.0	-65.18090942335104
777.0500000000001	-65.19600284575037
777.1	-65.21209562821424
777.15	-65.22907969229163
777.2	-65.24674412442178
777.25	-65.26480608597502
777.3	-65.28301415600315
777.35	-65.3012221246575
777.4	-65.3192684198182
777.4499999999999	-65.33693918252789
777.5	-65.3539348012613
777.55	-65.36997006148088
777.5999999999999	-65.38485365788343
777.65	-65.39841969296332
777.6999999999999	-65.41053787239774
777.75	-65.42114472216707
777.8000000000001	-65.4301861277796
777.85	-65.43769034222808
777.9000000000001	-65.44359320622854
777.95	-65.44791486697068
778.0	-65.45059201921288
778.0500000000001	-65.45175513386448
778.1	-65.45133441003298
778.15	-65.44945366326483
778.2	-65.44607687113012
778.25	-65.44132578101039
778.3	-65.43525691293078
778.35	-65.42800031330489
778.4	-65.41968246401339
778.4499999999999	-65.41041358376623
778.5	-65.40027219134214
778.55	-65.38936597540773
778.5999999999999	-65.37789701115838
778.65	-65.36615677218808
778.6999999999999	-65.35438176557068
778.75	-65.34272354266838
778.8000000000001	-65.3312800525363
778.85	-65.32017854042901
778.9000000000001	-65.30960792408435
778.95	-65.29960980279361
779.0	-65.29036192768505
779.0500000000001	-65.28158460211236
779.1	-65.27375852716796
779.15	-65.2662228352356
779.2	-65.25989922404615
779.25	-65.2536240381199
779.3	-65.24854175804495
779.35	-65.24343940027441
779.4	-65.23941019936814
779.4499999999999	-65.23517268215923
779.5	-65.23155451168557
779.55	-65.22772389935216
779.5999999999999	-65.22423309846597
779.65	-65.22067812490701
779.6999999999999	-65.21719711853024
779.75	-65.21365502909765
779.8000000000001	-65.20990622629172
779.85	-65.2060749332788
779.9000000000001	-65.20183772993474
779.95	-65.19744421602677
780.0	-65.19267984940538
780.0500000000001	-65.18783162725329
780.1	-65.18263610859354
780.15	-65.17742780662937
780.2	-65.17188716099184
780.25	-65.16631090178475
780.3	-65.16048120751552
780.35	-65.1546395749967
780.4	-65.14878700391287
780.4499999999999	-65.14309119992959
780.5	-65.1374777298787
780.55	-65.13209726743756
780.5999999999999	-65.12697686978754
780.65	-65.12225922780904
780.6999999999999	-65.11801165277933
780.75	-65.11436804445572
780.8000000000001	-65.11140994921719
780.85	-65.1092635993547
780.9000000000001	-65.1080135556063
780.95	-65.1077677625379
781.0	-65.10856353612567
781.0500000000001	-65.11054420170574
781.1	-65.11372620076763
781.15	-65.11821246230119
781.2	-65.12399276629372
781.25	-65.13112426906646
781.3	-65.1395814863314
781.35	-65.14940766814725
781.4	-65.16058505369996
781.4499999999999	-65.17312712529073
781.5	-65.1869949150064
781.55	-65.20208428907452
781.5999999999999	-65.21827712250452
781.65	-65.23547411435686
781.6999999999999	-65.2535240183854
781.75	-65.2721586372287
781.8000000000001	-65.29096907511176
781.85	-65.3095147845672
781.9000000000001	-65.32751472325282
781.95	-65.34469783403215
782.0	-65.36077088265256
782.0500000000001	-65.3755434141276
782.1	-65.3888745604638
782.15	-65.4006277744082
782.2	-65.41061913607648
782.25	-65.41860264650542
782.3	-65.42442962937142
782.35	-65.42795231586602
782.4	-65.42920843379443
782.4499999999999	-65.42796162871295
782.5	-65.42442163841307
782.55	-65.41821373621532
782.5999999999999	-65.40948093415413
782.65	-65.39796490647379
782.6999999999999	-65.38374042878186
782.75	-65.3668471213825
782.8000000000001	-65.34735700182266
782.85	-65.32541838652651
782.9000000000001	-65.30123244245566
782.95	-65.27509854193033
783.0	-65.24739743886295
783.0500000000001	-65.21843778910306
783.1	-65.18853381984003
783.15	-65.15820688173945
783.2	-65.1282952611351
783.25	-65.09959282580436
783.3	-65.07254701866636
783.35	-65.04729853710111
783.4	-65.02390181774017
783.4499999999999	-65.00246553304453
783.5	-64.98305040339511
783.55	-64.965653055388
783.5999999999999	-64.95039636692277
783.65	-64.93734198520167
783.6999999999999	-64.92634496026088
783.75	-64.91740403212088
783.8000000000001	-64.91001390536728
783.85	-64.90449208985709
783.9000000000001	-64.90019929204405
783.95	-64.8975885890473
784.0	-64.89585366806907
784.0500000000001	-64.89552763452016
784.1	-64.89573598109718
784.15	-64.89699240362442
784.2	-64.89823711592678
784.25	-64.90007291656778
784.3	-64.90132520582699
784.35	-64.9029568229232
784.4	-64.90370981413356
784.4499999999999	-64.90472686955974
784.5	-64.90467717113015
784.55	-64.90468622717863
784.5999999999999	-64.90344291761978
784.65	-64.90207942972884
784.6999999999999	-64.89959073704348
784.75	-64.89687671097009
784.8000000000001	-64.89324592442851
784.85	-64.8892773411907
784.9000000000001	-64.88474752734021
784.95	-64.87988923773294
785.0	-64.8746854295956
785.0500000000001	-64.8692978983654
785.1	-64.86384755809488
785.15	-64.85847260861655
785.2	-64.85330674117233
785.25	-64.84845545437182
785.3	-64.84413321562381
785.35	-64.84046083636599
785.4	-64.83766980511248
785.4499999999999	-64.83584008413716
785.5	-64.8353073329142
785.55	-64.8359688392996
785.5999999999999	-64.83834960769924
785.65	-64.8421738764688
785.6999999999999	-64.84804677155181
785.75	-64.8557053567014
785.8000000000001	-64.86559810532981
785.85	-64.87758458059999
785.9000000000001	-64.89187731970335
785.95	-64.90849601601477
786.0	-64.92761929199263
786.0500000000001	-64.9493816460623
786.1	-64.97387881316459
786.15	-65.00115034312296
786.2	-65.03120904286575
786.25	-65.06385991706875
786.3	-65.09863925086523
786.35	-65.13500976051633
786.4	-65.17249333311912
786.4499999999999	-65.21086224745657
786.5	-65.24988554352548
786.55	-65.2891134345322
786.5999999999999	-65.32797733041863
786.65	-65.36580221184852
786.6999999999999	-65.40201999362891
786.75	-65.43612501756661
786.8000000000001	-65.46766756712157
786.85	-65.49657001401229
786.9000000000001	-65.52282272431727
786.95	-65.54631001516252
787.0	-65.56697054368298
787.0500000000001	-65.58474900614507
787.1	-65.59954065326167
787.15	-65.61124596644942
787.2	-65.61983984363023
787.25	-65.62535922809124
