0.000000000000000000e+00	-4.197789167733808569e+01
2.000000000000000111e-01	-4.197413101800080426e+01
4.000000000000000222e-01	-4.196770736264929269e+01
5.999999999999999778e-01	-4.196068320054815359e+01
8.000000000000000444e-01	-4.195585702162195929e+01
1.000000000000000000e+00	-4.195633760132033530e+01
1.199999999999999956e+00	-4.196523481557782986e+01
1.399999999999999911e+00	-4.198514682001099629e+01
1.600000000000000089e+00	-4.201775071452075139e+01
1.800000000000000044e+00	-4.206344300350981769e+01
2.000000000000000000e+00	-4.212108992124618112e+01
2.200000000000000178e+00	-4.218795671327379182e+01
2.399999999999999911e+00	-4.225982647675535020e+01
2.600000000000000089e+00	-4.233133905614604231e+01
2.799999999999999822e+00	-4.239643978323072560e+01
3.000000000000000000e+00	-4.244902597012501388e+01
3.200000000000000178e+00	-4.248353709990341542e+01
3.399999999999999911e+00	-4.249558743148454454e+01
3.600000000000000089e+00	-4.248242175803132170e+01
3.799999999999999822e+00	-4.244314862531218324e+01
4.000000000000000000e+00	-4.237882094151301260e+01
4.200000000000000178e+00	-4.229223163588758183e+01
4.400000000000000355e+00	-4.218759476569528744e+01
4.599999999999999645e+00	-4.207011446339183180e+01
4.799999999999999822e+00	-4.194549566923510753e+01
5.000000000000000000e+00	-4.181944735515299527e+01
5.200000000000000178e+00	-4.169727364865810415e+01
5.400000000000000355e+00	-4.158352284483004269e+01
5.599999999999999645e+00	-4.148170768066833602e+01
5.799999999999999822e+00	-4.139415747579114679e+01
6.000000000000000000e+00	-4.132191441036732726e+01
6.200000000000000178e+00	-4.126472498671780897e+01
6.400000000000000355e+00	-4.122113403764427630e+01
6.599999999999999645e+00	-4.118864198133690735e+01
6.799999999999999822e+00	-4.116396373221331828e+01
7.000000000000000000e+00	-4.114329859430846881e+01
7.200000000000000178e+00	-4.112271463890682810e+01
7.400000000000000355e+00	-4.109852982420382261e+01
7.599999999999999645e+00	-4.106764694056337106e+01
7.799999999999999822e+00	-4.102786337601227729e+01
8.000000000000000000e+00	-4.097807295859726651e+01
8.200000000000001066e+00	-4.091831988372510409e+01
8.400000000000000355e+00	-4.084980544565114258e+01
8.599999999999999645e+00	-4.077465279239046936e+01
8.800000000000000711e+00	-4.069567347435528148e+01
9.000000000000000000e+00	-4.061602198585293877e+01
9.199999999999999289e+00	-4.053888766387692044e+01
9.400000000000000355e+00	-4.046719111877357022e+01
9.599999999999999645e+00	-4.040336122446706213e+01
9.799999999999998934e+00	-4.034923471041415866e+01
1.000000000000000000e+01	-4.030592027141631917e+01
1.020000000000000107e+01	-4.027378754170384667e+01
1.040000000000000036e+01	-4.025244398284290526e+01
1.059999999999999964e+01	-4.024069962903698183e+01
1.080000000000000071e+01	-4.023660557347481870e+01
1.100000000000000000e+01	-4.023749344753385770e+01
1.119999999999999929e+01	-4.024011551888108329e+01
1.140000000000000036e+01	-4.024084757730086892e+01
1.159999999999999964e+01	-4.023597860627468492e+01
1.179999999999999893e+01	-4.022204104532386992e+01
1.200000000000000000e+01	-4.019625022430247441e+01
1.220000000000000107e+01	-4.015676629677110299e+01
1.240000000000000036e+01	-4.010302027663929891e+01
1.259999999999999964e+01	-4.003576328884780366e+01
1.280000000000000071e+01	-3.995700222198586715e+01
1.300000000000000000e+01	-3.986976398015398360e+01
1.319999999999999929e+01	-3.977774054825028571e+01
1.340000000000000036e+01	-3.968479380838897441e+01
1.359999999999999964e+01	-3.959453810088049153e+01
1.379999999999999893e+01	-3.950998289827688836e+01
1.400000000000000000e+01	-3.943323934716331536e+01
1.420000000000000107e+01	-3.936548869650039251e+01
1.440000000000000036e+01	-3.930704697025240080e+01
1.459999999999999964e+01	-3.925750366965760207e+01
1.480000000000000071e+01	-3.921594141179920712e+01
1.500000000000000000e+01	-3.918105821026114199e+01
1.519999999999999929e+01	-3.915130471403310963e+01
1.540000000000000036e+01	-3.912487377781227593e+01
1.559999999999999964e+01	-3.909973669780204375e+01
1.580000000000000071e+01	-3.907365830585155919e+01
1.600000000000000000e+01	-3.904434507054397585e+01
1.619999999999999929e+01	-3.900962952923722327e+01
1.640000000000000213e+01	-3.896779908351229693e+01
1.660000000000000142e+01	-3.891789421675061078e+01
1.680000000000000071e+01	-3.885995747280887258e+01
1.700000000000000000e+01	-3.879514078543245148e+01
1.719999999999999929e+01	-3.872561134256085325e+01
1.739999999999999858e+01	-3.865426709835200825e+01
1.760000000000000142e+01	-3.858430740898849365e+01
1.780000000000000071e+01	-3.851885283117123748e+01
1.800000000000000000e+01	-3.846051773726631495e+01
1.819999999999999929e+01	-3.841123428741958890e+01
1.839999999999999858e+01	-3.837213831618065996e+01
1.859999999999999787e+01	-3.834367633372059458e+01
1.880000000000000071e+01	-3.832579489829183217e+01
1.900000000000000000e+01	-3.831806403375453840e+01
1.919999999999999929e+01	-3.831982958309875187e+01
1.940000000000000213e+01	-3.833016379774785065e+01
1.959999999999999787e+01	-3.834779096933196740e+01
1.980000000000000071e+01	-3.837090463721414579e+01
2.000000000000000000e+01	-3.839706974896980540e+01
2.019999999999999929e+01	-3.842315036675723405e+01
2.040000000000000213e+01	-3.844548260235482928e+01
2.060000000000000142e+01	-3.846010963446966713e+01
2.080000000000000071e+01	-3.846322347449410017e+01
2.100000000000000000e+01	-3.845162261183499197e+01
2.119999999999999929e+01	-3.842315637143705942e+01
2.139999999999999858e+01	-3.837700191063532174e+01
2.160000000000000142e+01	-3.831382604070931563e+01
2.180000000000000071e+01	-3.823564825062629069e+01
2.200000000000000000e+01	-3.814562695547779470e+01
2.219999999999999929e+01	-3.804768872046278716e+01
2.239999999999999858e+01	-3.794607433012750874e+01
2.259999999999999787e+01	-3.784495985628663561e+01
2.280000000000000071e+01	-3.774814197736903765e+01
2.300000000000000000e+01	-3.765884259721143934e+01
2.319999999999999929e+01	-3.757957605413928803e+01
2.340000000000000213e+01	-3.751212836538409334e+01
2.359999999999999787e+01	-3.745754847778831476e+01
2.380000000000000071e+01	-3.741612943384821222e+01
2.400000000000000000e+01	-3.738741042708379325e+01
2.419999999999999929e+01	-3.737011965762545174e+01
2.440000000000000213e+01	-3.736218108108655400e+01
2.460000000000000142e+01	-3.736069400643012273e+01
2.480000000000000071e+01	-3.736205443933473447e+01
2.500000000000000000e+01	-3.736215711283799124e+01
2.519999999999999929e+01	-3.735671875153089871e+01
2.539999999999999858e+01	-3.734168209568409225e+01
2.560000000000000142e+01	-3.731364573007231655e+01
2.580000000000000071e+01	-3.727020641631933984e+01
2.600000000000000000e+01	-3.721021922505348556e+01
2.620000000000000284e+01	-3.713389919482459334e+01
2.639999999999999858e+01	-3.704271217055631382e+01
2.659999999999999787e+01	-3.693919022344955039e+01
2.680000000000000071e+01	-3.682661645640916959e+01
2.700000000000000000e+01	-3.670870208545689906e+01
2.719999999999999929e+01	-3.658930361721400004e+01
2.740000000000000213e+01	-3.647213996926451074e+01
2.759999999999999787e+01	-3.636061305286619927e+01
2.779999999999999716e+01	-3.625761159695310454e+01
2.800000000000000000e+01	-3.616538024092947978e+01
2.819999999999999929e+01	-3.608527152317248721e+01
2.840000000000000213e+01	-3.601764551047722307e+01
2.860000000000000142e+01	-3.596168612741133330e+01
2.880000000000000071e+01	-3.591538829903652896e+01
2.900000000000000000e+01	-3.587564190326017410e+01
2.919999999999999929e+01	-3.583846645993199331e+01
2.939999999999999858e+01	-3.579944694789549686e+01
2.960000000000000142e+01	-3.575426265692622252e+01
2.980000000000000071e+01	-3.569922902868635362e+01
3.000000000000000000e+01	-3.563183823666940242e+01
3.020000000000000284e+01	-3.555106843459272170e+01
3.039999999999999858e+01	-3.545748065979317687e+01
3.059999999999999787e+01	-3.535307451135984280e+01
3.080000000000000071e+01	-3.524089105540265621e+01
3.100000000000000000e+01	-3.512449384704020616e+01
3.119999999999999929e+01	-3.500738719755972284e+01
3.139999999999999858e+01	-3.489254564975817630e+01
3.160000000000000142e+01	-3.478208189208181267e+01
3.180000000000000071e+01	-3.467716137404351429e+01
3.200000000000000000e+01	-3.457810186719016343e+01
3.220000000000000284e+01	-3.448458724104327189e+01
3.239999999999999858e+01	-3.439598769631301423e+01
3.259999999999999432e+01	-3.431160695146813566e+01
3.280000000000000426e+01	-3.423088850892429491e+01
3.300000000000000000e+01	-3.415344897828706650e+01
3.320000000000000284e+01	-3.407904455728037618e+01
3.339999999999999858e+01	-3.400741520514201000e+01
3.360000000000000142e+01	-3.393815641839384512e+01
3.379999999999999716e+01	-3.387065934717870874e+01
3.400000000000000000e+01	-3.380411147528475624e+01
3.420000000000000284e+01	-3.373760775607389917e+01
3.439999999999999858e+01	-3.367042875423122439e+01
3.460000000000000142e+01	-3.360228392302576594e+01
3.479999999999999716e+01	-3.353352218555872355e+01
3.500000000000000000e+01	-3.346520453017199515e+01
3.520000000000000284e+01	-3.339902709819689619e+01
3.539999999999999858e+01	-3.333703692811594266e+01
3.560000000000000142e+01	-3.328123897280679699e+01
3.579999999999999716e+01	-3.323314981390601019e+01
3.600000000000000000e+01	-3.319342845531100750e+01
3.620000000000000284e+01	-3.316164911941937277e+01
3.639999999999999858e+01	-3.313636640895514773e+01
3.660000000000000142e+01	-3.311530706078593056e+01
3.679999999999999716e+01	-3.309578465000121383e+01
3.700000000000000000e+01	-3.307513714045092712e+01
3.719999999999999574e+01	-3.305112541225560108e+01
3.740000000000000568e+01	-3.302216086039867093e+01
3.760000000000000142e+01	-3.298731949529095431e+01
3.779999999999999716e+01	-3.294618392841774579e+01
3.800000000000000000e+01	-3.289860926555577691e+01
3.819999999999999574e+01	-3.284437490572994989e+01
3.839999999999999858e+01	-3.278298529864570554e+01
3.860000000000000142e+01	-3.271360763240966918e+01
3.880000000000000426e+01	-3.263514582249787566e+01
3.900000000000000000e+01	-3.254643641501289153e+01
3.919999999999999574e+01	-3.244656918591373795e+01
3.939999999999999858e+01	-3.233512877157608045e+01
3.960000000000000142e+01	-3.221243465586671562e+01
3.980000000000000426e+01	-3.207960739148108331e+01
4.000000000000000000e+01	-3.193848364260143669e+01
4.020000000000000284e+01	-3.179147103502666027e+01
4.039999999999999858e+01	-3.164130919346737159e+01
4.059999999999999432e+01	-3.149083030549873996e+01
4.080000000000000426e+01	-3.134278345181362013e+01
4.100000000000000000e+01	-3.119963201874833558e+01
4.120000000000000284e+01	-3.106352532916759301e+01
4.139999999999999858e+01	-3.093620496493322491e+01
4.160000000000000142e+01	-3.081903317670980158e+01
4.179999999999999716e+01	-3.071290947317236686e+01
4.200000000000000000e+01	-3.061818619542452780e+01
4.220000000000000284e+01	-3.053448720684657758e+01
4.239999999999999858e+01	-3.046054399415787017e+01
4.260000000000000142e+01	-3.039398019403081719e+01
4.279999999999999716e+01	-3.033139115254490648e+01
4.300000000000000000e+01	-3.026845667716910171e+01
4.320000000000000284e+01	-3.020036452745804922e+01
4.339999999999999858e+01	-3.012239064199369309e+01
4.360000000000000142e+01	-3.003056908915959866e+01
4.379999999999999716e+01	-2.992232120457023115e+01
4.400000000000000000e+01	-2.979688109668078155e+01
4.420000000000000284e+01	-2.965545645577356026e+01
4.439999999999999858e+01	-2.950098741395486357e+01
4.460000000000000142e+01	-2.933766086067945977e+01
4.479999999999999716e+01	-2.917025707072573226e+01
4.500000000000000000e+01	-2.900341998536880084e+01
4.519999999999999574e+01	-2.884108368898229457e+01
4.540000000000000568e+01	-2.868608342455259219e+01
4.560000000000000142e+01	-2.854006464301637536e+01
4.579999999999999716e+01	-2.840354970413766722e+01
4.600000000000000000e+01	-2.827616508464391387e+01
4.619999999999999574e+01	-2.815687692475851733e+01
4.639999999999999858e+01	-2.804423203403127474e+01
4.660000000000000142e+01	-2.793649187757842611e+01
4.680000000000000426e+01	-2.783159825789224584e+01
4.700000000000000000e+01	-2.772717944885373598e+01
4.719999999999999574e+01	-2.762051441023037768e+01
4.739999999999999858e+01	-2.750852481719142872e+01
4.760000000000000142e+01	-2.738797044305649209e+01
4.780000000000000426e+01	-2.725565866290207850e+01
4.800000000000000000e+01	-2.710882161172545324e+01
4.820000000000000284e+01	-2.694550163153542854e+01
4.839999999999999858e+01	-2.676478879377758346e+01
4.859999999999999432e+01	-2.656699469884086540e+01
4.880000000000000426e+01	-2.635358455204669426e+01
4.900000000000000000e+01	-2.612692037539600776e+01
4.920000000000000284e+01	-2.588995136320178148e+01
4.939999999999999858e+01	-2.564571376829436744e+01
4.960000000000000142e+01	-2.539694479931549154e+01
4.979999999999999716e+01	-2.514579695076170651e+01
5.000000000000000000e+01	-2.489368233571597244e+01
5.020000000000000284e+01	-2.464125565835589171e+01
5.039999999999999858e+01	-2.438849421701447540e+01
5.060000000000000142e+01	-2.413485488967098291e+01
5.079999999999999716e+01	-2.387940308336379758e+01
5.100000000000000000e+01	-2.362084726279974589e+01
5.120000000000000284e+01	-2.335762374565327093e+01
5.139999999999999858e+01	-2.308780819255258621e+01
5.160000000000000142e+01	-2.280908598231664186e+01
5.179999999999999716e+01	-2.251867601007000275e+01
5.200000000000000000e+01	-2.221335058737590273e+01
5.220000000000000284e+01	-2.188947097699309552e+01
5.240000000000000568e+01	-2.154313479773695406e+01
5.260000000000000142e+01	-2.117037656319080696e+01
5.279999999999999716e+01	-2.076734733570837221e+01
5.300000000000000000e+01	-2.033049999296737198e+01
5.319999999999999574e+01	-1.985677482583831122e+01
5.340000000000000568e+01	-1.934373512856961952e+01
5.360000000000000142e+01	-1.878964397610324255e+01
5.379999999999999716e+01	-1.819356004327246623e+01
5.400000000000000000e+01	-1.755545520131093085e+01
5.419999999999999574e+01	-1.687631517494263989e+01
5.439999999999999858e+01	-1.615827603115648614e+01
5.460000000000000142e+01	-1.540468154554821822e+01
5.480000000000000426e+01	-1.462007680026439083e+01
5.500000000000000000e+01	-1.381007406719561281e+01
5.519999999999999574e+01	-1.298103508230694558e+01
5.539999999999999858e+01	-1.213958247541822821e+01
5.559999999999999432e+01	-1.129211736782338882e+01
5.580000000000000426e+01	-1.044416243933260446e+01
5.600000000000000000e+01	-9.599947627539274109e+00
5.620000000000000284e+01	-8.762064054684369552e+00
5.639999999999999858e+01	-7.931468274025323062e+00
5.659999999999999432e+01	-7.107778450581561103e+00
5.680000000000000426e+01	-6.289755378964457577e+00
5.700000000000000000e+01	-5.476003959505462149e+00
5.720000000000000284e+01	-4.665723622636472001e+00
5.739999999999999858e+01	-3.859296584735812274e+00
5.760000000000000142e+01	-3.058635782748674092e+00
5.779999999999999716e+01	-2.267236124685441556e+00
5.800000000000000000e+01	-1.489831607065567054e+00
5.820000000000000284e+01	-7.318837255271303244e-01
5.839999999999999858e+01	1.067689708843633234e-03
5.860000000000000142e+01	7.040425280888770176e-01
5.879999999999999716e+01	1.373077874251437791e+00
5.900000000000000000e+01	2.005395307796876470e+00
5.920000000000000284e+01	2.599398848305404019e+00
5.939999999999999858e+01	3.154428278302645161e+00
5.960000000000000142e+01	3.670437818477378045e+00
5.979999999999999716e+01	4.147705119648803951e+00
6.000000000000000000e+01	4.586606522380670903e+00
6.019999999999999574e+01	4.987612237572331964e+00
6.040000000000000568e+01	5.351362023197483886e+00
6.060000000000000142e+01	5.678858871941541153e+00
6.079999999999999716e+01	5.971695229046479092e+00
6.100000000000000000e+01	6.232225257879389524e+00
6.119999999999999574e+01	6.463579580859832419e+00
6.140000000000000568e+01	6.669582901411010845e+00
6.160000000000000142e+01	6.854497850914369472e+00
6.180000000000000426e+01	7.022624780842970260e+00
6.200000000000000000e+01	7.177909152986826413e+00
6.219999999999999574e+01	7.323579915533787954e+00
6.239999999999999858e+01	7.461858011548985203e+00
6.260000000000000142e+01	7.593881539149371918e+00
6.279999999999999716e+01	7.719734537268521990e+00
6.300000000000000000e+01	7.838656975628103929e+00
6.320000000000000284e+01	7.949298883245138114e+00
6.339999999999999858e+01	8.049967014655146968e+00
6.360000000000000142e+01	8.138872419975367478e+00
6.379999999999999716e+01	8.214313687753941551e+00
6.400000000000000000e+01	8.274756670318055285e+00
6.419999999999998863e+01	8.318924426186026011e+00
6.440000000000000568e+01	8.345910506763759784e+00
6.460000000000000853e+01	8.355270102578341351e+00
6.479999999999999716e+01	8.347175653249113481e+00
6.500000000000000000e+01	8.322585614826110145e+00
6.519999999999998863e+01	8.283286381084035810e+00
6.540000000000000568e+01	8.231930962281152730e+00
6.560000000000000853e+01	8.171867373060818451e+00
6.579999999999999716e+01	8.106825003255481832e+00
6.600000000000000000e+01	8.040513287488899152e+00
6.619999999999998863e+01	7.976186788307733089e+00
6.640000000000000568e+01	7.916203847357536461e+00
6.660000000000000853e+01	7.861763512082767136e+00
6.679999999999999716e+01	7.812759280374573123e+00
6.700000000000000000e+01	7.767898141729284056e+00
6.720000000000000284e+01	7.724930225881802670e+00
6.740000000000000568e+01	7.680945224188954867e+00
6.759999999999999432e+01	7.632767393919135834e+00
6.779999999999999716e+01	7.577187520698741352e+00
6.800000000000000000e+01	7.511141986404332727e+00
6.820000000000000284e+01	7.431830641623630385e+00
6.840000000000000568e+01	7.336706463476453166e+00
6.859999999999999432e+01	7.223602685029674397e+00
6.879999999999999716e+01	7.090872382769674687e+00
6.900000000000000000e+01	6.937666450485366454e+00
6.920000000000000284e+01	6.764323996347364698e+00
6.940000000000000568e+01	6.572758242652286143e+00
6.959999999999999432e+01	6.366699070624195933e+00
6.979999999999999716e+01	6.151703647495760485e+00
7.000000000000000000e+01	5.934793595134665090e+00
7.020000000000000284e+01	5.723801791398791750e+00
7.040000000000000568e+01	5.526428949228940013e+00
7.059999999999999432e+01	5.349221456128175234e+00
7.079999999999999716e+01	5.196646420917984344e+00
7.100000000000000000e+01	5.070431373820285970e+00
7.120000000000000284e+01	4.969306641409492187e+00
7.140000000000000568e+01	4.889233374057101678e+00
7.159999999999999432e+01	4.823959787450383452e+00
7.179999999999999716e+01	4.765869063536284145e+00
7.200000000000000000e+01	4.707016558149178742e+00
7.220000000000000284e+01	4.640054715177994282e+00
7.240000000000000568e+01	4.559043256551258416e+00
7.259999999999999432e+01	4.459928182486575743e+00
7.279999999999999716e+01	4.340829639921748750e+00
7.300000000000000000e+01	4.201923697436978244e+00
7.320000000000000284e+01	4.045067352679842188e+00
7.340000000000000568e+01	3.873385514498814963e+00
7.359999999999999432e+01	3.690695647297667747e+00
7.380000000000001137e+01	3.501050296059045941e+00
7.400000000000000000e+01	3.308409185699807242e+00
7.420000000000000284e+01	3.116438307802374297e+00
7.439999999999999147e+01	2.928457485438819674e+00
7.459999999999999432e+01	2.747457825232043405e+00
7.480000000000001137e+01	2.576010452230806713e+00
7.500000000000000000e+01	2.416188633855377965e+00
7.520000000000000284e+01	2.269338484470960093e+00
7.539999999999999147e+01	2.135866102307629077e+00
7.559999999999999432e+01	2.015041880118541684e+00
7.580000000000001137e+01	1.904952325355434795e+00
7.600000000000000000e+01	1.802627541551534485e+00
7.620000000000000284e+01	1.704366293463936755e+00
7.639999999999999147e+01	1.606104531538461888e+00
7.659999999999999432e+01	1.503927745409565420e+00
7.679999999999999716e+01	1.394396890690695834e+00
7.700000000000000000e+01	1.274801793705355957e+00
7.720000000000000284e+01	1.143193859897568609e+00
7.739999999999999147e+01	9.983009236610789205e-01
7.760000000000000853e+01	8.393813822952134185e-01
7.779999999999999716e+01	6.660428971563878697e-01
7.800000000000000000e+01	4.781995804213823309e-01
7.820000000000000284e+01	2.760727609191246934e-01
7.839999999999999147e+01	6.028925210394568690e-02
7.860000000000000853e+01	-1.679515001729073032e-01
7.879999999999999716e+01	-4.067794535130134781e-01
7.900000000000000000e+01	-6.536612377052137823e-01
7.920000000000000284e+01	-9.055085536424622994e-01
7.939999999999999147e+01	-1.158932235502400099e+00
7.960000000000000853e+01	-1.410617495419029144e+00
7.979999999999999716e+01	-1.657648597673134772e+00
8.000000000000000000e+01	-1.897843377310779678e+00
8.019999999999998863e+01	-2.129902562633275487e+00
8.040000000000000568e+01	-2.353413593461000097e+00
8.060000000000000853e+01	-2.568707491962788136e+00
8.079999999999999716e+01	-2.776664378714055026e+00
8.100000000000000000e+01	-2.978511311645331894e+00
8.119999999999998863e+01	-3.175619583274600810e+00
8.140000000000000568e+01	-3.369439395004797166e+00
8.160000000000000853e+01	-3.561576549966166017e+00
8.179999999999999716e+01	-3.753856363797645201e+00
8.200000000000000000e+01	-3.948423474778100850e+00
8.219999999999998863e+01	-4.147757901295355154e+00
8.240000000000000568e+01	-4.354574561381873821e+00
8.260000000000000853e+01	-4.571630188977152898e+00
8.279999999999999716e+01	-4.801391491471068917e+00
8.300000000000000000e+01	-5.045643836596394038e+00
8.320000000000000284e+01	-5.305245796062011188e+00
8.340000000000000568e+01	-5.579865373981863108e+00
8.359999999999999432e+01	-5.867973273277605983e+00
8.379999999999999716e+01	-6.166922029091900015e+00
8.400000000000000000e+01	-6.473315330796051370e+00
8.420000000000000284e+01	-6.783370492563735255e+00
8.440000000000000568e+01	-7.093455648516787448e+00
8.459999999999999432e+01	-7.400536691339768325e+00
8.479999999999999716e+01	-7.702558474853723247e+00
8.500000000000000000e+01	-7.998665609506294238e+00
8.520000000000000284e+01	-8.289222455112097876e+00
8.540000000000000568e+01	-8.575648106351220434e+00
8.559999999999999432e+01	-8.860101330724949875e+00
8.579999999999999716e+01	-9.145028837139852484e+00
8.600000000000000000e+01	-9.432726156556135777e+00
8.620000000000000284e+01	-9.724929742862325810e+00
8.640000000000000568e+01	-1.002251028819835099e+01
8.659999999999999432e+01	-1.032537712479769354e+01
8.679999999999999716e+01	-1.063253739546828669e+01
8.700000000000000000e+01	-1.094228086270693900e+01
8.720000000000000284e+01	-1.125248985407376878e+01
8.740000000000000568e+01	-1.156097178909315915e+01
8.759999999999999432e+01	-1.186576029355520134e+01
8.779999999999999716e+01	-1.216531035091374946e+01
8.800000000000000000e+01	-1.245859400130758132e+01
8.820000000000000284e+01	-1.274509954007607959e+01
8.840000000000000568e+01	-1.302479178516371405e+01
8.859999999999999432e+01	-1.329798311877028638e+01
8.879999999999999716e+01	-1.356526216932737050e+01
8.900000000000000000e+01	-1.382746246818936875e+01
8.920000000000000284e+01	-1.408566716344100733e+01
8.939999999999999147e+01	-1.434124879621577264e+01
8.959999999999999432e+01	-1.459592944549898341e+01
8.980000000000001137e+01	-1.485178893579982251e+01
9.000000000000000000e+01	-1.511127042814291777e+01
9.020000000000000284e+01	-1.537709239172670195e+01
9.039999999999999147e+01	-1.565207742303998373e+01
9.059999999999999432e+01	-1.593897974483648028e+01
9.080000000000001137e+01	-1.624023606358359828e+01
9.100000000000000000e+01	-1.655773337592657768e+01
9.120000000000000284e+01	-1.689258320343120801e+01
9.139999999999999147e+01	-1.724496064019762542e+01
9.159999999999999432e+01	-1.761407619986592721e+01
9.180000000000001137e+01	-1.799823460806527464e+01
9.200000000000000000e+01	-1.839497778396943417e+01
9.220000000000000284e+01	-1.880123208066157403e+01
9.239999999999999147e+01	-1.921361657273612877e+01
9.260000000000000853e+01	-1.962859922505721855e+01
9.279999999999999716e+01	-2.004272640703248953e+01
9.300000000000000000e+01	-2.045273416138936184e+01
9.320000000000000284e+01	-2.085563039616758019e+01
9.339999999999999147e+01	-2.124877754071560076e+01
9.360000000000000853e+01	-2.163001575119050912e+01
9.379999999999999716e+01	-2.199773996678984744e+01
9.400000000000000000e+01	-2.235108186214182879e+01
9.420000000000000284e+01	-2.269005215694451039e+01
9.439999999999999147e+01	-2.301566720090124107e+01
9.460000000000000853e+01	-2.333000561191291666e+01
9.479999999999999716e+01	-2.363611638675923388e+01
9.500000000000000000e+01	-2.393779198665689023e+01
9.520000000000000284e+01	-2.423929371010815004e+01
9.540000000000000568e+01	-2.454490135130856387e+01
9.560000000000000853e+01	-2.485849336027068546e+01
9.579999999999999716e+01	-2.518316138403633175e+01
9.600000000000000000e+01	-2.552098243824234913e+01
9.619999999999998863e+01	-2.587284416480462923e+01
9.640000000000000568e+01	-2.623849662047667408e+01
9.660000000000000853e+01	-2.661660383765202553e+01
9.679999999999999716e+01	-2.700496343886576511e+01
9.700000000000000000e+01	-2.740068552656142842e+01
9.719999999999998863e+01	-2.780041820096865379e+01
9.740000000000000568e+01	-2.820056312549536415e+01
9.760000000000000853e+01	-2.859751252515387421e+01
9.779999999999999716e+01	-2.898786977608103399e+01
9.800000000000000000e+01	-2.936871920274016290e+01
9.819999999999998863e+01	-2.973783488771100636e+01
9.840000000000000568e+01	-3.009389324791915854e+01
9.859999999999999432e+01	-3.043656924802220942e+01
9.879999999999999716e+01	-3.076654536737725465e+01
9.900000000000000000e+01	-3.108541135232102448e+01
9.920000000000000284e+01	-3.139555069261590603e+01
9.940000000000000568e+01	-3.169988287150514594e+01
9.959999999999999432e+01	-3.200160955671225338e+01
9.979999999999999716e+01	-3.230400000552644713e+01
1.000000000000000000e+02	-3.261013626515661201e+01
1.002000000000000028e+02	-3.292273161301223183e+01
1.004000000000000057e+02	-3.324390695576417443e+01
1.005999999999999943e+02	-3.357495097706872400e+01
1.007999999999999972e+02	-3.391616979099985230e+01
1.010000000000000000e+02	-3.426672598601057729e+01
1.012000000000000028e+02	-3.462463049034823115e+01
1.014000000000000057e+02	-3.498684133810341024e+01
1.015999999999999943e+02	-3.534950465303458600e+01
1.017999999999999972e+02	-3.570827501243551438e+01
1.020000000000000000e+02	-3.605880443189435880e+01
1.022000000000000028e+02	-3.639707294319481434e+01
1.024000000000000057e+02	-3.671974805977698963e+01
1.025999999999999943e+02	-3.702436837696500049e+01
1.027999999999999972e+02	-3.730938874185807208e+01
1.030000000000000000e+02	-3.757414855525257025e+01
1.032000000000000028e+02	-3.781877221393722266e+01
1.034000000000000057e+02	-3.804397995533800980e+01
1.035999999999999943e+02	-3.825104614161165273e+01
1.037999999999999972e+02	-3.844168267895529567e+01
1.040000000000000000e+02	-3.861792615981403998e+01
1.042000000000000028e+02	-3.878210131285870688e+01
1.044000000000000057e+02	-3.893669992401027002e+01
1.045999999999999943e+02	-3.908427623861772560e+01
1.048000000000000114e+02	-3.922732758622902338e+01
1.050000000000000000e+02	-3.936812463582755584e+01
1.052000000000000028e+02	-3.950861736656717937e+01
1.053999999999999915e+02	-3.965026108668828897e+01
1.055999999999999943e+02	-3.979396834047565790e+01
1.058000000000000114e+02	-3.993999737627181901e+01
1.060000000000000000e+02	-4.008793625137381866e+01
1.062000000000000028e+02	-4.023672228329843392e+01
1.063999999999999915e+02	-4.038479295896731713e+01
1.065999999999999943e+02	-4.053027566522317926e+01
1.068000000000000114e+02	-4.067128237983452266e+01
1.070000000000000000e+02	-4.080620192062716001e+01
1.072000000000000028e+02	-4.093399312406187107e+01
1.073999999999999915e+02	-4.105430082716086559e+01
1.075999999999999943e+02	-4.116758106313094601e+01
1.078000000000000114e+02	-4.127496831614996609e+01
1.080000000000000000e+02	-4.137805126679943157e+01
1.082000000000000028e+02	-4.147859756634466066e+01
1.083999999999999915e+02	-4.157830912006304658e+01
1.086000000000000085e+02	-4.167857506464360284e+01
1.087999999999999972e+02	-4.178041372182681812e+01
1.090000000000000000e+02	-4.188443168725601851e+01
1.092000000000000028e+02	-4.199092484071000797e+01
1.093999999999999915e+02	-4.209997377342454428e+01
1.096000000000000085e+02	-4.221153895682630264e+01
1.097999999999999972e+02	-4.232549870358854349e+01
1.100000000000000000e+02	-4.244161074129061717e+01
1.102000000000000028e+02	-4.255940868199204630e+01
1.103999999999999915e+02	-4.267809394785923871e+01
1.106000000000000085e+02	-4.279647060501677913e+01
1.107999999999999972e+02	-4.291288488227223041e+01
1.110000000000000000e+02	-4.302531297948426925e+01
1.111999999999999886e+02	-4.313154015377348571e+01
1.114000000000000057e+02	-4.322936405593608100e+01
1.116000000000000085e+02	-4.331696101744518046e+01
1.117999999999999972e+02	-4.339307555644617764e+01
1.120000000000000000e+02	-4.345724347886449124e+01
1.121999999999999886e+02	-4.350986932883552782e+01
1.124000000000000057e+02	-4.355212435171844021e+01
1.126000000000000085e+02	-4.358581958135694379e+01
1.127999999999999972e+02	-4.361309640970833357e+01
1.130000000000000000e+02	-4.363620316825689827e+01
1.131999999999999886e+02	-4.365726391357146241e+01
1.134000000000000057e+02	-4.367815911527367234e+01
1.136000000000000085e+02	-4.370046753283926932e+01
1.137999999999999972e+02	-4.372544723826202784e+01
1.140000000000000000e+02	-4.375412943279415856e+01
1.142000000000000028e+02	-4.378732635277520302e+01
1.144000000000000057e+02	-4.382562520298707653e+01
1.145999999999999943e+02	-4.386932955214387420e+01
1.147999999999999972e+02	-4.391837706996359003e+01
1.150000000000000000e+02	-4.397222373768848058e+01
1.152000000000000028e+02	-4.402977223917616811e+01
1.154000000000000057e+02	-4.408935791366381096e+01
1.155999999999999943e+02	-4.414885249797989530e+01
1.157999999999999972e+02	-4.420582088235848772e+01
1.160000000000000000e+02	-4.425782310521557861e+01
1.162000000000000028e+02	-4.430276866111471179e+01
1.164000000000000057e+02	-4.433927407794775633e+01
1.165999999999999943e+02	-4.436695241214782470e+01
1.167999999999999972e+02	-4.438660501671575531e+01
1.170000000000000000e+02	-4.440016488019841034e+01
1.172000000000000028e+02	-4.441054995876670830e+01
1.174000000000000057e+02	-4.442131309887459167e+01
1.175999999999999943e+02	-4.443619307838842047e+01
1.177999999999999972e+02	-4.445876286160704183e+01
1.180000000000000000e+02	-4.449211744215886455e+01
1.182000000000000028e+02	-4.453868717608358452e+01
1.184000000000000057e+02	-4.460019650177179074e+01
1.185999999999999943e+02	-4.467767145467027490e+01
1.187999999999999972e+02	-4.477140681080496876e+01
1.190000000000000000e+02	-4.488094286388135856e+01
1.192000000000000028e+02	-4.500487934566638870e+01
1.194000000000000057e+02	-4.514067537770360872e+01
1.195999999999999943e+02	-4.528454629428874512e+01
1.197999999999999972e+02	-4.543140652543365832e+01
1.200000000000000000e+02	-4.557514776230334519e+01
1.202000000000000028e+02	-4.570910707984720034e+01
1.203999999999999915e+02	-4.582676117802645877e+01
1.205999999999999943e+02	-4.592252194640854412e+01
1.208000000000000114e+02	-4.599250457311202211e+01
1.210000000000000000e+02	-4.603501212056681879e+01
1.212000000000000028e+02	-4.605077106228458206e+01
1.213999999999999915e+02	-4.604277662392227199e+01
1.215999999999999943e+02	-4.601578956789556685e+01
1.218000000000000114e+02	-4.597565191627946746e+01
1.220000000000000000e+02	-4.592851040023465004e+01
1.222000000000000028e+02	-4.588007360184701611e+01
1.223999999999999915e+02	-4.583515247346753085e+01
1.225999999999999943e+02	-4.579735419046193812e+01
1.228000000000000114e+02	-4.576906577602649406e+01
1.230000000000000000e+02	-4.575163003488005131e+01
1.232000000000000028e+02	-4.574555759354751672e+01
1.233999999999999915e+02	-4.575077336774922543e+01
1.236000000000000085e+02	-4.576674291949096585e+01
1.237999999999999972e+02	-4.579249238778291442e+01
1.240000000000000000e+02	-4.582653493269464207e+01
1.242000000000000028e+02	-4.586676911702134873e+01
1.243999999999999915e+02	-4.591041101566309379e+01
1.246000000000000085e+02	-4.595406075297748316e+01
1.247999999999999972e+02	-4.599395441266584328e+01
1.250000000000000000e+02	-4.602630507038360719e+01
1.252000000000000028e+02	-4.604781975316171838e+01
1.254000000000000057e+02	-4.605611796613343500e+01
1.255999999999999943e+02	-4.605010983275263925e+01
1.257999999999999972e+02	-4.603019909511093744e+01
1.260000000000000000e+02	-4.599818099728143750e+01
1.262000000000000028e+02	-4.595706261259523018e+01
1.264000000000000057e+02	-4.591068074878453587e+01
1.265999999999999943e+02	-4.586327728757720479e+01
1.267999999999999972e+02	-4.581908258832999081e+01
1.270000000000000000e+02	-4.578199055083334201e+01
1.272000000000000028e+02	-4.575535409562164091e+01
1.274000000000000199e+02	-4.574182570212893495e+01
1.275999999999999943e+02	-4.574329762364640573e+01
1.277999999999999972e+02	-4.576083127122898020e+01
1.280000000000000000e+02	-4.579462011877575378e+01
1.282000000000000171e+02	-4.584392820948686165e+01
1.283999999999999773e+02	-4.590704779885378173e+01
1.285999999999999943e+02	-4.598127926403306986e+01
1.288000000000000114e+02	-4.606303429257467741e+01
1.290000000000000000e+02	-4.614800170239291788e+01
1.292000000000000171e+02	-4.623152334810473718e+01
1.293999999999999773e+02	-4.630894708071674870e+01
1.295999999999999943e+02	-4.637610872005249263e+01
1.298000000000000114e+02	-4.642981481968082846e+01
1.300000000000000000e+02	-4.646815011317631416e+01
1.302000000000000171e+02	-4.649069975778834163e+01
1.303999999999999773e+02	-4.649856001794078963e+01
1.305999999999999943e+02	-4.649411376800341600e+01
1.308000000000000114e+02	-4.648075482008798076e+01
1.310000000000000000e+02	-4.646241229792607186e+01
1.312000000000000171e+02	-4.644309820344915352e+01
1.313999999999999773e+02	-4.642653349050709721e+01
1.315999999999999943e+02	-4.641578754434198828e+01
1.318000000000000114e+02	-4.641307668425645971e+01
1.320000000000000000e+02	-4.641967131571824723e+01
1.322000000000000171e+02	-4.643590186767851691e+01
1.323999999999999773e+02	-4.646126305738806650e+01
1.325999999999999943e+02	-4.649452126575076250e+01
1.328000000000000114e+02	-4.653385272104703319e+01
1.330000000000000000e+02	-4.657695660826458095e+01
1.332000000000000171e+02	-4.662123470544313619e+01
1.333999999999999773e+02	-4.666390644401207055e+01
1.335999999999999943e+02	-4.670221308778396718e+01
1.338000000000000114e+02	-4.673361151803229774e+01
1.340000000000000000e+02	-4.675605109420878591e+01
1.342000000000000171e+02	-4.676821772003784616e+01
1.344000000000000057e+02	-4.676980467194828606e+01
1.345999999999999943e+02	-4.676162729048431999e+01
1.348000000000000114e+02	-4.674567809172202004e+01
1.350000000000000000e+02	-4.672499927325240776e+01
1.351999999999999886e+02	-4.670337812512578068e+01
1.354000000000000057e+02	-4.668488833616017075e+01
1.355999999999999943e+02	-4.667340256549516653e+01
1.358000000000000114e+02	-4.667204377371356827e+01
1.360000000000000000e+02	-4.668276605568456716e+01
1.361999999999999886e+02	-4.670603401313006486e+01
1.364000000000000057e+02	-4.674072651943338030e+01
1.365999999999999943e+02	-4.678427642344429671e+01
1.368000000000000114e+02	-4.683299894315398149e+01
1.370000000000000000e+02	-4.688254443893420387e+01
1.371999999999999886e+02	-4.692844042319757136e+01
1.374000000000000057e+02	-4.696657383567163890e+01
1.375999999999999943e+02	-4.699357636105607838e+01
