2.793999999999999773e+02	-4.781153021825350891e+01
2.796000000000000227e+02	-4.780381451828496608e+01
2.798000000000000114e+02	-4.777815278915181096e+01
2.800000000000000000e+02	-4.773672657930944752e+01
2.801999999999999886e+02	-4.768289526186180893e+01
2.803999999999999773e+02	-4.762078518642272229e+01
2.806000000000000227e+02	-4.755485354402455300e+01
2.808000000000000114e+02	-4.748939102425115522e+01
2.810000000000000000e+02	-4.742818641384444334e+01
2.811999999999999886e+02	-4.737434090036008882e+01
2.813999999999999773e+02	-4.733013724436987957e+01
2.816000000000000227e+02	-4.729716598296207053e+01
2.818000000000000114e+02	-4.727632254232140241e+01
2.820000000000000000e+02	-4.726793853288090475e+01
2.821999999999999886e+02	-4.727179175293502311e+01
2.823999999999999773e+02	-4.728704619328522085e+01
2.826000000000000227e+02	-4.731221975995304518e+01
2.828000000000000114e+02	-4.734505174120583604e+01
2.830000000000000000e+02	-4.738261326292928288e+01
2.831999999999999886e+02	-4.742146315081190266e+01
2.833999999999999773e+02	-4.745793764072823251e+01
2.836000000000000227e+02	-4.748859488747730495e+01
2.838000000000000114e+02	-4.751064584838955085e+01
2.840000000000000000e+02	-4.752239321605115663e+01
2.841999999999999886e+02	-4.752342106730995397e+01
2.843999999999999773e+02	-4.751473522294229213e+01
2.846000000000000227e+02	-4.749855334354975156e+01
2.848000000000000114e+02	-4.747801045717709911e+01
2.850000000000000000e+02	-4.745673351990252797e+01
2.851999999999999886e+02	-4.743832929131098552e+01
2.853999999999999773e+02	-4.742596638941398624e+01
2.856000000000000227e+02	-4.742205626110365557e+01
2.858000000000000114e+02	-4.742800275418980505e+01
2.860000000000000000e+02	-4.744412372014066648e+01
2.861999999999999886e+02	-4.746966790593862129e+01
2.863999999999999773e+02	-4.750292939282674354e+01
2.866000000000000227e+02	-4.754143892945351979e+01
2.868000000000000114e+02	-4.758218644387828533e+01
2.870000000000000000e+02	-4.762185486641514132e+01
2.871999999999999886e+02	-4.765707067453569579e+01
2.873999999999999773e+02	-4.768463566555026034e+01
2.876000000000000227e+02	-4.770174903899471985e+01
2.878000000000000114e+02	-4.770617957069801207e+01
2.880000000000000000e+02	-4.769642561022796201e+01
2.881999999999999886e+02	-4.767182325296851531e+01
2.883999999999999773e+02	-4.763264659452624272e+01
2.886000000000000227e+02	-4.758010025321338077e+01
2.888000000000000114e+02	-4.751624491293257080e+01
2.890000000000000000e+02	-4.744388919216900291e+01
2.891999999999999886e+02	-4.736633716519363446e+01
2.893999999999999773e+02	-4.728714483858747286e+01
2.896000000000000227e+02	-4.720977541041720826e+01
2.898000000000000114e+02	-4.713728223039790777e+01
2.900000000000000000e+02	-4.707212317435472215e+01
2.901999999999999886e+02	-4.701597637466888813e+01
2.903999999999999773e+02	-4.696975060781209521e+01
2.906000000000000227e+02	-4.693365151860874107e+01
2.908000000000000114e+02	-4.690731831414502295e+01
2.910000000000000000e+02	-4.689005028677381404e+01
2.911999999999999886e+02	-4.688080456222817105e+01
2.913999999999999773e+02	-4.687829136956219855e+01
2.916000000000000227e+02	-4.688091344887843803e+01
2.918000000000000114e+02	-4.688666341926334269e+01
2.920000000000000000e+02	-4.689306271014097405e+01
2.921999999999999886e+02	-4.689716088136633232e+01
2.923999999999999773e+02	-4.689570439379393463e+01
2.926000000000000227e+02	-4.688540009965692690e+01
2.928000000000000114e+02	-4.686331543864957894e+01
2.930000000000000000e+02	-4.682730605256510614e+01
2.931999999999999886e+02	-4.677632857732498195e+01
2.933999999999999773e+02	-4.671066469591416137e+01
2.936000000000000227e+02	-4.663189744480057186e+01
2.938000000000000114e+02	-4.654264638693066303e+01
2.940000000000000000e+02	-4.644624778213464111e+01
2.942000000000000455e+02	-4.634624917935988719e+01
2.943999999999999773e+02	-4.624599953339311753e+01
2.945999999999999659e+02	-4.614837142533208691e+01
2.948000000000000114e+02	-4.605561993807689447e+01
2.950000000000000000e+02	-4.596945605959861325e+01
2.952000000000000455e+02	-4.589121628516193852e+01
2.953999999999999773e+02	-4.582208174382727606e+01
2.955999999999999659e+02	-4.576323183311479426e+01
2.958000000000000114e+02	-4.571591906344296063e+01
2.960000000000000000e+02	-4.568134922953761645e+01
2.962000000000000455e+02	-4.566046587519900868e+01
2.963999999999999773e+02	-4.565362919184016732e+01
2.965999999999999659e+02	-4.566029840592079836e+01
2.968000000000000114e+02	-4.567888934829065306e+01
2.970000000000000000e+02	-4.570664375757591813e+01
2.972000000000000455e+02	-4.573979491120061169e+01
2.973999999999999773e+02	-4.577384602586517559e+01
2.975999999999999659e+02	-4.580400560221774242e+01
2.978000000000000114e+02	-4.582566356447637190e+01
2.980000000000000000e+02	-4.583486222246576602e+01
2.982000000000000455e+02	-4.582866183706451579e+01
2.983999999999999773e+02	-4.580538582628005884e+01
2.985999999999999659e+02	-4.576473303023750816e+01
2.988000000000000114e+02	-4.570776475378889359e+01
2.990000000000000000e+02	-4.563678310977001473e+01
2.992000000000000455e+02	-4.555514381160197956e+01
2.993999999999999773e+02	-4.546704404797577581e+01
2.995999999999999659e+02	-4.537723490438614249e+01
2.998000000000000114e+02	-4.529076041393481944e+01
3.000000000000000000e+02	-4.521261265844040622e+01
3.002000000000000455e+02	-4.514736708320110381e+01
3.003999999999999773e+02	-4.509883243464388869e+01
3.005999999999999659e+02	-4.506966459866200836e+01
3.008000000000000114e+02	-4.506109389120073416e+01
3.010000000000000000e+02	-4.507281747737070532e+01
3.012000000000000455e+02	-4.510299290729427923e+01
3.013999999999999773e+02	-4.514845809596955917e+01
3.015999999999999659e+02	-4.520508472652066700e+01
3.018000000000000114e+02	-4.526819089295506160e+01
3.020000000000000000e+02	-4.533305232859567013e+01
3.022000000000000455e+02	-4.539526128082630407e+01
3.023999999999999773e+02	-4.545103928617694322e+01
3.025999999999999659e+02	-4.549738063300418389e+01
3.028000000000000114e+02	-4.553202854904156993e+01
3.030000000000000000e+02	-4.555344759800593835e+01
3.032000000000000455e+02	-4.556063992943199992e+01
3.033999999999999773e+02	-4.555307531871520155e+01
3.035999999999999659e+02	-4.553064901420929544e+01
3.038000000000000114e+02	-4.549369222828777026e+01
3.040000000000000000e+02	-4.544304551128878700e+01
3.042000000000000455e+02	-4.538015189367546043e+01
3.043999999999999773e+02	-4.530706782613913219e+01
3.045999999999999659e+02	-4.522638422600494579e+01
3.048000000000000114e+02	-4.514106032007381231e+01
3.050000000000000000e+02	-4.505405237212178093e+01
3.052000000000000455e+02	-4.496803982269248934e+01
3.053999999999999773e+02	-4.488502081904107399e+01
3.055999999999999659e+02	-4.480604400586153702e+01
3.058000000000000114e+02	-4.473104415328690209e+01
3.060000000000000000e+02	-4.465889329565783328e+01
3.062000000000000455e+02	-4.458758485485151368e+01
3.063999999999999773e+02	-4.451454953058146202e+01
3.065999999999999659e+02	-4.443711864830694935e+01
3.068000000000000114e+02	-4.435292158639491333e+01
3.070000000000000000e+02	-4.426028948530037610e+01
3.071999999999999886e+02	-4.415855846803219009e+01
3.074000000000000341e+02	-4.404817409064524014e+01
3.075999999999999659e+02	-4.393075896626378807e+01
3.078000000000000114e+02	-4.380891377726861435e+01
3.080000000000000000e+02	-4.368601246979596198e+01
3.081999999999999886e+02	-4.356590491289562550e+01
3.084000000000000341e+02	-4.345260796711474427e+01
3.085999999999999659e+02	-4.334995332360711728e+01
3.088000000000000114e+02	-4.326134962738582601e+01
3.090000000000000000e+02	-4.318952854235616456e+01
3.091999999999999886e+02	-4.313629650359405332e+01
3.094000000000000341e+02	-4.310242394650764908e+01
3.095999999999999659e+02	-4.308749843246044975e+01
3.098000000000000114e+02	-4.308986393178529539e+01
3.100000000000000000e+02	-4.310664565967751827e+01
3.101999999999999886e+02	-4.313385407838235608e+01
3.104000000000000341e+02	-4.316663540142744893e+01
3.105999999999999659e+02	-4.319962080833554552e+01
3.108000000000000114e+02	-4.322739876398544112e+01
3.110000000000000000e+02	-4.324502250637905831e+01
3.111999999999999886e+02	-4.324850388205633323e+01
3.114000000000000341e+02	-4.323515403416472225e+01
3.115999999999999659e+02	-4.320383668849208902e+01
3.118000000000000114e+02	-4.315491551887046029e+01
3.120000000000000000e+02	-4.309011908564210103e+01
3.121999999999999886e+02	-4.301222026560142098e+01
3.124000000000000341e+02	-4.292463993851620074e+01
3.125999999999999659e+02	-4.283108849335220469e+01
3.128000000000000114e+02	-4.273527068800878936e+01
3.130000000000000000e+02	-4.264061988031951245e+01
3.131999999999999886e+02	-4.255015787427945639e+01
3.134000000000000341e+02	-4.246635128274937898e+01
3.135999999999999659e+02	-4.239099497859561438e+01
3.138000000000000114e+02	-4.232514852286947615e+01
3.140000000000000000e+02	-4.226904121019120453e+01
3.141999999999999886e+02	-4.222201480317602318e+01
3.144000000000000341e+02	-4.218257435341664063e+01
3.145999999999999659e+02	-4.214852481525621641e+01
3.148000000000000114e+02	-4.211720113688550526e+01
3.150000000000000000e+02	-4.208573803868448948e+01
3.151999999999999886e+02	-4.205143472022286488e+01
3.154000000000000341e+02	-4.201202215325964318e+01
3.155999999999999659e+02	-4.196599240688239263e+01
3.158000000000000114e+02	-4.191270381847328252e+01
3.160000000000000000e+02	-4.185247701794266817e+01
3.161999999999999886e+02	-4.178655896884868781e+01
3.164000000000000341e+02	-4.171698501044026841e+01
3.165999999999999659e+02	-4.164644751887259133e+01
3.168000000000000114e+02	-4.157804650572705185e+01
3.170000000000000000e+02	-4.151506239608491455e+01
3.171999999999999886e+02	-4.146074396547182062e+01
3.174000000000000341e+02	-4.141806135372049624e+01
3.175999999999999659e+02	-4.138946347932289171e+01
3.178000000000000114e+02	-4.137672779013013269e+01
3.180000000000000000e+02	-4.138082092735547235e+01
3.181999999999999886e+02	-4.140176703183233542e+01
3.184000000000000341e+02	-4.143860685063528848e+01
3.186000000000000227e+02	-4.148938095089677347e+01
3.187999999999999545e+02	-4.155112458564314437e+01
3.190000000000000000e+02	-4.161989658053232688e+01
3.191999999999999886e+02	-4.169087607654606131e+01
3.194000000000000341e+02	-4.175853328612458171e+01
3.196000000000000227e+02	-4.181697951574140859e+01
3.197999999999999545e+02	-4.186037105465396024e+01
3.200000000000000000e+02	-4.188346006628427887e+01
3.201999999999999886e+02	-4.188218285522903983e+01
3.204000000000000341e+02	-4.185414831962900450e+01
3.206000000000000227e+02	-4.179900391158604833e+01
3.207999999999999545e+02	-4.171853782130855137e+01
3.210000000000000000e+02	-4.161648599397669557e+01
3.211999999999999886e+02	-4.149815816310307071e+01
3.214000000000000341e+02	-4.136982556103379949e+01
3.216000000000000227e+02	-4.123805397615961255e+01
3.217999999999999545e+02	-4.110911659111744143e+01
3.220000000000000000e+02	-4.098841411386182898e+01
3.221999999999999886e+02	-4.088018308119076494e+01
3.224000000000000341e+02	-4.078728334954472956e+01
3.226000000000000227e+02	-4.071113475723177544e+01
3.227999999999999545e+02	-4.065183035728324512e+01
3.230000000000000000e+02	-4.060822780689196065e+01
3.231999999999999886e+02	-4.057815671631466614e+01
3.234000000000000341e+02	-4.055853785856204041e+01
3.236000000000000227e+02	-4.054564524613225274e+01
3.237999999999999545e+02	-4.053526031026652277e+01
3.240000000000000000e+02	-4.052300004388445132e+01
3.241999999999999886e+02	-4.050462324909257461e+01
3.244000000000000341e+02	-4.047642151484980388e+01
3.246000000000000227e+02	-4.043559219206050415e+01
3.247999999999999545e+02	-4.038052499276690810e+01
3.250000000000000000e+02	-4.031104201010214183e+01
3.251999999999999886e+02	-4.022843004464451155e+01
3.254000000000000341e+02	-4.013531891819341979e+01
3.256000000000000227e+02	-4.003543986664880094e+01
3.257999999999999545e+02	-3.993323169618961543e+01
3.260000000000000000e+02	-3.983340408399014620e+01
3.261999999999999886e+02	-3.974053270474976784e+01
3.264000000000000341e+02	-3.965870377885984510e+01
3.266000000000000227e+02	-3.959118044850465878e+01
3.267999999999999545e+02	-3.954023131195282303e+01
3.270000000000000000e+02	-3.950698826410302900e+01
3.271999999999999886e+02	-3.949140581732342525e+01
3.274000000000000341e+02	-3.949224802769236931e+01
3.276000000000000227e+02	-3.950715600867058441e+01
3.277999999999999545e+02	-3.953271331067564631e+01
3.280000000000000000e+02	-3.956458052372236978e+01
3.281999999999999886e+02	-3.959771375111240133e+01
3.284000000000000341e+02	-3.962663430916536811e+01
3.286000000000000227e+02	-3.964585366985394899e+01
3.287999999999999545e+02	-3.965032578781580241e+01
3.290000000000000000e+02	-3.963594616068044729e+01
3.291999999999999886e+02	-3.960002973250733760e+01
3.294000000000000341e+02	-3.954165487033011317e+01
3.296000000000000227e+02	-3.946177963969967095e+01
3.297999999999999545e+02	-3.936313060703754729e+01
3.300000000000000000e+02	-3.924982624596830760e+01
3.301999999999999886e+02	-3.912689385603801639e+01
3.304000000000000341e+02	-3.899964121338640410e+01
3.306000000000000227e+02	-3.887311677970113521e+01
3.307999999999999545e+02	-3.875175447066195034e+01
3.310000000000000000e+02	-3.863907878480318203e+01
3.311999999999999886e+02	-3.853774389325046457e+01
3.313999999999999773e+02	-3.844955645379006626e+01
3.316000000000000227e+02	-3.837565078133575014e+01
3.318000000000000114e+02	-3.831658470296275709e+01
3.320000000000000000e+02	-3.827240926186303227e+01
3.321999999999999886e+02	-3.824263294134485847e+01
3.323999999999999773e+02	-3.822612518350705102e+01
3.326000000000000227e+02	-3.822103134595993623e+01
3.328000000000000114e+02	-3.822464684925280665e+01
3.330000000000000000e+02	-3.823350359196479076e+01
3.331999999999999886e+02	-3.824349432924007886e+01
3.333999999999999773e+02	-3.825020745428469837e+01
3.336000000000000227e+02	-3.824933887152855050e+01
3.338000000000000114e+02	-3.823728175793495865e+01
3.340000000000000000e+02	-3.821158796190211859e+01
3.341999999999999886e+02	-3.817137755304852931e+01
3.343999999999999773e+02	-3.811757007917966433e+01
3.346000000000000227e+02	-3.805284921887078298e+01
3.348000000000000114e+02	-3.798138289630642817e+01
3.350000000000000000e+02	-3.790827058263658955e+01
3.351999999999999886e+02	-3.783893965536292114e+01
3.353999999999999773e+02	-3.777843678381435666e+01
3.356000000000000227e+02	-3.773090900503662937e+01
3.358000000000000114e+02	-3.769914250934106548e+01
3.360000000000000000e+02	-3.768433281726405681e+01
3.361999999999999886e+02	-3.768609434417836468e+01
3.363999999999999773e+02	-3.770257441636169915e+01
3.366000000000000227e+02	-3.773070791054448136e+01
3.368000000000000114e+02	-3.776653946132030626e+01
3.370000000000000000e+02	-3.780554984255760331e+01
3.371999999999999886e+02	-3.784303062160451958e+01
3.373999999999999773e+02	-3.787438274012809813e+01
3.376000000000000227e+02	-3.789541446592707530e+01
3.378000000000000114e+02	-3.790260026973639640e+01
3.380000000000000000e+02	-3.789329003722251343e+01
3.381999999999999886e+02	-3.786583270765839160e+01
3.383999999999999773e+02	-3.781969731501948218e+01
3.386000000000000227e+02	-3.775541566193152931e+01
3.388000000000000114e+02	-3.767457999810265790e+01
3.390000000000000000e+02	-3.757973302491021173e+01
3.391999999999999886e+02	-3.747421552190622407e+01
3.393999999999999773e+02	-3.736198673949984794e+01
3.396000000000000227e+02	-3.724739350941764826e+01
3.398000000000000114e+02	-3.713492285164169004e+01
3.400000000000000000e+02	-3.702890372258261920e+01
3.401999999999999886e+02	-3.693323689942406673e+01
3.403999999999999773e+02	-3.685110051701781231e+01
3.406000000000000227e+02	-3.678475763473687721e+01
3.408000000000000114e+02	-3.673540515805932927e+01
3.410000000000000000e+02	-3.670316442077603369e+01
3.411999999999999886e+02	-3.668704418804777134e+01
3.413999999999999773e+02	-3.668507385808132426e+01
3.416000000000000227e+02	-3.669443797137912355e+01
3.418000000000000114e+02	-3.671165853540316704e+01
3.420000000000000000e+02	-3.673278831017965018e+01
3.421999999999999886e+02	-3.675372675770903896e+01
3.423999999999999773e+02	-3.677049289586020109e+01
3.426000000000000227e+02	-3.677956339651875339e+01
3.428000000000000114e+02	-3.677822003568529396e+01
3.430000000000000000e+02	-3.676479185174876108e+01
3.431999999999999886e+02	-3.673883506986522463e+01
3.433999999999999773e+02	-3.670109856651665581e+01
3.436000000000000227e+02	-3.665335961259863495e+01
3.438000000000000114e+02	-3.659804556332873915e+01
3.440000000000000000e+02	-3.653786253028955855e+01
3.441999999999999886e+02	-3.647534858224351240e+01
3.443999999999999773e+02	-3.641254473648405110e+01
3.446000000000000227e+02	-3.635078831786493225e+01
3.448000000000000114e+02	-3.629071315174537915e+01
3.450000000000000000e+02	-3.623240102481357638e+01
3.451999999999999886e+02	-3.617563106345141932e+01
3.453999999999999773e+02	-3.612011781058825477e+01
3.456000000000000227e+02	-3.606573356796545227e+01
3.458000000000000114e+02	-3.601255013564593810e+01
3.460000000000000000e+02	-3.596073746078197075e+01
3.461999999999999886e+02	-3.591033612694183574e+01
3.463999999999999773e+02	-3.586098919335953639e+01
3.466000000000000227e+02	-3.581167537154231439e+01
3.468000000000000114e+02	-3.576068731148106394e+01
3.470000000000000000e+02	-3.570568217226836794e+01
3.471999999999999886e+02	-3.564398637351047938e+01
3.473999999999999773e+02	-3.557316100983616280e+01
3.476000000000000227e+02	-3.549146113850351014e+01
3.478000000000000114e+02	-3.539831256354398192e+01
3.480000000000000000e+02	-3.529452371557832890e+01
3.481999999999999886e+02	-3.518226377418503859e+01
3.483999999999999773e+02	-3.506483064882657885e+01
3.486000000000000227e+02	-3.494614851235900232e+01
3.488000000000000114e+02	-3.483021795987789915e+01
3.490000000000000000e+02	-3.472063175598319162e+01
3.491999999999999886e+02	-3.462019352083595436e+01
3.493999999999999773e+02	-3.453070551735671501e+01
3.496000000000000227e+02	-3.445294151360953094e+01
3.498000000000000114e+02	-3.438676694943100642e+01
3.500000000000000000e+02	-3.433135077918696254e+01
3.501999999999999886e+02	-3.428541438496108640e+01
3.503999999999999773e+02	-3.424742106622863247e+01
3.506000000000000227e+02	-3.421577776355578493e+01
3.508000000000000114e+02	-3.418891006950624245e+01
3.510000000000000000e+02	-3.416532765158435581e+01
3.511999999999999886e+02	-3.414366214952003276e+01
3.513999999999999773e+02	-3.412256618614841841e+01
3.516000000000000227e+02	-3.410072317859923885e+01
3.518000000000000114e+02	-3.407680365525452260e+01
3.520000000000000000e+02	-3.404948676704619004e+01
3.521999999999999886e+02	-3.401745749120285467e+01
3.523999999999999773e+02	-3.397951507085099365e+01
3.526000000000000227e+02	-3.393461617742993042e+01
3.528000000000000114e+02	-3.388200609218034742e+01
3.530000000000000000e+02	-3.382127213576936242e+01
3.531999999999999886e+02	-3.375238460640471061e+01
3.533999999999999773e+02	-3.367579050283183051e+01
3.536000000000000227e+02	-3.359239071180496694e+01
3.538000000000000114e+02	-3.350353139678244929e+01
3.540000000000000000e+02	-3.341090872857019889e+01
3.541999999999999886e+02	-3.331646739812804014e+01
3.543999999999999773e+02	-3.322223225865575102e+01
3.546000000000000227e+02	-3.313007349133603441e+01
3.548000000000000114e+02	-3.304155725377346187e+01
3.550000000000000000e+02	-3.295770692277503144e+01
3.551999999999999886e+02	-3.287892921898771448e+01
3.553999999999999773e+02	-3.280490300617127986e+01
3.556000000000000227e+02	-3.273459020998141256e+01
3.558000000000000114e+02	-3.266635408046161615e+01
3.560000000000000000e+02	-3.259812458630370458e+01
3.561999999999999886e+02	-3.252767706960308658e+01
3.563999999999999773e+02	-3.245292359129580007e+01
3.565999999999999659e+02	-3.237216548169599406e+01
3.568000000000000114e+02	-3.228438100233260855e+01
3.570000000000000000e+02	-3.218936926344467508e+01
3.572000000000000455e+02	-3.208774773343397158e+01
3.573999999999999773e+02	-3.198085976740341252e+01
3.575999999999999659e+02	-3.187056817388224061e+01
3.578000000000000114e+02	-3.175895512437594093e+01
3.580000000000000000e+02	-3.164813763175938988e+01
3.582000000000000455e+02	-3.154003448948890309e+01
3.583999999999999773e+02	-3.143627427235507099e+01
3.585999999999999659e+02	-3.133817633237510591e+01
3.588000000000000114e+02	-3.124670835714621475e+01
3.590000000000000000e+02	-3.116245673307277286e+01
3.592000000000000455e+02	-3.108553423447345310e+01
3.593999999999999773e+02	-3.101542289886801740e+01
3.595999999999999659e+02	-3.095084701014983608e+01
3.598000000000000114e+02	-3.088963371745654740e+01
3.600000000000000000e+02	-3.082871601199684974e+01
3.602000000000000455e+02	-3.076434593144705332e+01
3.603999999999999773e+02	-3.069245660875822779e+01
3.605999999999999659e+02	-3.060916579057294840e+01
3.608000000000000114e+02	-3.051131133984746668e+01
3.610000000000000000e+02	-3.039693614269211963e+01
3.612000000000000455e+02	-3.026563203082811171e+01
3.613999999999999773e+02	-3.011861830590099132e+01
3.615999999999999659e+02	-2.995857487757863069e+01
3.618000000000000114e+02	-2.978927609716405911e+01
3.620000000000000000e+02	-2.961510346960035989e+01
3.622000000000000455e+02	-2.944053501607036338e+01
3.623999999999999773e+02	-2.926966590271496216e+01
3.625999999999999659e+02	-2.910591199142421814e+01
3.628000000000000114e+02	-2.895187876941209026e+01
3.630000000000000000e+02	-2.880931403196100504e+01
3.632000000000000455e+02	-2.867923665741867012e+01
3.633999999999999773e+02	-2.856207203164213126e+01
3.635999999999999659e+02	-2.845776208164609500e+01
3.638000000000000114e+02	-2.836578472695464725e+01
3.640000000000000000e+02	-2.828509672950826115e+01
3.642000000000000455e+02	-2.821396339765389882e+01
3.643999999999999773e+02	-2.814984354464394301e+01
3.645999999999999659e+02	-2.808927271066395548e+01
3.648000000000000114e+02	-2.802793284164471999e+01
3.650000000000000000e+02	-2.796086244783496966e+01
3.652000000000000455e+02	-2.788288399769059822e+01
3.653999999999999773e+02	-2.778915180325570233e+01
3.655999999999999659e+02	-2.767576267269654267e+01
3.658000000000000114e+02	-2.754023547724996845e+01
3.660000000000000000e+02	-2.738188288560209216e+01
3.662000000000000455e+02	-2.720184955436457841e+01
3.663999999999999773e+02	-2.700298379981737185e+01
3.665999999999999659e+02	-2.678944771354626653e+01
3.668000000000000114e+02	-2.656614189483518373e+01
3.670000000000000000e+02	-2.633820460473398128e+01
3.672000000000000455e+02	-2.611049573484123698e+01
3.673999999999999773e+02	-2.588715977105650623e+01
3.675999999999999659e+02	-2.567142251423121024e+01
3.678000000000000114e+02	-2.546545864583373131e+01
3.680000000000000000e+02	-2.527039876804911600e+01
3.682000000000000455e+02	-2.508634294856637226e+01
3.683999999999999773e+02	-2.491239312732482603e+01
3.685999999999999659e+02	-2.474668668528204307e+01
3.688000000000000114e+02	-2.458638433813797519e+01
3.690000000000000000e+02	-2.442766838687458630e+01
3.691999999999999886e+02	-2.426575826028991401e+01
3.694000000000000341e+02	-2.409502845797919335e+01
3.695999999999999659e+02	-2.390927800030831918e+01
3.698000000000000114e+02	-2.370210448891632282e+01
3.700000000000000000e+02	-2.346742420698787157e+01
3.701999999999999886e+02	-2.319996404206725060e+01
3.704000000000000341e+02	-2.289577361755267759e+01
3.705999999999999659e+02	-2.255253030512206180e+01
3.708000000000000114e+02	-2.216965907968077332e+01
3.710000000000000000e+02	-2.174821453700817031e+01
3.711999999999999886e+02	-2.129059879153966506e+01
3.714000000000000341e+02	-2.080008866221900377e+01
3.715999999999999659e+02	-2.028036811428226116e+01
3.718000000000000114e+02	-1.973506376237388338e+01
3.720000000000000000e+02	-1.916740161483674143e+01
3.721999999999999886e+02	-1.857997839794929718e+01
3.724000000000000341e+02	-1.797463352452589191e+01
3.725999999999999659e+02	-1.735241445373867464e+01
3.728000000000000114e+02	-1.671367348298782574e+01
3.730000000000000000e+02	-1.605817596198239627e+01
3.731999999999999886e+02	-1.538518300590046373e+01
3.734000000000000341e+02	-1.469359986737224588e+01
3.735999999999999659e+02	-1.398210856340721264e+01
3.738000000000000114e+02	-1.324930483339014842e+01
3.740000000000000000e+02	-1.249390436794897141e+01
3.741999999999999886e+02	-1.171489898436366239e+01
3.744000000000000341e+02	-1.091185274007855455e+01
3.745999999999999659e+02	-1.008513939616860888e+01
3.748000000000000114e+02	-9.236188223892876081e+00
3.750000000000000000e+02	-8.367712257409827714e+00
3.751999999999999886e+02	-7.483744239420722089e+00
3.754000000000000341e+02	-6.589600613809183827e+00
3.755999999999999659e+02	-5.691748124307877355e+00
3.758000000000000114e+02	-4.797440571539467236e+00
3.760000000000000000e+02	-3.914345367615347016e+00
3.761999999999999886e+02	-3.050189977910914063e+00
3.764000000000000341e+02	-2.212348882285778195e+00
3.765999999999999659e+02	-1.407550261050123819e+00
3.768000000000000114e+02	-6.415856458460293954e-01
3.770000000000000000e+02	8.088182025603911363e-02
3.771999999999999886e+02	7.564881422855228577e-01
3.774000000000000341e+02	1.383303381579310543e+00
3.775999999999999659e+02	1.961006961085855593e+00
3.778000000000000114e+02	2.490924050806603951e+00
3.780000000000000000e+02	2.975978524279906168e+00
3.781999999999999886e+02	3.420547210908515545e+00
3.784000000000000341e+02	3.830055756305644987e+00
3.785999999999999659e+02	4.210522616104827698e+00
3.788000000000000114e+02	4.567844524776104365e+00
3.790000000000000000e+02	4.907204355921966688e+00
3.791999999999999886e+02	5.232452110535998457e+00
3.794000000000000341e+02	5.545804063616348145e+00
3.795999999999999659e+02	5.847718449618669823e+00
3.798000000000000114e+02	6.137058783313247723e+00
3.800000000000000000e+02	6.411488672375243780e+00
3.801999999999999886e+02	6.668034670001064868e+00
3.804000000000000341e+02	6.903620648476803012e+00
3.805999999999999659e+02	7.115474761894526878e+00
3.808000000000000114e+02	7.301481713989915079e+00
3.810000000000000000e+02	7.460325184620157479e+00
3.811999999999999886e+02	7.591494406524121885e+00
3.814000000000000341e+02	7.695181493901293912e+00
3.816000000000000227e+02	7.772181519306931463e+00
3.817999999999999545e+02	7.823806507005521382e+00
3.820000000000000000e+02	7.851810532626571693e+00
3.821999999999999886e+02	7.858413908458039110e+00
3.824000000000000341e+02	7.846285654373727603e+00
3.826000000000000227e+02	7.818567328461867305e+00
3.827999999999999545e+02	7.778760513410005295e+00
3.830000000000000000e+02	7.730538702276630758e+00
3.831999999999999886e+02	7.677473408296954460e+00
3.834000000000000341e+02	7.622703442459217271e+00
3.836000000000000227e+02	7.568552819079547689e+00
3.837999999999999545e+02	7.516328975570354842e+00
3.840000000000000000e+02	7.466202264726106819e+00
3.841999999999999886e+02	7.417301944112860923e+00
3.844000000000000341e+02	7.367966507676587895e+00
3.846000000000000227e+02	7.316045382077651205e+00
3.847999999999999545e+02	7.259269123536214785e+00
3.850000000000000000e+02	7.195537000637804326e+00
3.851999999999999886e+02	7.123057140566966261e+00
3.854000000000000341e+02	7.040421356021465904e+00
3.856000000000000227e+02	6.946626572252457166e+00
3.857999999999999545e+02	6.841047253817774454e+00
3.860000000000000000e+02	6.723519698689902846e+00
3.861999999999999886e+02	6.594468797831091855e+00
3.864000000000000341e+02	6.455024239153063448e+00
3.866000000000000227e+02	6.307207561797478768e+00
3.867999999999999545e+02	6.153923969759260260e+00
3.870000000000000000e+02	5.998921518294223709e+00
3.871999999999999886e+02	5.846477326856043710e+00
3.874000000000000341e+02	5.701038579867566902e+00
3.876000000000000227e+02	5.566665121058736787e+00
3.877999999999999545e+02	5.446568729969325950e+00
3.880000000000000000e+02	5.342700294903953484e+00
3.881999999999999886e+02	5.255472181273849408e+00
3.884000000000000341e+02	5.183725776495584192e+00
3.886000000000000227e+02	5.124887296611392529e+00
3.887999999999999545e+02	5.075357970657176310e+00
3.890000000000000000e+02	5.030979290341081267e+00
3.891999999999999886e+02	4.987555465232686558e+00
3.894000000000000341e+02	4.941285243580284536e+00
3.896000000000000227e+02	4.889084374754085083e+00
3.897999999999999545e+02	4.828702388430668790e+00
3.900000000000000000e+02	4.758698581160607510e+00
3.901999999999999886e+02	4.678269364602043900e+00
3.904000000000000341e+02	4.587042345687259548e+00
3.906000000000000227e+02	4.484870196158041722e+00
3.907999999999999545e+02	4.371717888089719395e+00
3.910000000000000000e+02	4.247694165248761422e+00
3.911999999999999886e+02	4.113124680226843743e+00
3.914000000000000341e+02	3.968777118032241091e+00
3.916000000000000227e+02	3.815992277185582537e+00
3.917999999999999545e+02	3.656809104161304447e+00
3.920000000000000000e+02	3.493912499019240503e+00
3.921999999999999886e+02	3.330449324553506951e+00
3.924000000000000341e+02	3.169700368000549329e+00
3.926000000000000227e+02	3.014698439498481708e+00
3.927999999999999545e+02	2.867743800747035277e+00
3.930000000000000000e+02	2.730149521693109094e+00
3.931999999999999886e+02	2.601976244285629569e+00
3.934000000000000341e+02	2.482113187285670097e+00
3.936000000000000227e+02	2.368415562551006825e+00
3.938000000000000114e+02	2.258011208226555322e+00
3.940000000000000000e+02	2.147674475937660254e+00
3.941999999999999886e+02	2.034104905692191601e+00
3.943999999999999773e+02	1.914095631203286407e+00
3.946000000000000227e+02	1.784650409397535942e+00
3.948000000000000114e+02	1.642953943199043199e+00
3.950000000000000000e+02	1.486419093853275308e+00
3.951999999999999886e+02	1.312751909623472546e+00
3.953999999999999773e+02	1.120183330862317916e+00
3.956000000000000227e+02	9.077793978441938139e-01
3.958000000000000114e+02	6.758289645895285691e-01
3.960000000000000000e+02	4.261267228442651156e-01
3.961999999999999886e+02	1.620961573429067770e-01
3.963999999999999773e+02	-1.113841584082335828e-01
3.966000000000000227e+02	-3.884016801634751492e-01
3.968000000000000114e+02	-6.626321551624942963e-01
3.970000000000000000e+02	-9.280953617039540138e-01
3.971999999999999886e+02	-1.179896891985071417e+00
3.973999999999999773e+02	-1.414719441347787932e+00
3.976000000000000227e+02	-1.631094600813171258e+00
3.978000000000000114e+02	-1.829396250985528827e+00
3.980000000000000000e+02	-2.011570438107047387e+00
3.981999999999999886e+02	-2.180746195919571750e+00
3.983999999999999773e+02	-2.340695222322072055e+00
3.986000000000000227e+02	-2.495422516224083953e+00
3.988000000000000114e+02	-2.648796190588210919e+00
3.990000000000000000e+02	-2.804314449480347804e+00
3.991999999999999886e+02	-2.965031073020663932e+00
3.993999999999999773e+02	-3.133524017401152051e+00
3.996000000000000227e+02	-3.311992286536922236e+00
3.998000000000000114e+02	-3.502274755388975258e+00
4.000000000000000000e+02	-3.705825121433455660e+00
4.001999999999999886e+02	-3.923662695764082997e+00
4.003999999999999773e+02	-4.156230337226038074e+00
4.006000000000000227e+02	-4.403246715023525937e+00
4.008000000000000114e+02	-4.663574095728700186e+00
4.010000000000000000e+02	-4.935199098817129482e+00
4.011999999999999886e+02	-5.215344292970518048e+00
4.013999999999999773e+02	-5.500665517019927897e+00
4.016000000000000227e+02	-5.787618041271471725e+00
4.018000000000000114e+02	-6.072849777510374913e+00
4.020000000000000000e+02	-6.353597760870338007e+00
4.021999999999999886e+02	-6.627986911380574497e+00
4.023999999999999773e+02	-6.895169145294435253e+00
4.026000000000000227e+02	-7.155320093930539471e+00
4.028000000000000114e+02	-7.409462420495175117e+00
4.030000000000000000e+02	-7.659156296161221178e+00
4.031999999999999886e+02	-7.906126128023005073e+00
4.033999999999999773e+02	-8.151950573657938293e+00
4.036000000000000227e+02	-8.397771543575439424e+00
4.038000000000000114e+02	-8.644160450079748870e+00
4.040000000000000000e+02	-8.891117115891310263e+00
4.041999999999999886e+02	-9.138212178587549417e+00
4.043999999999999773e+02	-9.384791272091376868e+00
4.046000000000000227e+02	-9.630162880227237210e+00
4.048000000000000114e+02	-9.873769175901136563e+00
4.050000000000000000e+02	-1.011527333479327595e+01
4.051999999999999886e+02	-1.035454936361432843e+01
4.053999999999999773e+02	-1.059161398032604495e+01
4.056000000000000227e+02	-1.082658618545415230e+01
4.058000000000000114e+02	-1.105963965706516738e+01
4.060000000000000000e+02	-1.129106921225895732e+01
4.061999999999999886e+02	-1.152134319897077397e+01
4.063999999999999773e+02	-1.175124322025254919e+01
4.066000000000000227e+02	-1.198193174115918680e+01
4.068000000000000114e+02	-1.221496717675442056e+01
4.070000000000000000e+02	-1.245220761818142741e+01
4.071999999999999886e+02	-1.269565168453652149e+01
4.073999999999999773e+02	-1.294726122007647540e+01
4.076000000000000227e+02	-1.320872543183849146e+01
4.078000000000000114e+02	-1.348134032812584593e+01
4.080000000000000000e+02	-1.376591995546210612e+01
4.081999999999999886e+02	-1.406285151660485155e+01
4.083999999999999773e+02	-1.437215185830183550e+01
4.086000000000000227e+02	-1.469352985991361749e+01
4.088000000000000114e+02	-1.502647550130231124e+01
4.090000000000000000e+02	-1.537027725785389265e+01
4.091999999999999886e+02	-1.572399277099813197e+01
4.093999999999999773e+02	-1.608640476554715804e+01
4.096000000000000227e+02	-1.645592475207719474e+01
4.098000000000000114e+02	-1.683061617165188650e+01
4.100000000000000000e+02	-1.720816528400035494e+01
4.101999999999999886e+02	-1.758602948003405686e+01
4.103999999999999773e+02	-1.796160232814650470e+01
4.106000000000000227e+02	-1.833240991127262021e+01
4.108000000000000114e+02	-1.869637479191344909e+01
4.110000000000000000e+02	-1.905201554810779641e+01
4.111999999999999886e+02	-1.939863657964385624e+01
4.113999999999999773e+02	-1.973644522703875737e+01
4.116000000000000227e+02	-2.006655072442963927e+01
4.118000000000000114e+02	-2.039093265028628821e+01
4.120000000000000000e+02	-2.071228703227583878e+01
4.121999999999999886e+02	-2.103381917927350742e+01
4.123999999999999773e+02	-2.135893174046112719e+01
4.126000000000000227e+02	-2.169091769117948587e+01
4.128000000000000114e+02	-2.203262717674339655e+01
4.130000000000000000e+02	-2.238616970175929310e+01
4.131999999999999886e+02	-2.275272117018338491e+01
4.133999999999999773e+02	-2.313243611413380307e+01
4.136000000000000227e+02	-2.352443679629489992e+01
4.138000000000000114e+02	-2.392693462712263042e+01
4.140000000000000000e+02	-2.433738589366021188e+01
4.141999999999999886e+02	-2.475263486119080625e+01
4.143999999999999773e+02	-2.516909862604578052e+01
4.146000000000000227e+02	-2.558288350359640262e+01
4.148000000000000114e+02	-2.598998909458610029e+01
4.150000000000000000e+02	-2.638649446069485904e+01
4.151999999999999886e+02	-2.676889407496861750e+01
4.153999999999999773e+02	-2.713447454348566268e+01
4.156000000000000227e+02	-2.748161622502856005e+01
4.158000000000000114e+02	-2.781020376522006998e+01
4.160000000000000000e+02	-2.812174058178518266e+01
4.161999999999999886e+02	-2.841933017196261702e+01
4.163999999999999773e+02	-2.870742070078898678e+01
4.166000000000000227e+02	-2.899133320458425445e+01
4.168000000000000114e+02	-2.927671412501441139e+01
4.170000000000000000e+02	-2.956895506029983167e+01
4.171999999999999886e+02	-2.987272903009365521e+01
4.173999999999999773e+02	-3.019161061560478032e+01
4.176000000000000227e+02	-3.052794834199211138e+01
4.178000000000000114e+02	-3.088286206847552506e+01
4.180000000000000000e+02	-3.125624256870372619e+01
4.181999999999999886e+02	-3.164693625536795096e+01
4.183999999999999773e+02	-3.205276555075848677e+01
4.186000000000000227e+02	-3.247066968247280982e+01
4.188000000000000114e+02	-3.289677220380753653e+01
4.190000000000000000e+02	-3.332649739455424509e+01
4.192000000000000455e+02	-3.375480870142002487e+01
4.193999999999999773e+02	-3.417642777354276973e+01
4.195999999999999659e+02	-3.458621333226273009e+01
4.198000000000000114e+02	-3.497955305679589344e+01
4.200000000000000000e+02	-3.535273210816114187e+01
4.202000000000000455e+02	-3.570321066251780451e+01
4.203999999999999773e+02	-3.602984286089854749e+01
4.205999999999999659e+02	-3.633290020069811277e+01
4.208000000000000114e+02	-3.661395743843880979e+01
4.210000000000000000e+02	-3.687564816736960438e+01
4.212000000000000455e+02	-3.712133223868243448e+01
4.213999999999999773e+02	-3.735470220806162445e+01
4.215999999999999659e+02	-3.757945197260102788e+01
4.218000000000000114e+02	-3.779898747905664180e+01
4.220000000000000000e+02	-3.801626691831615545e+01
4.222000000000000455e+02	-3.823375851048496088e+01
4.223999999999999773e+02	-3.845346756679431621e+01
4.225999999999999659e+02	-3.867698345011329053e+01
4.228000000000000114e+02	-3.890554063740496105e+01
4.230000000000000000e+02	-3.913996792814953807e+01
4.232000000000000455e+02	-3.938060459560057325e+01
4.233999999999999773e+02	-3.962710529607157639e+01
4.235999999999999659e+02	-3.987834781756859570e+01
4.238000000000000114e+02	-4.013237564253447687e+01
4.240000000000000000e+02	-4.038643355968519444e+01
4.242000000000000455e+02	-4.063718436989348959e+01
4.243999999999999773e+02	-4.088103302921697235e+01
4.245999999999999659e+02	-4.111444903663980455e+01
4.248000000000000114e+02	-4.133436673419002005e+01
4.250000000000000000e+02	-4.153844977514597758e+01
4.252000000000000455e+02	-4.172524619716698879e+01
4.253999999999999773e+02	-4.189430605920717454e+01
4.255999999999999659e+02	-4.204615298626593045e+01
4.258000000000000114e+02	-4.218218128355324126e+01
4.260000000000000000e+02	-4.230455813644893226e+01
4.262000000000000455e+02	-4.241608418857328644e+01
4.263999999999999773e+02	-4.251999520464860893e+01
4.265999999999999659e+02	-4.261978376810987612e+01
4.268000000000000114e+02	-4.271893188639820949e+01
4.270000000000000000e+02	-4.282065068216131465e+01
4.272000000000000455e+02	-4.292758115794393348e+01
4.273999999999999773e+02	-4.304149301954672069e+01
4.275999999999999659e+02	-4.316307152366076139e+01
4.278000000000000114e+02	-4.329175926372253969e+01
4.280000000000000000e+02	-4.342574550743166384e+01
4.282000000000000455e+02	-4.356212854259873524e+01
4.283999999999999773e+02	-4.369725142297290432e+01
4.285999999999999659e+02	-4.382710581121664717e+01
4.288000000000000114e+02	-4.394791185648270471e+01
4.290000000000000000e+02	-4.405668147689212333e+01
4.292000000000000455e+02	-4.415162258725196409e+01
4.293999999999999773e+02	-4.423241728838861064e+01
4.295999999999999659e+02	-4.430025945564883472e+01
4.298000000000000114e+02	-4.435763543186488533e+01
4.300000000000000000e+02	-4.440791680743902958e+01
4.302000000000000455e+02	-4.445478630014386567e+01
4.303999999999999773e+02	-4.450165257448963985e+01
4.305999999999999659e+02	-4.455123876721437881e+01
4.308000000000000114e+02	-4.460525613053739846e+01
4.310000000000000000e+02	-4.466427653165627731e+01
4.312000000000000455e+02	-4.472788230399622478e+01
4.313999999999999773e+02	-4.479490395826437066e+01
4.315999999999999659e+02	-4.486380218247654739e+01
4.318000000000000114e+02	-4.493292048655577275e+01
4.320000000000000000e+02	-4.500077523940839086e+01
4.321999999999999886e+02	-4.506617554178154705e+01
4.324000000000000341e+02	-4.512826180699249079e+01
4.325999999999999659e+02	-4.518641755537370841e+01
4.328000000000000114e+02	-4.524017221905572939e+01
4.330000000000000000e+02	-4.528909409591017265e+01
4.331999999999999886e+02	-4.533275673774095083e+01
4.334000000000000341e+02	-4.537079936447972273e+01
4.335999999999999659e+02	-4.540300030109402485e+01
4.338000000000000114e+02	-4.542946580972608217e+01
4.340000000000000000e+02	-4.545078973142720713e+01
4.341999999999999886e+02	-4.546813599910073833e+01
4.344000000000000341e+02	-4.548332524077724770e+01
4.345999999999999659e+02	-4.549872567980650473e+01
4.348000000000000114e+02	-4.551709592451551600e+01
4.350000000000000000e+02	-4.554135903292436183e+01
4.351999999999999886e+02	-4.557433616785230868e+01
4.354000000000000341e+02	-4.561846524302086436e+01
4.355999999999999659e+02	-4.567558947988318607e+01
4.358000000000000114e+02	-4.574682528754133415e+01
4.360000000000000000e+02	-4.583243525118319184e+01
4.361999999999999886e+02	-4.593179534471443048e+01
4.364000000000000341e+02	-4.604338217273101463e+01
4.365999999999999659e+02	-4.616479996329200475e+01
4.368000000000000114e+02	-4.629286795292856027e+01
4.370000000000000000e+02	-4.642375131877778927e+01
4.371999999999999886e+02	-4.655315916818411637e+01
4.374000000000000341e+02	-4.667673011347311274e+01
4.375999999999999659e+02	-4.679037442744185427e+01
4.378000000000000114e+02	-4.689072959851389300e+01
4.380000000000000000e+02	-4.697552159400915883e+01
4.381999999999999886e+02	-4.704384215886172171e+01
4.384000000000000341e+02	-4.709619553347251042e+01
4.385999999999999659e+02	-4.713436893712954401e+01
4.388000000000000114e+02	-4.716106754903972131e+01
4.390000000000000000e+02	-4.717948888076488601e+01
4.391999999999999886e+02	-4.719289985218091488e+01
4.394000000000000341e+02	-4.720418026432335523e+01
4.395999999999999659e+02	-4.721560143483812055e+01
4.398000000000000114e+02	-4.722865870444518066e+01
4.400000000000000000e+02	-4.724412891478312559e+01
4.401999999999999886e+02	-4.726208108952385345e+01
4.404000000000000341e+02	-4.728200819551236123e+01
4.405999999999999659e+02	-4.730297108353914126e+01
4.408000000000000114e+02	-4.732370172998005842e+01
4.410000000000000000e+02	-4.734276532696516426e+01
4.411999999999999886e+02	-4.735868284553129826e+01
4.414000000000000341e+02	-4.737014854726276525e+01
